||class android.content.Context:public abstract java.lang.Object android.content.Context.getSystemService(java.lang.String)||class android.os.storage.StorageManager:public long android.os.storage.StorageManager.getAllocatableBytes(java.util.UUID) throws java.io.IOException
2910138368|1, 2910126080|744, 2910130176|1305, 2910134272|1611, 2910142464|2197, 2910138368|2266, 2910105600|2331, 2910101504|2411, 2910142464|2495, 2910068736|3111, 2910142464|3176, 2910138368|3879, 2910134272|7305, 2910138368|7399, 2910126080|9106, 2910138368|9166, 2910126080|10206, 2910138368|10254, 2910121984|10308, 2910138368|10469, pyongyang, 
2910060544|1, 2910056448|1372, 2910048256|1490, 2910052352|1949, 2910056448|2258, 2910064640|2788, 2910023680|2881, 2910064640|2967, 2910060544|3520, 2910064640|3607, 2910060544|4469, 2910064640|4531, 2910060544|4600, 2910064640|4688, 2910035968|5259, 2910064640|5338, 2910052352|9550, 2910064640|9611, 2910048256|10210, 2910064640|10305, 2910019584|15083, 2910064640|15143, pyongyang, 
2910060544|1, 2910044160|1413, 2910048256|1463, 2910052352|1941, 2910060544|2785, 2910056448|5107, 2910060544|5175, 2910052352|6381, 2910027776|6527, 2910035968|6626, 2910023680|6795, 2910019584|6884, 2910048256|6946, 2910015488|7025, 2910040064|7075, 2910064640|7148, 2910060544|7210, 2910056448|7285, 2910048256|7353, 2910011392|7463, 2910003200|7517, 2910035968|7567, 2910031872|7640, 2910027776|7677, 2910023680|7747, 2909941760|7792, 2910019584|7874, 2910044160|7933, 2910023680|7999, 2910085120|8075, 2910081024|8132, 2910044160|8420, 2910081024|8475, 2910076928|8550, 2910081024|8597, 2910085120|8820, 2910081024|8883, 2910076928|8947, 2910052352|9043, 2910044160|9096, 2910048256|9156, 2910015488|9204, 2910031872|9268, 2910023680|9318, 2909999104|10963, 2909954048|15103, 2909999104|15156, the+great+wall, 
2909995008|1, 2909990912|950, 2909995008|1032, 2909990912|1174, 2909995008|1246, 2909986816|1367, 2909982720|1409, 2909978624|1858, 2909986816|1951, 2909995008|2699, 2909929472|2773, 2909933568|2857, 2909937664|3605, 2909933568|3668, 2909937664|3739, 2909888512|4804, 2909941760|4868, 2909900800|5002, 2909954048|5072, 2909949952|7591, 2909945856|7674, 2909929472|8745, 2909945856|8808, 2909802496|11806, 2909536256|11849, 2909806592|11926, mt.+everest, 
2909773824|1, 2909769728|1388, 2909761536|1525, 2909757440|1708, 2909761536|1775, 2909765632|1894, 2909732864|2297, 2909761536|2368, 2909765632|2441, 2909773824|2943, 2909745152|3020, 2909708288|3104, 2909745152|3187, 2909741056|4015, 2909736960|5408, 2909741056|5476, 2909736960|5543, 2909642752|8645, 2909691904|8731, 2909675520|10442, 2909691904|10572, 2909556736|12582, 2909536256|14244, 2909503488|14383, burj+khalifa, 
2909478912|1, 2909474816|1370, 2909470720|1421, 2909474816|1903, 2909437952|2267, 2909474816|2326, 2909478912|2394, 2909536256|2893, 2909384704|2964, 2909515776|3051, 2909511680|3823, 2909478912|4822, 2909503488|4935, 2909523968|6289, 2909544448|6368, 2909560832|6455, 2909544448|8146, 2909560832|8226, 2909462528|9421, 2909450240|9830, 2909462528|9931, 2909446144|11365, 2909462528|11449, cape+town, 
2909458432|1, 2909454336|1192, 2909446144|1750, 2909450240|1881, 2909454336|2791, 2909413376|3647, 2909454336|3740, 2909425664|6465, 2909454336|6751, 2909442048|11075, 2909454336|11173, 2909442048|11498, 2909454336|11580, 2909409280|15171, 2909454336|15235, toronto+canada, 
2909450240|1, 2909446144|1386, 2909437952|1773, 2909442048|1919, 2909450240|3429, 2909433856|4795, 2909507584|4896, 2909483008|5079, 2909450240|5176, 2909442048|8503, 2909433856|8603, 2909417472|8712, 2909429760|8799, 2909425664|8896, 2909417472|8967, 2909396992|10585, 2909364224|10731, 2909302784|10829, 2909286400|10920, 2909237248|11009, 2909224960|14702, 2909409280|14812, 2909372416|15197, 2909409280|15337, colosseum+rome, 
2909372416|1, 2909368320|1373, 2909360128|1599, 2909364224|1913, 2909360128|2426, 2909364224|2486, 2909360128|2927, 2909368320|3439, 2909302784|3516, 2909290496|3651, 2909302784|3759, 2909306880|4481, 2909302784|7263, 2909310976|7331, 2909306880|7683, 2909302784|8710, 2909306880|8827, 2909261824|11494, eiffel+tower, 
2909233152|1, 2909229056|1066, 2909233152|1620, 2909224960|1708, 2909220864|1924, 2909224960|1989, 2909192192|2662, 2909224960|2730, 2909233152|3464, 2909224960|4394, 2909229056|4482, 2909298688|6386, 2909310976|6698, 2909302784|8366, 2909310976|8516, 2909294592|11362, 2909310976|11430, 2909274112|15171, 2909310976|15265, toronto+canada, 
2909298688|1, 2909294592|1213, 2909298688|1284, 2909294592|1364, 2909286400|1764, 2909290496|1979, 2909274112|3544, 2909298688|3653, 2909257728|3768, 2909298688|3874, 2909294592|4334, 2909298688|4429, 2909224960|5037, 2909298688|5139, 2909274112|7783, 2909298688|7847, 2909286400|9871, 2909298688|10002, 2909286400|11457, 2909294592|11541, 2909298688|11630, 2909282304|12159, 2909298688|12241, 2909253632|15173, 2909298688|15237, pyeongchang, 
2909278208|1, 2909274112|1330, 2909265920|1754, 2909270016|1824, 2909265920|2711, 2909270016|2792, 2909278208|3404, 2909335552|4666, 2909331456|4770, 2909274112|5174, 2909278208|6372, 2909274112|6444, 2909270016|7069, 2909257728|7342, 2909253632|7500, 2909245440|7652, 2909241344|8407, 2909245440|8502, 2909241344|8901, 2909245440|8985, 2909233152|10048, 2909245440|10146, 2909224960|13310, 2909179904|15153, 2909224960|15224, pyramids+of+giza, 
2909212672|1, 2909208576|1362, 2909200384|1701, 2909204480|1920, 2909200384|2197, 2909204480|2263, 2909138944|3532, 2909097984|3768, 2909134848|3883, 2909138944|3981, 2909134848|4480, 2909138944|4615, 2909147136|6587, 2909106176|6766, 2909163520|6859, 2909159424|7761, 2909163520|7872, 2909147136|11394, 2909163520|11516, pyongyang, 
2909151232|1, 2909147136|1358, 2909143040|1848, 2909138944|1982, 2909143040|2053, 2909151232|3470, 2909122560|6834, 2909151232|6924, 2909147136|9485, 2909151232|9593, 2909138944|10005, 2909151232|10123, 2909134848|10237, 2909151232|10409, 2909147136|15398, taipei+101, 
2909134848|1, 2909130752|1389, 2909122560|1672, 2909126656|1887, 2909093888|2706, 2909126656|2779, 2909122560|2849, 2909126656|3553, 2909093888|3661, 2909130752|3749, 2909057024|5275, 2909130752|5350, 2909122560|6890, 2909114368|7120, 2909065216|10776, 2909073408|10843, 2909061120|11099, 2909057024|11208, 2909073408|11282, petronas+towers, 
2909048832|1, 2909044736|1386, 2909036544|1670, 2909040640|1912, 2909044736|2794, 2909052928|3514, 2909044736|4317, 2909052928|4444, 2909036544|4856, 2909110272|4995, 2909106176|5095, 2909048832|5201, 2909032448|5598, 2908995584|7676, 2909081600|7795, 2909073408|8266, 2909040640|8620, 2909065216|8716, 2909052928|9645, 2909065216|9734, 2909048832|9850, 2909065216|9953, 2908913664|13908, pyramids+of+giza, 
2908901376|1, 2908897280|1356, 2908893184|1861, 2908889088|2024, 2908893184|2089, 2908860416|2689, 2908893184|2757, 2908884992|2832, 2908893184|3306, 2908733440|3389, 2908794880|3492, 2908835840|3582, 2908803072|4462, 2908835840|4569, 2908762112|5186, 2908835840|5247, 2908831744|6748, 2908835840|6807, 2908844032|6873, 2908811264|7111, 2908852224|7196, 2908860416|7265, 2908835840|7743, 2908860416|7812, singapore, 
2908852224|1, 2908848128|1387, 2908839936|1711, 2908844032|1957, 2908839936|2176, 2908844032|2252, 2908811264|2633, 2908844032|2713, 2908852224|3393, 2908848128|4615, 2908852224|4712, 2908848128|5725, 2908844032|6764, 2908831744|9657, 2908844032|9758, 2908831744|10225, 2908844032|10297, 2908827648|10705, 2908844032|10823, 2908848128|14333, 2908844032|14401, mt.+everest, 
2908831744|1, 2908827648|1356, 2908819456|1754, 2908823552|1913, 2908790784|2799, 2908823552|2894, 2908819456|3324, 2908827648|3505, 2908798976|3682, 2908827648|3791, 2908753920|5308, 2908827648|5395, 2908790784|6416, 2908827648|6507, 2908823552|6659, 2908811264|7655, 2908823552|7721, 2908667904|9912, 2908782592|10053, big+ben, 
2908758016|1, 2908753920|1379, 2908749824|1541, 2908753920|1617, 2908741632|1770, 2908745728|1840, 2908749824|1894, 2908717056|2645, 2908749824|2722, 2908758016|3349, 2908753920|4278, 2908680192|4748, 2908753920|4824, 2908745728|6156, 2908651520|6548, 2908798976|6631, 2908794880|8339, 2908798976|8433, 2908749824|10366, 2908733440|11092, 2908749824|11248, burj+khalifa, 
2908725248|1, 2908721152|1280, 2908717056|1502, 2908721152|1560, 2908712960|1752, 2908717056|1873, 2908712960|2223, 2908717056|2295, 2908680192|2623, 2908721152|2701, 2908672000|3343, 2908704768|3444, 2908729344|3542, 2908725248|3800, 2908721152|6727, 2908635136|7658, 2908737536|7762, 2908762112|7833, 2908753920|7919, 2908749824|8935, 2908753920|8995, 2908737536|9725, 2908753920|9820, 2908741632|10452, 2908737536|10554, 2908688384|11037, 2908639232|11106, 2908684288|11193, 2908672000|12151, 2908684288|12255, 2908667904|12787, 2908684288|12858, eiffel+tower, 
2908667904|1, 2908663808|1271, 2908659712|1571, 2908655616|1662, 2908659712|1828, 2908655616|2243, 2908659712|2325, 2908655616|2597, 2908659712|2652, 2908561408|3210, 2908667904|3335, 2908663808|4215, 2908590080|4604, 2908663808|4675, 2908733440|7012, 2908745728|7256, 2908741632|8684, 2908745728|8812, 2908643328|9574, 2908626944|10085, 2908643328|10281, toronto+canada, 
2908631040|1, 2908626944|1306, 2908618752|1713, 2908622848|1890, 2908631040|3206, 2908594176|3404, 2908631040|3502, 2908635136|4676, 2908631040|4754, 2908598272|6472, 2908626944|6567, 2908622848|6741, 2908606464|9340, 2908622848|9416, 2908581888|11228, 2908561408|11297, 2908573696|11373, 2908557312|12069, 2908573696|12232, big+ben, 
2908553216|1, 2908549120|1344, 2908540928|1727, 2908545024|1886, 2908516352|3350, 2908512256|3464, 2908553216|3556, 2908532736|4304, 2908549120|4401, 2908606464|6611, 2908602368|6707, 2908606464|6764, 2908590080|11386, 2908606464|11452, mt.+everest, 
2908594176|1, 2908590080|1423, 2908581888|1753, 2908585984|1906, 2908594176|3255, 2908553216|3376, 2908594176|3459, 2908520448|4792, 2908594176|4887, 2908577792|7103, 2908581888|7309, 2908569600|7544, 2908557312|10315, 2908569600|10380, 2908524544|10702, 2908491776|11086, 2908508160|11177, 2908524544|11270, mirabell+gardens, 
2908504064|1, 2908499968|1371, 2908495872|1928, 2908463104|2800, 2908499968|2877, 2908508160|3540, 2908381184|3608, 2908467200|3720, 2908508160|3796, 2908504064|4526, 2908499968|4642, 2908504064|4800, 2908553216|6867, 2908557312|6931, 2908561408|7107, 2908557312|10146, 2908561408|10243, 2908545024|11862, 2908561408|11948, 2908471296|12045, 2908512256|12122, 2908467200|15173, 2908512256|15260, acropolis, 
2908504064|1, 2908499968|1351, 2908491776|1700, 2908495872|1852, 2908499968|2617, 2908495872|2836, 2908504064|3508, 2908471296|3721, 2908504064|3817, 2908508160|4362, 2908487680|4459, 2908504064|4557, 2908520448|6922, 2908557312|7004, 2908512256|7078, 2908561408|7155, 2908545024|11329, 2908520448|11550, 2908512256|11614, 2908508160|11683, 2908463104|15124, 2908508160|15215, big+ben, 
2908487680|1, 2908483584|1193, 2908487680|1279, 2908483584|1361, 2908475392|1677, 2908479488|1886, 2908446720|2625, 2908479488|2702, 2908487680|3359, 2908483584|3480, 2908446720|3581, 2908487680|3662, 2908483584|4805, 2908491776|4903, 2908545024|5010, 2908487680|5300, 2908483584|6726, 2908487680|6814, 2908475392|7061, 2908487680|7126, 2908532736|8288, 2908491776|8447, 2908524544|8526, 2908491776|8813, 2908520448|8865, 2908479488|8935, 2908512256|8997, 2908495872|9145, 2908512256|9271, 2908467200|15132, 2908512256|15205, colosseum+rome, 
2908491776|1, 2908483584|324, 2908491776|419, 2908487680|1309, 2908479488|1805, 2908483584|1903, 2908487680|2299, 2908483584|2359, 2908491776|3400, 2908446720|3535, 2908491776|3655, 2908442624|6322, 2908504064|6407, 2908512256|6504, 2908524544|6599, 2908520448|7736, 2908524544|7806, 2908508160|8227, 2908524544|8285, 2908512256|10203, 2908524544|10291, 2908512256|10806, 2908524544|10879, 2908508160|11035, 2908524544|11265, 2908491776|15142, 2908524544|15239, wencelas+square+prague, 
2908512256|1, 2908508160|1323, 2908499968|1729, 2908504064|1871, 2908409856|3399, 2908512256|3482, 2908508160|6866, 2908495872|10871, 2908508160|10954, 2908491776|11131, 2908508160|11356, 2908471296|15105, 2908508160|15185, mt.+everest, 
2908491776|1, 2908487680|1320, 2908479488|1718, 2908483584|1873, 2908491776|3427, 2908487680|3516, 2908450816|3649, 2908491776|3770, 2908442624|6846, 2908475392|6929, 2908463104|7168, 2908450816|9853, 2908463104|9940, 2908426240|11278, 2908409856|12067, 2908426240|12258, mirabell+gardens, 
2908401664|1, 2908397568|1338, 2908393472|1591, 2908389376|1652, 2908393472|1896, 2908356608|2613, 2908397568|2683, 2908405760|3365, 2908381184|3545, 2908405760|3634, 2908377088|4307, 2908401664|4440, 2908397568|4672, 2908401664|4806, 2908303360|6628, 2908454912|6741, 2908459008|6974, 2908381184|11475, 2908405760|11540, 2908393472|12312, 2908389376|12385, 2908405760|12471, 2908368896|15212, 2908405760|15286, petronas+towers, 
2908381184|1, 2908377088|1378, 2908368896|1689, 2908364800|1828, 2908372992|1895, 2908368896|2197, 2908372992|2245, 2908377088|2599, 2908385280|3297, 2908356608|3547, 2908344320|3634, 2908385280|3737, 2908381184|4481, 2908426240|6410, 2908430336|6533, 2908426240|6621, 2908381184|6773, 2908426240|6865, 2908409856|8535, 2908426240|8609, 2908422144|9710, 2908426240|9819, 2908381184|10675, 2908377088|10802, 2908360704|11416, 2908377088|11575, mirabell+gardens, 
2908364800|1, 2908360704|1132, 2908364800|1233, 2908360704|1358, 2908352512|1681, 2908356608|1924, 2908360704|2668, 2908368896|3438, 2908340224|3555, 2908368896|3638, 2908364800|4499, 2908368896|4717, 2908364800|4811, 2908291072|4973, 2908364800|5065, 2908270592|6973, 2908409856|7078, 2908377088|7151, 2908409856|7246, 2908397568|8025, 2908409856|8088, 2908397568|10035, 2908409856|10113, 2908360704|10876, 2908356608|10934, 2908323840|15139, 2908356608|15233, eiffel+tower, 
2908348416|1, 2908344320|1296, 2908340224|1594, 2908344320|1679, 2908336128|1831, 2908340224|1917, 2908336128|2382, 2908340224|2442, 2908344320|2980, 2908340224|3084, 2908270592|3384, 2908348416|3484, 2908344320|4153, 2908348416|4225, 2908344320|4352, 2908340224|4687, 2908344320|4783, 2908413952|6295, 2908426240|6575, 2908409856|7964, 2908426240|8026, 2908413952|10650, 2908426240|10739, 2908409856|10833, 2908426240|10952, 2908381184|15138, 2908426240|15226, pyeongchang, 
2908401664|1, 2908397568|1299, 2908389376|1588, 2908393472|1841, 2908401664|3238, 2908364800|6411, 2908397568|6497, 2908385280|6879, 2908381184|7317, 2908372992|7826, 2908360704|8543, 2908372992|8638, 2908360704|8994, 2908372992|9058, 2908360704|9877, 2908372992|9959, 2908377088|12712, 2908372992|12778, pyramids+of+giza, 
2908352512|1, 2908348416|1327, 2908340224|1577, 2908344320|1930, 2908311552|2661, 2908344320|2738, 2908352512|3504, 2908311552|3711, 2908352512|3816, 2908409856|4760, 2908336128|5407, 2908352512|5479, 2908340224|8300, 2908332032|8454, 2908291072|8571, 2908332032|8668, 2908336128|8742, 2908286976|8827, 2908327936|8911, 2908340224|8990, 2908336128|9050, 2908340224|9200, 2908307456|9264, 2908340224|9360, 2908299264|9817, 2908348416|9891, 2908311552|10025, 2908307456|10112, 2908348416|10224, 2908311552|10325, 2908315648|10401, 2908344320|10546, 2908340224|10670, 2908344320|10735, 2908336128|10806, 2908291072|11025, 2908336128|11105, 2908332032|11177, 2908336128|11275, 2908295168|11343, 2908344320|11409, 2908303360|11494, 2908340224|11582, 2908344320|11665, 2908348416|11874, 2908340224|12040, 2908336128|12168, 2908340224|12230, 2908332032|12296, the+great+wall, 
2908327936|1, 2908323840|1344, 2908315648|1688, 2908319744|1918, 2908327936|3344, 2908192768|3418, 2908327936|3505, 2908291072|3582, 2908327936|3722, 2908332032|4527, 2908336128|6787, 2908291072|6865, 2908348416|6954, 2908344320|10459, 2908348416|10545, 2908327936|11080, 2908344320|11198, 2908311552|11459, peking, 
2908299264|1, 2908295168|1340, 2908286976|1806, 2908291072|1881, 2908143616|3402, 2908282880|3526, 2908299264|3604, 2908258304|3670, 2908299264|3746, 2908225536|4765, 2908299264|4861, 2908258304|6535, 2908254208|6616, 2908286976|6696, 2908274688|6873, 2908221440|10122, 2908229632|10205, 2908213248|11183, 2908229632|11276, 2908184576|15142, 2908229632|15218, eiffel+tower, 
2908209152|1, 2908205056|1353, 2908196864|1680, 2908200960|1896, 2908196864|2124, 2908200960|2194, 2908098560|3298, 2908209152|3395, 2908205056|4499, 2908090368|6535, 2908241920|6634, 2908274688|6693, 2908286976|6790, 2908262400|7784, 2908286976|7843, 2908274688|10723, 2908286976|10812, 2908270592|10940, 2908286976|11018, 2908291072|14240, 2908286976|14325, sydney+harbour, 
2908258304|1, 2908254208|1318, 2908246016|1550, 2908250112|1861, 2908155904|3300, 2908221440|3402, 2908258304|3496, 2908246016|4204, 2908217344|6575, 2908246016|6663, 2908221440|7729, 2908246016|7793, 2908233728|10787, 2908246016|10880, 2908045312|14998, 2908246016|15102, taipei+101, 
2908229632|1, 2908225536|1297, 2908217344|1829, 2908221440|1928, 2908090368|3452, 2908151808|3544, 2908180480|3644, 2908176384|4510, 2908180480|6500, 2908147712|6606, 2908176384|6757, 2908172288|7558, 2908176384|7625, 2908164096|9748, 2908176384|9838, 2908160000|11968, 2908176384|12181, singapore, 
2908164096|1, 2908160000|1227, 2908151808|1690, 2908155904|1849, 2908151808|1932, 2908155904|2010, 2908151808|2226, 2908155904|2309, 2908160000|2686, 2908053504|3416, 2908151808|3511, 2908131328|3600, 2908168192|3682, 2908164096|4340, 2908135424|4446, 2908168192|4548, 2908164096|4653, 2908131328|6696, 2908164096|6784, 2908151808|9896, 2908164096|10000, 2908151808|11557, 2908164096|11641, 2908147712|11949, 2908164096|12072, singapore, 
2908151808|1, 2908143616|340, 2908151808|408, 2908147712|1401, 2908151808|1883, 2908143616|1966, 2908151808|3480, 2908114944|3574, 2908151808|3658, 2908147712|4720, 2908151808|4805, 2908123136|6668, 2908110848|6759, 2908135424|6862, 2908123136|10047, 2908041216|10175, 2908090368|10267, acropolis, 
2908073984|1, 2908069888|1397, 2908061696|1775, 2908065792|1905, 2908061696|2273, 2908065792|2342, 2908069888|2699, 2908065792|2877, 2908073984|3402, 2908045312|3504, 2908073984|3602, 2908078080|4474, 2908061696|4955, 2908131328|5087, 2908073984|5386, 2908024832|7713, 2908119040|7829, 2908078080|8031, 2908110848|8141, 2908065792|8375, 2908102656|8471, 2908086272|9072, 2908102656|9171, colosseum+rome, 
2908073984|1, 2908069888|1317, 2908061696|1617, 2908065792|1935, 2908073984|3200, 2908041216|4387, 2908073984|4477, 2908069888|4579, 2908073984|4671, 2908082176|6702, 2908078080|9263, 2908082176|9385, 2908069888|9700, 2908082176|9911, 2908037120|10409, 2908020736|10581, 2908037120|10759, 2907992064|14818, 2907660288|14900, 2908037120|14979, 2908016640|15070, 2907971584|15162, 2908016640|15238, petronas+towers, 
2908008448|1, 2908004352|1371, 2907996160|1663, 2908000256|1736, 2908004352|1874, 2908008448|2624, 2908033024|3318, 2907987968|3433, 2907963392|3506, 2907987968|3604, 2907983872|4403, 2908008448|6687, 2907996160|6758, 2908049408|6832, 2908033024|8190, 2908049408|8264, 2908037120|8911, 2908049408|8973, 2908033024|11300, 2908049408|11481, cape+town, 
2908041216|1, 2908037120|1356, 2908033024|1520, 2908028928|1601, 2908033024|1907, 2908028928|2117, 2908033024|2187, 2908037120|2703, 2908045312|3288, 2908024832|4472, 2908045312|4587, 2907971584|4929, 2908045312|5006, 2908033024|8750, 2908045312|8841, 2908028928|10931, 2908045312|11021, 2908000256|15140, 2908049408|15214, 2908045312|15271, peking, 
2908024832|1, 2908020736|1350, 2908012544|1598, 2908016640|1902, 2908024832|3264, 2908004352|3424, 2908024832|3527, 2908020736|4224, 2908024832|4323, 2908012544|6799, 2908000256|7061, 2907987968|10087, 2908000256|10159, 2907906048|10248, 2907947008|10333, 2907930624|10703, 2907947008|10788, eiffel+tower, 
2907922432|1, 2907918336|1350, 2907910144|1598, 2907914240|1845, 2907910144|2577, 2907914240|2656, 2907922432|3176, 2907918336|4705, 2907914240|6726, 2907918336|6790, 2907893760|7792, 2907918336|7913, 2907906048|8552, 2907918336|8642, 2907799552|8849, 2907979776|8909, 2907971584|9133, 2907975680|9214, 2907967488|9443, pyramids+of+giza, 
2907959296|1, 2907955200|1348, 2907947008|1636, 2907951104|1918, 2907959296|3367, 2907918336|3465, 2907959296|3572, 2907910144|6289, 2907934720|6371, 2907975680|6458, 2907983872|6556, 2907967488|7439, 2907983872|7485, 2907959296|7797, 2907983872|7900, 2907971584|9870, 2907983872|9944, pyongyang, 
2907975680|1, 2907971584|1394, 2907963392|1739, 2907967488|1963, 2907963392|2713, 2907967488|2817, 2907975680|3371, 2907967488|3566, 2907975680|3695, 2907971584|4290, 2907975680|4419, 2907971584|6822, 2907955200|10885, 2907971584|11024, toronto+canada, 
2907951104|1, 2907942912|335, 2907951104|400, 2907947008|1333, 2907938816|1593, 2907942912|1887, 2907947008|2573, 2907955200|3275, 2907918336|4517, 2907955200|4606, 2907930624|6623, 2907955200|6687, 2907942912|10156, 2907955200|10231, 2907938816|10422, 2907955200|10527, peking, 
2907926528|1, 2907828224|1284, 2907430912|1348, 2906906624|1417, 2906423296|1495, 2907877376|1595, 2907881472|1662, 2907869184|1753, 2907873280|1833, 2907877376|1961, 2907885568|3547, 2907844608|3740, 2907885568|3815, 2907852800|6571, 2907885568|6654, 2907873280|10558, 2907885568|10680, 2907869184|12578, 2907885568|12674, pyongyang, 
2907877376|1, 2907869184|274, 2907877376|352, 2907873280|1300, 2907865088|1765, 2907869184|1830, 2907877376|3440, 2907836416|3723, 2907881472|3844, 2907877376|3934, 2907881472|5352, 2907877376|5424, 2907869184|6991, 2907860992|7241, 2907848704|10132, 2907860992|10208, 2907807744|10994, 2907824128|11089, 2907807744|11200, 2907824128|11332, acropolis, 
2907799552|1, 2907795456|1214, 2907799552|1300, 2907795456|1369, 2907791360|1519, 2907795456|1594, 2907787264|1688, 2907783168|1851, 2907791360|1931, 2907795456|2650, 2907803648|3312, 2907762688|3518, 2907803648|3591, 2907799552|4084, 2907803648|4199, 2907799552|4432, 2907840512|7090, 2907836416|7426, 2907820032|8231, 2907836416|8304, 2907783168|11254, eiffel+tower, 
2907774976|1, 2907766784|319, 2907774976|405, 2907770880|1348, 2907762688|1741, 2907766784|1865, 2907774976|3436, 2907738112|3591, 2907774976|3692, 2907750400|4641, 2907770880|4748, 2907660288|6752, 2907844608|6839, 2907860992|6921, 2907828224|15175, 2907860992|15266, wencelas+square+prague, 
2907840512|1, 2907836416|1403, 2907828224|1639, 2907832320|1920, 2907840512|3373, 2907795456|3574, 2907840512|3665, 2907836416|4258, 2907840512|4339, 2907836416|4542, 2907820032|6679, 2907840512|6799, 2907820032|6969, 2907815936|7047, 2907836416|7111, 2907820032|10112, 2907836416|10211, 2907570176|13947, 2907836416|14042, wencelas+square+prague, 
2907824128|1, 2907820032|1358, 2907815936|1446, 2907820032|1522, 2907811840|1699, 2907815936|1920, 2907811840|2206, 2907815936|2271, 2907750400|3395, 2907713536|3486, 2907750400|3579, 2907725824|6724, 2907746304|6854, 2907738112|6931, 2907734016|9587, 2907738112|9675, 2907725824|10801, 2907721728|11015, 2907738112|11110, 2907688960|11342, 2907656192|11483, 2907688960|11621, 2907652096|15129, 2907688960|15219, burj+khalifa, 
2907668480|1, 2907664384|1312, 2907656192|1560, 2907652096|1638, 2907656192|1697, 2907660288|1836, 2907664384|2251, 2907660288|2311, 2907664384|2526, 2907627520|3231, 2907672576|3320, 2907664384|4521, 2907586560|4623, 2907664384|4692, 2907684864|6784, 2907717632|6899, 2907721728|6978, 2907697152|7725, 2907721728|7830, 2907709440|11464, 2907721728|11534, 2907688960|15078, 2907721728|15151, peking, 
2907709440|1, 2907705344|1375, 2907697152|1674, 2907701248|1910, 2907697152|2501, 2907701248|2553, 2907705344|2692, 2907713536|3316, 2907709440|3502, 2907713536|3634, 2907688960|4353, 2907709440|4456, 2907680768|6527, 2907709440|6596, 2907680768|6711, 2907709440|6800, 2907693056|9269, 2907709440|9342, 2907693056|11767, 2907709440|11872, mt.+everest, 
2907697152|1, 2907693056|1142, 2907697152|1235, 2907693056|1326, 2907684864|1757, 2907688960|1843, 2907656192|2657, 2907684864|2699, 2907688960|2770, 2907561984|3507, 2907697152|3580, 2907656192|3699, 2907697152|3780, 2907668480|6468, 2907664384|6579, 2907697152|6732, 2907684864|8073, 2907697152|8138, 2907680768|10286, 2907697152|10489, taipei+101, 
2907688960|1, 2907684864|1375, 2907680768|1525, 2907676672|1604, 2907680768|1987, 2907676672|2247, 2907680768|2337, 2907672576|2693, 2907676672|2849, 2907684864|3425, 2907656192|3596, 2907684864|3696, 2907688960|5268, 2907684864|6040, 2907688960|6113, 2907676672|7434, 2907664384|7781, 2907652096|10775, 2907664384|10864, 2907574272|11259, 2907619328|11350, 2907615232|15034, 2907619328|15131, mirabell+gardens, 
2907590656|1, 2907586560|1375, 2907578368|1759, 2907582464|1915, 2907586560|2708, 2907594752|3356, 2907439104|3457, 2907594752|3537, 2907553792|3633, 2907594752|3752, 2907590656|4216, 2907594752|4301, 2907652096|4603, 2907648000|5062, 2907590656|5198, 2907586560|5892, 2907590656|5991, 2907586560|6617, 2907574272|7723, 2907586560|7790, 2907496448|8547, 2907615232|8621, 2907631616|8690, 2907639808|8841, 2907631616|9065, 2907611136|9155, 2907627520|9229, 2907631616|9431, 2907590656|9510, 2907631616|9582, 2907627520|9868, 2907586560|9933, 2907623424|10005, 2907627520|10065, 2907631616|10240, 2907627520|10315, 2907631616|10400, 2907627520|10532, 2907631616|10604, 2907590656|10669, 2907631616|10732, 2907586560|10812, 2907635712|10876, 2907631616|10949, 2907635712|11026, 2907631616|11103, 2907635712|11231, 2907627520|11307, 2907635712|11377, 2907631616|11460, 2907586560|11522, 2907594752|11599, 2907623424|11646, 2907631616|11705, 2907635712|11775, 2907631616|11859, 2907635712|11915, 2907631616|11983, 2907594752|15131, 2907631616|15221, 2907549696|15296, 2907631616|15354, the+great+wall, 
2907602944|1, 2907598848|1430, 2907594752|1667, 2907590656|1750, 2907594752|1971, 2907582464|3432, 2907602944|3474, 2907574272|3595, 2907561984|3695, 2907602944|3773, 2907607040|4602, 2907561984|4940, 2907607040|5011, 2907582464|7237, 2907615232|7324, 2907574272|12705, burj+khalifa, 
2907566080|1, 2907557888|1305, 2907561984|1388, 2907549696|1763, 2907553792|1852, 2907557888|1917, 2907553792|2042, 2907557888|2119, 2907553792|2535, 2907557888|2607, 2907561984|2895, 2907570176|3475, 2907529216|3669, 2907570176|3790, 2907566080|4582, 2907480064|6328, 2907586560|6399, 2907590656|6487, 2907623424|6595, 2907611136|11182, 2907623424|11247, 2907607040|12004, 2907623424|12090, mt.+everest, 
2907607040|1, 2907602944|1357, 2907598848|1681, 2907602944|1764, 2907594752|1843, 2907598848|1928, 2907607040|3588, 2907594752|3790, 2907607040|3886, 2907578368|4821, 2907602944|4890, 2907590656|6855, 2907594752|6956, 2907557888|7407, 2907590656|7525, 2907561984|7876, 2907566080|7955, 2907582464|8088, 2907549696|8504, 2907574272|8594, 2907561984|9923, 2907574272|9982, 2907332608|14613, 2906710016|14688, 2907492352|14756, 2907496448|14896, 2907492352|14963, colosseum+rome, 
2907471872|1, 2907467776|1311, 2907463680|1881, 2907471872|3436, 2907418624|3542, 2907381760|3660, 2907418624|3769, 2907385856|4372, 2907414528|4445, 2907418624|4613, 2907344896|5069, 2907418624|5193, 2907385856|6725, 2907430912|6835, 2907394048|6910, 2907435008|6998, 2907422720|9438, 2907435008|9524, 2907418624|10699, 2907435008|10920, 2907336704|11269, 2907394048|11339, 2907361280|15173, 2907394048|15249, burj+khalifa, 
2907373568|1, 2907369472|1312, 2907365376|1887, 2907328512|2745, 2907369472|2827, 2907377664|3428, 2907373568|3549, 2907377664|3623, 2907373568|4301, 2907369472|4773, 2907373568|4875, 2907394048|6635, 2907426816|6721, 2907430912|6790, 2907414528|9458, 2907430912|9536, 2907414528|11967, 2907430912|12098, mt.+everest, 
2907418624|1, 2907414528|1324, 2907418624|1879, 2907406336|1951, 2907410432|2025, 2907394048|2957, 2907410432|3036, 2907418624|3393, 2907381760|3559, 2907418624|3650, 2907414528|5999, 2907410432|6191, 2907414528|6284, 2907381760|7627, 2907385856|7709, 2907353088|8548, 2907340800|10523, 2907353088|10632, 2907336704|11673, 2907353088|11853, 2907287552|13197, 2907295744|13277, 2907275264|13356, 2907299840|13459, empire+state+building, 
2907287552|1, 2907283456|1323, 2907275264|1742, 2907279360|1883, 2907283456|2665, 2907291648|3379, 2907262976|4478, 2907287552|4602, 2907377664|6652, 2907344896|6936, 2907414528|7033, 2907389952|7728, 2907414528|7794, 2907402240|9660, 2907414528|9730, 2907377664|15104, 2907414528|15189, wencelas+square+prague, 
2907398144|1, 2907394048|1210, 2907398144|1287, 2907394048|1374, 2907385856|1743, 2907389952|1895, 2907398144|3320, 2907394048|4333, 2907398144|4452, 2907385856|4650, 2907398144|4782, 2907455488|4885, 2907398144|5258, 2907389952|6947, 2907394048|7044, 2907381760|7203, 2907377664|10759, 2907381760|10852, 2907365376|11255, 2907381760|11443, 2907340800|11506, 2907332608|11609, 2907328512|11683, 2907308032|14823, petronas+towers, 
2907283456|1, 2907275264|347, 2907283456|417, 2907279360|1365, 2907275264|1444, 2907279360|1508, 2907275264|1658, 2907279360|1981, 2907246592|2614, 2907283456|2704, 2907308032|3331, 2907267072|3516, 2907308032|3585, 2907291648|4424, 2907303936|4518, 2907353088|6622, 2907357184|6717, 2907353088|8862, 2907357184|8981, 2907316224|10296, 2907308032|10365, 2907303936|10446, 2907287552|10803, 2907303936|10964, petronas+towers, 
2907287552|1, 2907283456|1335, 2907279360|1499, 2907283456|1565, 2907275264|1655, 2907279360|1949, 2907275264|2156, 2907279360|2229, 2907246592|2573, 2907283456|2643, 2907291648|3270, 2907250688|3456, 2907291648|3558, 2907271168|4376, 2907287552|4506, 2907340800|6450, 2907316224|10335, 2907271168|10427, 2907291648|10502, 2907275264|10688, 2907291648|10759, acropolis, 
2907275264|1, 2907271168|1173, 2907275264|1255, 2907271168|1334, 2907262976|1835, 2907267072|1922, 2907271168|2822, 2907279360|3461, 2907242496|3636, 2907279360|3729, 2907275264|4671, 2907189248|6827, 2907295744|6925, 2907336704|7019, 2907320320|11081, 2907336704|11189, 2907291648|15144, 2907336704|15215, toronto+canada, 
2907320320|1, 2907316224|1366, 2907308032|1602, 2907312128|1902, 2907316224|2553, 2907324416|3317, 2907291648|4309, 2907324416|4419, 2907291648|6302, 2907328512|6401, 2907291648|6469, 2907328512|6561, 2907324416|9383, 2907328512|9466, 2907320320|10069, 2907328512|10143, 2907312128|11205, 2907328512|11302, wencelas+square+prague, 
2907303936|1, 2907299840|1089, 2907303936|1159, 2907299840|1314, 2907291648|1541, 2907295744|1838, 2907303936|3276, 2907262976|3485, 2907303936|3591, 2907258880|6578, 2907295744|6671, 2907283456|6750, 2907213824|10640, 2907230208|10704, 2907217920|11108, 2907230208|11178, 2907185152|15136, 2907230208|15206, petronas+towers, 
2907226112|1, 2907222016|1339, 2907213824|1575, 2907217920|1871, 2907222016|2536, 2907226112|3329, 2907230208|3422, 2907193344|3517, 2907230208|3602, 2907226112|4483, 2907131904|6683, 2907283456|6785, 2907291648|6861, 2907275264|10844, 2907291648|11071, toronto+canada, 
2907267072|1, 2907262976|1310, 2907254784|1794, 2907258880|1883, 2907262976|2826, 2907271168|3393, 2907267072|4348, 2907271168|4463, 2907262976|6599, 2907230208|6712, 2907234304|6794, 2907258880|6866, 2907246592|10446, 2907258880|10513, 2907222016|10840, 2907205632|10949, 2907189248|11189, 2907205632|11297, 2907168768|15140, 2907205632|15237, big+ben, 
2907189248|1, 2907185152|1337, 2907176960|1869, 2907181056|1930, 2907107328|3423, 2907152384|3530, 2907189248|3650, 2907185152|4460, 2907168768|4541, 2907185152|4658, 2907242496|6590, 2907209728|6697, 2907246592|6775, 2907230208|9287, 2907246592|9355, 2907234304|11089, 2907246592|11177, 2907242496|11274, 2907246592|11360, 2907234304|11488, 2907246592|11552, taipei+101, 
2907234304|1, 2907230208|1348, 2907222016|1657, 2907226112|1941, 2907230208|2596, 2907226112|2936, 2907234304|3318, 2907238400|4364, 2907234304|4648, 2907238400|4748, 2907164672|4855, 2907238400|4924, 2907242496|10263, 2907238400|10349, 2907226112|12281, 2907222016|12362, 2907238400|12452, sydney+harbour, 
2907222016|1, 2907217920|1394, 2907209728|1619, 2907213824|1902, 2907123712|3247, 2907222016|3296, 2907181056|3424, 2907222016|3537, 2907197440|7795, 2907222016|7880, 2907205632|8969, 2907222016|9044, toronto+canada, 
2907201536|1, 2907197440|1340, 2907189248|1589, 2907193344|1862, 2907189248|2185, 2907193344|2249, 2907201536|3402, 2907160576|3689, 2907201536|3765, 2907168768|4502, 2907201536|4583, 2907127808|5296, 2907201536|5408, 2907189248|7006, 2907176960|7409, 2907090944|11183, 2907123712|11234, 2907078656|15147, 2907123712|15212, eiffel+tower, 
2907115520|1, 2907111424|1377, 2907103232|1602, 2907107328|2004, 2907115520|3296, 2907017216|3403, 2907115520|3517, 2907074560|3584, 2907115520|3679, 2907111424|4434, 2907107328|4704, 2907111424|4826, 2907181056|6396, 2907193344|6589, 2907189248|7574, 2907193344|7653, 2907189248|8857, 2907193344|8933, 2907176960|12110, 2907193344|12174, pyongyang, 
2907172864|1, 2907168768|1401, 2907164672|1549, 2907168768|1634, 2907160576|1711, 2907164672|1911, 2907160576|2403, 2907164672|2468, 2907131904|2643, 2907164672|2731, 2907152384|3370, 2907172864|3458, 2907140096|4740, 2907172864|4951, 2907168768|5133, 2907172864|5204, 2907160576|6696, 2907119616|7140, 2907152384|7248, 2907144192|7471, 2907123712|7670, 2907136000|7778, 2907123712|8452, 2907136000|8525, 2907123712|9961, 2907136000|10162, pyramids+of+giza, 
2907119616|1, 2907115520|1119, 2907119616|1185, 2907115520|1357, 2907107328|1525, 2907111424|1922, 2907078656|2580, 2907111424|2657, 2907119616|3316, 2907176960|4826, 2907172864|5104, 2907119616|5177, 2907095040|7441, 2907103232|7547, 2907078656|7704, 2907021312|11566, 2907033600|11646, 2907021312|12136, 2907033600|12192, 2907017216|12738, 2907033600|12841, 2906988544|15189, 2907033600|15253, empire+state+building, 
2907013120|1, 2907009024|1402, 2907000832|1776, 2907004928|1930, 2907000832|2565, 2907004928|2641, 2907009024|2761, 2907017216|3334, 2906988544|4532, 2907013120|4625, 2907009024|4772, 2907013120|4862, 2906877952|6512, 2907099136|6602, 2907127808|6761, 2907078656|10788, 2907054080|10898, 2907074560|11012, big+ben, 
2907058176|1, 2907054080|1387, 2907049984|1599, 2907054080|1683, 2907045888|1856, 2907049984|1933, 2907045888|2433, 2907049984|2522, 2907045888|2658, 2907049984|2738, 2907058176|3502, 2907021312|3699, 2907017216|3761, 2907058176|3868, 2907054080|4664, 2907058176|4743, 2907054080|4861, 2907049984|5144, 2907054080|5214, 2907074560|6685, 2907111424|6764, 2907062272|11132, 2907058176|11257, 2907041792|12564, 2907058176|12651, burj+khalifa, 
2907041792|1, 2907037696|1362, 2907029504|1858, 2907033600|1936, 2907000832|2737, 2907037696|2814, 2907045888|3473, 2907041792|4513, 2907037696|4812, 2907041792|4908, 2907095040|6897, 2907099136|6978, 2907082752|11683, 2907099136|11963, 2907062272|15149, 2907099136|15271, mt.+everest, 
2907082752|1, 2907078656|1334, 2907070464|1748, 2907074560|1951, 2907070464|2355, 2907074560|2443, 2907041792|2632, 2907074560|2712, 2907082752|3439, 2907078656|4328, 2907082752|4462, 2907078656|6538, 2907082752|6616, 2907070464|6798, 2907082752|6871, 2907058176|7765, 2907082752|7840, cape+town, 
2907062272|1, 2907058176|1344, 2907049984|1603, 2907054080|1899, 2907058176|2549, 2907054080|2607, 2907058176|2691, 2907025408|3324, 2907066368|3429, 2907029504|3536, 2907066368|3651, 2907033600|4521, 2907066368|4645, 2907054080|6617, 2907021312|6695, 2907054080|6771, 2907045888|6966, 2907041792|7883, 2907045888|7964, 2907000832|11301, 2906955776|15151, 2907000832|15268, acropolis, 
2906992640|1, 2906984448|343, 2906992640|404, 2906988544|1336, 2906980352|1730, 2906984448|1903, 2906980352|1990, 2906984448|2050, 2906988544|2679, 2906996736|3360, 2906992640|4334, 2906996736|4447, 2906992640|4575, 2907033600|6878, 2907037696|7041, 2906992640|7651, 2907033600|7719, 2906943488|10239, 2906988544|10313, 2906984448|10413, 2906968064|10618, 2906984448|10714, mirabell+gardens, 
2906976256|1, 2906972160|1320, 2906963968|1728, 2906968064|1891, 2906972160|2629, 2906980352|3348, 2906976256|4177, 2907033600|6708, 2906988544|6780, 2907041792|6862, 2907029504|8752, 2907041792|8849, 2907033600|9810, 2906943488|10025, 2906980352|10115, 2906963968|10926, 2906980352|11060, 2906935296|15139, 2906980352|15217, big+ben, 
2906959872|1, 2906955776|1388, 2906947584|1633, 2906951680|1947, 2906955776|2644, 2906963968|3379, 2906951680|3665, 2906963968|3775, 2906959872|4347, 2906955776|4768, 2906959872|4860, 2906963968|6688, 2906959872|6771, 2907009024|6872, 2907013120|6973, 2907009024|8003, 2907013120|8082, 2907000832|11585, 2907013120|11681, 2906939392|12021, 2906959872|12103, 2906943488|12576, 2906959872|12658, 2906923008|15161, 2906959872|15241, burj+khalifa, 
2906935296|1, 2906931200|1405, 2906923008|1658, 2906927104|1938, 2906931200|2634, 2906939392|3320, 2906898432|3517, 2906939392|3595, 2906914816|4335, 2906931200|4457, 2906935296|4559, 2906988544|6473, 2906955776|6546, 2906968064|6668, 2906992640|6729, 2906968064|7719, 2906992640|7780, 2906976256|9742, 2906992640|9958, cape+town, 
2906980352|1, 2906976256|1407, 2906963968|1657, 2906968064|1739, 2906972160|1920, 2906976256|2721, 2906972160|2893, 2906980352|3414, 2906939392|3583, 2906980352|3670, 2906976256|4199, 2906980352|4273, 2906976256|6535, 2906972160|6724, 2906959872|7969, 2906972160|8032, 2906955776|10329, 2906972160|10419, 2906923008|11464, burj+khalifa, 
2906894336|1, 2906890240|1166, 2906894336|1217, 2906890240|1394, 2906882048|1650, 2906886144|1926, 2906882048|2290, 2906886144|2366, 2906890240|2619, 2906898432|3281, 2906873856|4353, 2906894336|4501, 2906947584|6671, 2906910720|6949, 2906951680|7033, 2906939392|9230, 2906951680|9355, sydney+harbour, 
2906947584|1, 2906943488|1356, 2906935296|1783, 2906939392|1927, 2906947584|3539, 2906943488|4343, 2906939392|4408, 2906943488|4617, 2906914816|6616, 2906939392|6707, 2906931200|6872, 2906894336|10149, 2906886144|10230, 2906853376|10318, 2906886144|10404, 2906873856|10547, 2906886144|10612, 2906869760|11536, 2906886144|11606, acropolis, 
2906869760|1, 2906865664|1332, 2906853376|1560, 2906857472|1634, 2906861568|1845, 2906869760|3291, 2906861568|3485, 2906869760|3570, 2906873856|4339, 2906869760|4452, 2906796032|4893, 2906869760|4994, 2906923008|6741, 2906931200|6991, 2906918912|7845, 2906931200|7909, 2906918912|9595, 2906931200|9668, 2906914816|10149, 2906931200|10341, sydney+harbour, 
2906906624|1, 2906898432|282, 2906906624|369, 2906902528|1327, 2906894336|1734, 2906898432|1874, 2906906624|3410, 2906812416|3500, 2906865664|3621, 2906906624|3713, 2906902528|4449, 2906906624|4606, 2906963968|5084, 2906906624|5257, 2906894336|6951, 2906898432|7031, 2906886144|7117, 2906873856|10413, 2906886144|10499, 2906845184|11245, 2906828800|11347, eiffel+tower, 
2906808320|1, 2906800128|248, 2906808320|339, 2906804224|1253, 2906800128|1634, 2906804224|1749, 2906800128|1881, 2906796032|2037, 2906800128|2106, 2906767360|2759, 2906800128|2848, 2906808320|3450, 2906804224|4589, 2906800128|6806, 2906705920|6889, 2906865664|6980, 2906832896|7057, 2906865664|7223, 2906869760|7649, 2906853376|10619, 2906869760|10724, 2906787840|11324, 2906820608|11398, 2906816512|14679, 2906820608|14765, 2906775552|15110, 2906820608|15200, petronas+towers, 
2906812416|1, 2906808320|1317, 2906800128|1704, 2906804224|1853, 2906808320|2734, 2906816512|3447, 2906800128|4696, 2906873856|4783, 2906816512|5360, 2906812416|6447, 2906726400|8474, 2906861568|8545, 2906857472|8780, 2906861568|9012, 2906853376|9176, 2906849280|9502, 2906836992|9588, 2906849280|9676, 2906853376|9776, 2906816512|10074, 2906853376|10122, 2906800128|10207, 2906791936|10276, 2906812416|10358, 2906853376|10448, 2906849280|10744, 2906853376|10883, 2906849280|10964, 2906853376|11044, 2906812416|11278, 2906853376|11353, 2906849280|11494, 2906808320|11560, 2906849280|11637, 2906853376|11693, 2906816512|11898, 2906812416|11957, 2906849280|12011, the+great+wall, 
2906836992|1, 2906832896|1361, 2906824704|1795, 2906828800|1866, 2906836992|3320, 2906841088|5690, 2906836992|5947, 2906841088|6044, 2906824704|6870, 2906796032|6953, 2906857472|7040, 2906841088|12199, 2906857472|12314, peking, 
2906841088|1, 2906836992|1355, 2906828800|1774, 2906832896|1919, 2906841088|3462, 2906800128|6831, 2906832896|6935, 2906824704|7415, 2906800128|7746, 2906824704|7815, 2906828800|8897, 2906824704|9014, 2906808320|10991, 2906824704|11066, 2906779648|11310, 2906775552|11374, 2906783744|11442, petronas+towers, 
2906755072|1, 2906750976|1367, 2906746880|1675, 2906750976|1755, 2906742784|1836, 2906746880|1902, 2906750976|2956, 2906759168|3610, 2906734592|4520, 2906755072|4601, 2906804224|6865, 2906808320|6964, 2906791936|7487, 2906808320|7545, 2906791936|10600, 2906808320|10684, 2906718208|11751, 2906738688|11835, 2906759168|11900, 2906714112|15129, 2906759168|15190, acropolis, 
2906750976|1, 2906742784|327, 2906750976|424, 2906746880|1377, 2906738688|1858, 2906742784|1926, 2906746880|2841, 2906755072|3522, 2906714112|3610, 2906755072|3703, 2906750976|4200, 2906755072|4288, 2906750976|4486, 2906804224|6487, 2906759168|6589, 2906812416|6687, 2906808320|8875, 2906812416|9001, 2906800128|10410, 2906812416|10508, 2906796032|11114, 2906812416|11197, 2906460160|14516, 2905989120|14583, 2906787840|14664, toronto+canada, 
2906775552|1, 2906771456|1339, 2906767360|1666, 2906771456|1738, 2906763264|1835, 2906767360|1910, 2906763264|2403, 2906767360|2479, 2906771456|2759, 2906779648|3401, 2906714112|3501, 2906673152|3589, 2906714112|3669, 2906681344|4241, 2906714112|4358, 2906681344|6652, 2906710016|6811, 2906697728|11533, 2906710016|11612, 2906714112|13922, 2906710016|13999, 2906673152|15151, 2906710016|15220, taipei+101, 
2906685440|1, 2906681344|1285, 2906673152|1780, 2906677248|1925, 2906685440|3425, 2906611712|4690, 2906685440|4767, 2906681344|5688, 2906685440|5781, 2906673152|6927, 2906685440|7028, 2906681344|7396, 2906685440|7486, 2906652672|8507, 2906624000|8602, 2906656768|8685, 2906624000|9131, 2906615808|12869, 2906619904|12966, 2906624000|13077, 2906501120|14264, 2906566656|14379, empire+state+building, 
2906546176|1, 2906542080|1302, 2906533888|1629, 2906537984|1852, 2906542080|2622, 2906550272|3412, 2906513408|3579, 2906550272|3666, 2906529792|4148, 2906546176|4262, 2906542080|4436, 2906546176|4523, 2906472448|5057, 2906546176|5133, 2906402816|7081, 2906599424|7159, 2906562560|7226, 2906664960|7312, 2906648576|9983, 2906664960|10091, 2906619904|15110, 2906664960|15224, cape+town, 
2906648576|1, 2906644480|1346, 2906640384|1978, 2906636288|2617, 2906640384|2695, 2906607616|2846, 2906644480|2948, 2906652672|3565, 2906615808|3785, 2906652672|3929, 2906578944|5039, 2906652672|5146, 2906619904|6883, 2906652672|6961, 2906640384|11052, 2906652672|11148, sydney+harbour, 
2906648576|1, 2906644480|1123, 2906648576|1199, 2906644480|1369, 2906636288|1680, 2906640384|1899, 2906607616|2678, 2906640384|2769, 2906648576|3399, 2906611712|3502, 2906648576|3615, 2906644480|4174, 2906648576|4252, 2906574848|4846, 2906648576|4931, 2906615808|6110, 2906648576|6237, 2906636288|7308, 2906648576|7398, 2906619904|8237, 2906636288|8314, 2906632192|8403, 2906628096|8569, 2906595328|8646, 2906619904|8718, 2906578944|8803, 2906619904|8883, 2906574848|8942, 2906619904|9026, 2906615808|9695, 2906558464|9786, 2906566656|9887, 2906615808|9959, 2906607616|10038, 2906611712|10098, 2906607616|10166, 2906611712|10229, 2906615808|10304, 2906619904|10501, 2906578944|11057, 2906615808|11135, 2906619904|11204, 2906583040|11269, 2906615808|11338, 2906607616|11406, 2906574848|11488, 2906570752|11545, 2906562560|11647, 2906615808|11724, 2906619904|11921, the+great+wall, 
2906603520|1, 2906599424|1312, 2906591232|1643, 2906595328|1852, 2906603520|3335, 2906607616|4510, 2906603520|4685, 2906607616|4783, 2906611712|6570, 2906619904|6659, 2906624000|6738, 2906611712|10266, 2906624000|10387, 2906607616|10948, 2906624000|11029, sydney+harbour, 
2906607616|1, 2906599424|1375, 2906603520|1460, 2906591232|1526, 2906595328|1609, 2906599424|1924, 2906607616|3268, 2906566656|3362, 2906607616|3461, 2906603520|4018, 2906607616|4101, 2906603520|4206, 2906599424|4463, 2906603520|4550, 2906570752|6570, 2906603520|6667, 2906591232|9676, 2906603520|9765, 2906587136|11443, 2906603520|11558, pyongyang, 
2906591232|1, 2906587136|1358, 2906578944|1516, 2906583040|1865, 2906587136|2661, 2906583040|2838, 2906591232|3357, 2906595328|4379, 2906521600|4886, 2906595328|4959, 2906558464|5802, 2906595328|5910, 2906566656|7297, 2906587136|7377, 2906574848|7543, 2906570752|7761, 2906566656|7835, 2906570752|7898, 2906554368|8253, 2906566656|8330, 2906554368|10848, 2906566656|10924, 2906550272|11212, 2906566656|11291, colosseum+rome, 
2906546176|1, 2906537984|1418, 2906542080|1494, 2906533888|1579, 2906537984|1898, 2906546176|3389, 2906603520|5067, 2906529792|5563, 2906546176|5675, 2906529792|6035, 2906546176|6111, 2906542080|7603, 2906546176|7707, 2906533888|9073, 2906550272|9192, 2906554368|9328, 2906513408|9462, 2906550272|9533, 2906554368|9609, 2906546176|9688, 2906554368|9753, 2906562560|9888, 2906521600|10040, 2906562560|10126, 2906525696|10289, 2906562560|10366, 2906517504|10482, 2906554368|10549, 2906570752|10610, 2906566656|10679, 2906529792|10740, 2906558464|10807, 2906554368|10936, 2906558464|10999, 2906513408|11072, 2906550272|11130, 2906546176|11270, 2906509312|11344, 2906513408|11427, 2906550272|11512, 2906505216|11579, 2906558464|11656, 2906513408|11977, 2906566656|12049, 2906562560|12125, 2906554368|12202, 2906550272|12334, 2906554368|12389, 2906546176|12465, the+great+wall, 
2906525696|1, 2906521600|1190, 2906525696|1280, 2906521600|1358, 2906513408|1766, 2906517504|1897, 2906513408|2674, 2906517504|2728, 2906525696|3332, 2906484736|3523, 2906525696|3619, 2906529792|4396, 2906521600|6659, 2906529792|6821, 2906521600|7081, 2906505216|7412, 2906521600|7482, 2906509312|8230, 2906521600|8299, 2906509312|9703, 2906476544|9783, 2906484736|9891, mirabell+gardens, 
2906464256|1, 2906460160|1376, 2906451968|1691, 2906456064|1950, 2906451968|2723, 2906415104|2875, 2906456064|2959, 2906464256|3743, 2906460160|3925, 2906464256|4059, 2906468352|4262, 2906464256|4584, 2906365952|6752, 2906480640|6843, 2906521600|6932, 2906529792|7016, 2906488832|11440, 2906476544|11517, 2906460160|12272, 2906476544|12346, 2906431488|15187, 2906476544|15247, big+ben, 
2906456064|1, 2906451968|1391, 2906447872|1620, 2906451968|1719, 2906443776|1803, 2906447872|1963, 2906443776|2849, 2906447872|2909, 2906456064|3705, 2906415104|3916, 2906456064|4015, 2906443776|4612, 2906447872|4697, 2906451968|4775, 2906361856|7219, 2906480640|7318, 2906451968|7740, 2906439680|11552, 2906435584|11647, 2906451968|11780, 2906382336|12101, 2906394624|12183, 2906378240|12423, 2906394624|12521, empire+state+building, 
2906382336|1, 2906378240|1197, 2906370048|1677, 2906374144|1844, 2906370048|2619, 2906374144|2704, 2906378240|2769, 2906386432|3390, 2906443776|4885, 2906439680|4965, 2906443776|5057, 2906382336|5157, 2906456064|7992, 2906460160|8075, 2906419200|8195, 2906451968|8277, 2906365952|8575, 2906468352|8684, 2906456064|10313, 2906468352|10398, colosseum+rome, 
2906456064|1, 2906451968|1218, 2906443776|1681, 2906447872|1899, 2906456064|3623, 2906415104|3815, 2906456064|3891, 2906411008|7328, 2906431488|7412, 2906472448|7485, 2906480640|7568, 2906468352|8024, 2906480640|8092, 2906476544|8541, 2906480640|8685, 2906468352|9615, 2906480640|9698, 2906447872|15108, 2906480640|15186, cape+town, 
2906468352|1, 2906464256|1376, 2906456064|1684, 2906451968|1867, 2906460160|1936, 2906456064|2504, 2906460160|2584, 2906468352|3411, 2906464256|3622, 2906468352|3738, 2906435584|7134, 2906468352|7208, 2906443776|7795, 2906468352|7869, 2906451968|10171, 2906468352|10263, 2906423296|15136, 2906468352|15216, taipei+101, 
2906443776|1, 2906439680|1390, 2906427392|1698, 2906431488|1782, 2906435584|1922, 2906443776|3327, 2906439680|3408, 2906443776|3480, 2906411008|7183, 2906443776|7232, 2906431488|10033, 2906443776|10138, 2906415104|10556, 2906398720|10817, 2906415104|10911, pyeongchang, 
2906406912|1, 2906402816|1378, 2906394624|1635, 2906390528|1843, 2906398720|1928, 2906406912|3525, 2906370048|3616, 2906406912|3704, 2906402816|4487, 2906398720|4670, 2906329088|4764, 2906402816|4852, 2906378240|6495, 2906402816|6610, 2906406912|6678, 2906402816|11382, 2906406912|11452, 2906390528|12079, 2906406912|12167, 2906308608|15392, 2905554944|15485, 2904870912|15564, 2906349568|15625, 2906370048|15683, pyongyang, 
2906357760|1, 2906353664|1317, 2906345472|1724, 2906349568|1874, 2906316800|2685, 2906349568|2758, 2906357760|3520, 2906353664|4689, 2906357760|4780, 2906353664|7234, 2906357760|7337, 2906308608|7546, 2906349568|7651, 2906304512|7766, 2906341376|7869, 2906333184|8321, colosseum+rome, 
2906316800|1, 2906312704|1164, 2906316800|1265, 2906312704|1414, 2906304512|1725, 2906308608|1933, 2906304512|2579, 2906308608|2680, 2906316800|3198, 2906279936|3416, 2906316800|3501, 2906324992|6318, 2906341376|6493, 2906345472|10298, 2906341376|10354, 2906329088|10715, 2906341376|10789, 2906324992|11331, 2906341376|11415, singapore, 
2906320896|1, 2906316800|1341, 2906308608|1667, 2906312704|1874, 2906279936|2539, 2906312704|2631, 2906320896|3184, 2906308608|7616, 2906320896|7807, 2906304512|9821, 2906320896|9931, 2906288128|15162, 2906320896|15261, singapore, 
2906308608|1, 2906304512|1373, 2906296320|1753, 2906300416|1910, 2906296320|2625, 2906300416|2697, 2906185728|3283, 2906308608|3371, 2906271744|3466, 2906308608|3562, 2906275840|4432, 2906308608|4561, 2906304512|6196, 2906300416|6479, 2906296320|7468, 2906300416|7564, 2906288128|8928, 2906300416|9134, 2906296320|10013, 2906300416|10103, 2906251264|10282, 2906259456|10358, 2906251264|11129, 2906259456|11226, big+ben, 
2906238976|1, 2906234880|1419, 2906226688|1602, 2906230784|1921, 2906238976|3223, 2906234880|4196, 2906230784|4639, 2906234880|4743, 2906161152|4927, 2906234880|5035, 2906292224|6451, 2906296320|6673, peking, 
2906271744|1, 2906267648|74, 2906271744|1155, 2906263552|1764, 2906267648|2760, 2906161152|3475, 2906267648|3574, 2906275840|3649, 2906247168|7004, 2906271744|7096, 2906259456|7385, 2906271744|7450, 2906263552|8978, 2906259456|9100, 2906226688|9176, 2906263552|9248, 2906230784|9395, 2906259456|9463, 2906226688|9745, 2906234880|9829, 2906247168|9934, 2906251264|10083, 2906210304|10320, 2906251264|10388, 2906210304|10546, 2906247168|10619, 2906251264|10809, 2906210304|10985, 2906251264|11052, 2906214400|11246, 2906251264|11320, 2906210304|11455, 2906251264|11532, 2906202112|11613, 2906251264|11667, 2906210304|11830, 2906251264|11896, 2906247168|11985, 2906218496|12062, 2906251264|12140, 2906247168|12288, 2906206208|12356, 2906247168|12432, 2906251264|12513, 2906210304|12630, 2906251264|12689, 2906247168|12950, 2906206208|13006, 2906247168|13063, the+great+wall, 
2906234880|1, 2906230784|1318, 2906226688|1810, 2906189824|2809, 2906226688|2879, 2906079232|3503, 2906234880|3619, 2906193920|3739, 2906234880|3826, 2906238976|4694, 2906243072|6599, 2906251264|6693, 2906255360|6778, 2906238976|7644, 2906255360|7695, 2906243072|8343, 2906255360|8432, 2906238976|10071, 2906255360|10164, 2906218496|15130, 2906255360|15213, taipei+101, 
2906243072|1, 2906238976|1349, 2906234880|1660, 2906230784|1748, 2906234880|1906, 2906230784|2117, 2906234880|2185, 2906230784|2392, 2906234880|2469, 2906202112|2866, 2906234880|2966, 2906243072|3590, 2906234880|4933, 2906222592|7002, 2906234880|7056, 2906230784|7838, 2906218496|8104, 2906177536|8226, 2906214400|8333, 2906202112|8679, 2906214400|8756, 2906202112|8979, 2906214400|9058, 2906198016|9227, 2906214400|9379, 2906169344|15146, 2906214400|15242, pyramids+of+giza, 
2906198016|1, 2906193920|1340, 2906198016|1927, 2906189824|2019, 2906185728|2280, 2906189824|2351, 2906157056|2818, 2906189824|2907, 2906185728|3072, 2906038272|3581, 2906152960|3682, 2906193920|3778, 2906198016|4565, 2906206208|6923, 2906173440|6995, 2906214400|7105, 2906222592|7255, peking, 
2906202112|1, 2906193920|347, 2906202112|424, 2906198016|1346, 2906193920|1933, 2906202112|3650, 2906161152|3777, 2906202112|3841, 2906157056|4992, 2906202112|5055, 2906169344|6064, 2906202112|6149, 2906198016|6491, 2906202112|6595, 2906185728|12210, 2906202112|12341, pyeongchang, 
2906185728|1, 2906181632|1329, 2906173440|1722, 2906177536|1877, 2906173440|2584, 2906177536|2667, 2906144768|2847, 2906177536|2933, 2906185728|3578, 2906107904|3658, 2906144768|3767, 2906185728|3866, 2906181632|7154, 2906185728|7235, 2906157056|7683, 2906148864|7746, 2906152960|7821, 2906124288|9230, 2906120192|9374, 2906107904|11817, 2906120192|11902, 2906009600|12721, 2906075136|12781, empire+state+building, 
2906054656|1, 2906050560|1213, 2906042368|1755, 2906046464|1843, 2906054656|3642, 2906058752|4382, 2906054656|4579, 2906050560|4747, 2906054656|4837, 2906128384|6747, 2906132480|6840, 2906066944|7002, 2906152960|7081, 2906128384|7717, 2906152960|7796, 2906112000|11235, 2906107904|11322, 2906103808|11414, 2906091520|12084, 2906103808|12185, mirabell+gardens, 
2906087424|1, 2906083328|1365, 2906071040|1747, 2906075136|1825, 2906079232|1915, 2906075136|2252, 2906079232|2311, 2906083328|2840, 2906091520|3499, 2906054656|3698, 2906091520|3789, 2906087424|4814, 2906013696|5006, 2906087424|5100, 2906083328|6848, 2906087424|6929, 2906079232|7696, 2905997312|7767, 2906095616|7847, 2906112000|7911, 2906083328|7991, 2906116096|8108, 2906050560|9158, 2906095616|9260, 2906083328|10324, 2906095616|10543, 2906079232|10941, 2906095616|11023, 2906038272|12345, 2906034176|20264, empire+state+building, 
2906009600|1, 2906013696|492, 2906009600|1328, 2906001408|1702, 2906005504|1903, 2906009600|2625, 2906017792|3300, 2905989120|3493, 2906017792|3581, 2905997312|4515, 2906013696|4615, 2905878528|6428, 2906091520|6516, 2906034176|6630, 2906140672|6693, 2906124288|9125, 2906140672|9184, 2906128384|9838, 2906140672|9931, 2906124288|11941, 2906140672|12021, 2906136576|14833, 2906140672|14900, wencelas+square+prague, 
2906128384|1, 2906124288|1127, 2906128384|1206, 2906124288|1351, 2906116096|1576, 2906120192|1878, 2906128384|3379, 2906091520|3501, 2906128384|3572, 2906124288|5857, 2906128384|5974, 2906124288|6393, 2906112000|8612, 2906107904|8735, 2906099712|8818, 2906062848|9143, 2906095616|9218, 2906079232|9439, 2906095616|9518, 2906091520|9597, 2906087424|9943, 2906095616|10025, 2906087424|10249, 2906046464|10331, 2906050560|10387, 2906046464|10448, 2906083328|10511, 2906030080|10688, 2906034176|10762, 2906087424|10878, 2906091520|11039, 2906087424|11133, 2906054656|11185, 2906066944|11254, 2906099712|11336, 2906095616|11520, 2906099712|11595, 2906091520|11669, 2906050560|11727, 2906091520|11799, 2906087424|11868, 2906079232|12016, 2906038272|12079, 2906091520|12147, 2906050560|12212, 2906095616|12273, 2906091520|12338, 2906099712|12402, the+great+wall, 
2906079232|1, 2906075136|1379, 2906066944|1674, 2906071040|1888, 2906066944|2374, 2906071040|2432, 2906034176|2648, 2906071040|2727, 2906079232|3506, 2906075136|4161, 2906083328|4305, 2906087424|6424, 2906050560|6531, 2906099712|6636, 2906083328|10568, 2906099712|10653, peking, 
2906091520|1, 2906087424|1365, 2906079232|1851, 2906083328|1925, 2906050560|2798, 2906083328|2902, 2906062848|3839, 2906091520|3944, 2906087424|9767, 2906091520|9866, 2906079232|11109, 2906091520|11183, 2906075136|11282, 2906091520|11383, singapore, 
2906071040|1, 2906066944|1408, 2906058752|1789, 2906062848|1950, 2906030080|2690, 2906062848|2757, 2906071040|3449, 2906030080|3572, 2906071040|3656, 2906066944|4356, 2906071040|4442, 2906066944|4667, 2906071040|4757, 2906128384|4864, 2906054656|5245, 2906071040|5311, 2906038272|6063, 2906071040|6129, 2906054656|7457, 2906071040|7538, 2906062848|8982, 2906030080|9126, 2906050560|9210, 2906046464|9300, 2906001408|9374, 2906042368|9441, 2906030080|9895, 2906042368|9974, 2906025984|10254, 2906042368|10321, colosseum+rome, 
2906034176|1, 2906030080|1364, 2906025984|1526, 2906030080|1587, 2906025984|1677, 2906021888|1753, 2906025984|1902, 2906013696|2857, 2906025984|2931, 2906034176|3582, 2906030080|3648, 2905993216|3756, 2906034176|3836, 2906021888|6879, 2906042368|6965, 2906058752|7053, 2906042368|11392, 2906058752|11552, taipei+101, 
2906038272|1, 2906034176|1312, 2906025984|1692, 2906030080|1844, 2905997312|2585, 2906030080|2652, 2906038272|3317, 2906009600|3405, 2906038272|3533, 2906021888|4578, 2906038272|4657, 2906042368|5770, 2906038272|5854, 2906025984|6710, 2906021888|6783, 2906025984|6873, 2906013696|7020, 2906009600|8466, 2906013696|8594, 2905968640|10165, 2905976832|10337, 2905964544|10698, 2905976832|10801, 2905960448|11296, 2905976832|11412, mirabell+gardens, 
2905956352|1, 2905952256|1372, 2905948160|1533, 2905952256|1622, 2905948160|1928, 2905944064|2414, 2905948160|2502, 2905911296|2670, 2905948160|2749, 2905952256|2824, 2905858048|3498, 2905923584|3608, 2905960448|3715, 2905956352|4308, 2905960448|5748, 2905956352|5823, 2905980928|6795, 2905964544|6885, 2906025984|6964, 2906009600|8343, 2906025984|8410, 2906021888|9857, 2906025984|9958, 2906013696|10238, 2906025984|10440, 2906021888|11890, 2906025984|11944, sydney+harbour, 
2906005504|1, 2906001408|1195, 2906005504|1287, 2906001408|1377, 2905993216|1797, 2905997312|1892, 2905993216|2163, 2905997312|2217, 2906005504|3428, 2905964544|3544, 2906005504|3632, 2906001408|4060, 2906005504|4249, 2906001408|4410, 2906005504|4530, 2906001408|4607, 2905927680|4716, 2906001408|4823, 2905997312|6579, 2906001408|6653, 2905985024|6940, 2906001408|7039, 2905993216|8059, 2905960448|8359, 2905989120|8453, 2905980928|8658, 2905948160|8806, 2905972736|8864, 2905960448|9344, 2905972736|9402, pyramids+of+giza, 
2905960448|1, 2905956352|1353, 2905948160|1705, 2905952256|1922, 2905948160|2648, 2905952256|2722, 2905960448|3273, 2905923584|3514, 2905960448|3618, 2905956352|4441, 2905960448|4534, 2905956352|4628, 2905960448|4727, 2905919488|6454, 2905927680|6537, 2905968640|6607, 2905964544|8362, 2905968640|8476, 2905931776|9942, 2905915392|11004, 2905931776|11096, acropolis, 
2905907200|1, 2905903104|1294, 2905894912|1575, 2905899008|1864, 2905894912|2315, 2905899008|2398, 2905903104|2658, 2905911296|3295, 2905870336|3481, 2905911296|3585, 2905907200|4650, 2905960448|6354, 2905968640|6558, 2905964544|9345, 2905968640|9452, 2905952256|10892, 2905968640|11012, 2905964544|13043, 2905968640|13097, cape+town, 
2905960448|1, 2905956352|1381, 2905948160|1627, 2905952256|1866, 2905919488|2589, 2905956352|2646, 2905964544|3415, 2905939968|4708, 2905960448|4795, 2905956352|4895, 2905960448|4964, 2905964544|8799, 2905960448|8885, sydney+harbour, 
2905948160|1, 2905944064|1363, 2905935872|1638, 2905939968|1945, 2905907200|2652, 2905939968|2712, 2905935872|3009, 2905944064|3432, 2905911296|4342, 2905948160|4442, 2905919488|6706, 2905915392|6796, 2905948160|6895, 2905923584|7798, 2905948160|7877, 2905931776|12409, 2905948160|12510, 2905903104|15177, 2905948160|15242, singapore, 
2905927680|1, 2905923584|1421, 2905915392|1600, 2905919488|1954, 2905804800|3334, 2905927680|3436, 2905899008|6622, 2905935872|6768, 2905931776|7584, 2905935872|7672, 2905923584|11140, 2905935872|11207, 2905923584|11457, 2905935872|11551, 2905919488|11991, 2905935872|12162, wencelas+square+prague, 
2905927680|1, 2905923584|1348, 2905919488|1644, 2905915392|1706, 2905911296|1877, 2905919488|1939, 2905915392|2234, 2905919488|2302, 2905927680|3468, 2905923584|3562, 2905927680|3656, 2905923584|4511, 2905927680|4594, 2905903104|6484, 2905927680|6557, 2905923584|6757, 2905899008|6985, 2905919488|7052, 2905903104|7348, 2905919488|7412, 2905915392|8423, 2905919488|8545, 2905903104|10470, 2905919488|10551, pyeongchang, 
2905890816|1, 2905886720|1382, 2905878528|1791, 2905882624|1929, 2905878528|2284, 2905882624|2356, 2905878528|2793, 2905886720|3455, 2905849856|3577, 2905886720|3676, 2905882624|4089, 2905886720|4181, 2905890816|4280, 2905886720|4484, 2905890816|4585, 2905948160|5050, 2905890816|5340, 2905882624|7196, 2905878528|7338, 2905870336|7413, 2905862144|7509, 2905845760|9805, 2905862144|9896, 2905858048|14525, 2905837568|14590, pyramids+of+giza, 
2905825280|1, 2905817088|345, 2905825280|423, 2905821184|1279, 2905812992|1844, 2905817088|1916, 2905812992|2280, 2905817088|2353, 2905608192|3490, 2905755648|3590, 2905714688|3712, 2905755648|3799, 2905718784|4699, 2905755648|4777, 2905681920|5361, 2905755648|5439, 2905763840|6908, 2905780224|7091, 2905776128|11420, 2905780224|11508, pyeongchang, 
2905767936|1, 2905763840|1311, 2905755648|1695, 2905759744|1916, 2905755648|2780, 2905759744|2854, 2905767936|3396, 2905759744|4501, 2905718784|7014, 2905763840|7083, 2905718784|7238, 2905763840|7326, 2905747456|10134, 2905763840|10249, cape+town, 
2905755648|1, 2905751552|1360, 2905747456|1651, 2905751552|1750, 2905747456|1837, 2905755648|3465, 2905714688|3649, 2905755648|3739, 2905739264|6617, 2905755648|6704, 2905726976|6891, 2905755648|6953, 2905743360|7981, 2905755648|8051, 2905739264|10303, 2905755648|10409, singapore, 
2905731072|1, 2905726976|1374, 2905718784|1788, 2905722880|1955, 2905731072|3365, 2905690112|3567, 2905731072|3678, 2905698304|6711, 2905702400|6806, 2905731072|6877, 2905735168|6970, 2905722880|8494, 2905735168|8608, 2905722880|10091, 2905735168|10156, 2905731072|11279, 2905735168|11396, wencelas+square+prague, 
2905718784|1, 2905714688|1360, 2905706496|1728, 2905710592|1892, 2905706496|2614, 2905710592|2692, 2905718784|3238, 2905681920|3440, 2905718784|3513, 2905714688|4098, 2905718784|4303, 2905776128|4477, 2905743360|4763, 2905776128|4836, 2905718784|5044, 2905681920|7223, 2905686016|7445, 2905649152|7994, 2905636864|10755, 2905649152|10835, 2905632768|11595, 2905649152|11702, 2905591808|11787, 2905604096|11857, 2905559040|15169, 2905604096|15241, empire+state+building, 
2905583616|1, 2905579520|1378, 2905571328|1661, 2905575424|2023, 2905571328|2297, 2905575424|2365, 2905579520|2635, 2905587712|3270, 2905640960|4559, 2905583616|4958, 2905636864|7100, 2905640960|7192, 2905624576|9479, 2905640960|9570, 2905575424|10674, 2905583616|10749, 2905571328|11960, 2905583616|12053, empire+state+building, 
2905567232|1, 2905563136|1163, 2905567232|1257, 2905563136|1340, 2905554944|1814, 2905559040|1890, 2905563136|2601, 2905571328|3287, 2905550848|4302, 2905567232|4427, 2905493504|4710, 2905567232|4811, 2905653248|6169, 2905583616|6463, 2905686016|6546, 2905669632|7857, 2905686016|7934, 2905681920|9267, 2905686016|9356, 2905669632|11125, 2905686016|11241, 2905653248|15126, 2905686016|15196, pyeongchang, 
2905665536|1, 2905661440|1362, 2905653248|1667, 2905657344|1969, 2905509888|3301, 2905628672|3412, 2905665536|3482, 2905661440|4467, 2905657344|4639, 2905661440|4723, 2905649152|10402, 2905661440|10485, 2905645056|11190, 2905661440|11413, pyeongchang, 
