||class android.content.Context:public abstract java.lang.Object android.content.Context.getSystemService(java.lang.String)||class android.telephony.TelephonyManager:public int android.telephony.TelephonyManager.getDataActivity()
0|1, 3|738, 0|11734, 3|14765, 0|15749, pyongyang, 
2|1082, 3|2061, 0|12076, 3|16047, 0|17053, pyongyang, 
3|1822, 0|9820, 3|15832, 0|16853, the+great+wall, 
3|1584, 0|13606, 3|15588, 0|16626, mt.+everest, 
3|1311, 0|13326, 3|14316, 0|16316, burj+khalifa, 
2|1000, 3|1981, 2|5025, 3|6018, 0|14008, 3|16029, 0|17039, cape+town, 
3|1746, 0|16775, toronto+canada, 
3|1459, 0|12500, 3|15462, 0|16513, colosseum+rome, 
3|2068, 2|6088, 3|7080, 0|12125, 3|13144, 0|17115, eiffel+tower, 
3|1989, 1|8003, 3|9080, 0|17075, toronto+canada, 
3|1683, 0|16755, pyeongchang, 
2|1411, 3|2389, 0|6388, 3|7427, 0|11405, 3|12440, 0|14421, 3|15425, 0|16413, pyramids+of+giza, 
3|2115, 0|13115, 3|14156, 0|15126, 3|16137, 0|17119, pyongyang, 
3|1748, 0|14841, 3|15814, 0|16784, taipei+101, 
3|1450, 0|6482, 3|7496, 0|16551, petronas+towers, 
3|2161, 0|13174, 3|16200, 0|17216, pyramids+of+giza, 
3|1361, 0|6443, 3|7401, 0|12406, 3|13386, 0|16391, singapore, 
3|2112, 0|12133, 3|14148, 0|15150, 3|16130, 0|17161, mt.+everest, 
3|1846, 2|6836, 3|7812, 0|14856, 3|15820, 0|16868, big+ben, 
3|1455, 2|6538, 3|7543, 2|12550, 3|13519, 0|14585, 3|15543, 0|16579, burj+khalifa, 
3|2156, 0|5239, 3|7233, 0|17243, eiffel+tower, 
3|1824, 1|13835, 3|14878, 0|16850, toronto+canada, 
3|1552, 0|6550, 3|7559, 0|16527, big+ben, 
3|1249, 0|6289, 3|7262, 0|13283, 3|14273, mt.+everest, 
0|1, 3|2003, 0|6039, 3|7017, 0|17031, mirabell+gardens, 
3|1681, 0|6746, 3|7759, 0|16733, acropolis, 
3|1365, 0|6378, 3|7390, 0|16378, big+ben, 
3|2129, 0|11119, 3|13111, 0|17149, colosseum+rome, 
3|1734, 0|16814, wencelas+square+prague, 
3|1421, 0|6419, 3|7472, 0|13480, 3|14497, 0|16486, mt.+everest, 
3|2097, 0|6102, 3|7153, 0|17163, mirabell+gardens, 
3|1758, 0|8814, 3|9786, 2|13824, 3|14872, 0|16805, petronas+towers, 
3|1380, 0|6404, 3|7440, 0|12475, 3|13499, 0|16430, mirabell+gardens, 
3|2071, 0|6041, 3|7055, 0|12028, 3|13083, 0|17063, eiffel+tower, 
3|1678, 0|14714, 3|15710, 0|16713, pyeongchang, 
3|1337, 1|6387, 3|7441, 0|11384, 3|15402, 0|16374, pyramids+of+giza, 
3|2127, 0|6136, 3|7146, 0|12104, 3|16114, 0|17155, the+great+wall, 
3|1765, 0|16815, peking, 
3|1493, 0|6540, 3|7490, 0|8483, 3|9566, 0|12523, 3|13546, 0|14571, 3|15526, 0|16524, eiffel+tower, 
3|2203, 0|6206, 3|7217, 2|8253, 3|9260, 0|12255, 3|14253, 0|15245, 3|16232, 0|17271, sydney+harbour, 
3|1889, 0|14863, 3|15879, 0|16877, taipei+101, 
3|1521, 2|6500, 3|7545, 0|13522, 3|14584, 0|16549, singapore, 
2|1223, 3|2227, 0|6239, 3|7222, 0|13282, 3|14236, 0|17292, singapore, 
3|1880, 2|6932, 3|7893, 0|12935, 3|13905, 0|14960, 3|15971, 0|16920, acropolis, 
3|1638, 0|10722, 3|12651, 0|16676, colosseum+rome, 
3|1290, 0|6277, 3|7314, petronas+towers, 
0|1, 3|1948, 0|5971, 3|6986, 0|12982, 3|14021, 0|17030, cape+town, 
3|1674, 0|16710, peking, 
3|1347, 0|6419, 3|7399, 2|8372, 3|9416, 0|12434, 3|13424, 0|16401, eiffel+tower, 
3|2132, 0|10175, 3|11154, 0|12134, 3|16145, 0|17189, pyramids+of+giza, 
3|1847, 0|11910, 3|12849, 0|14914, 3|15882, 0|16905, pyongyang, 
3|1555, 0|16592, toronto+canada, 
2|1242, 3|2254, 0|6319, 3|7250, 0|15340, 3|16280, 0|17283, peking, 
3|1964, 0|8935, 3|9953, 0|14017, 3|14988, 0|17002, pyongyang, 
3|1606, 0|6584, 3|7619, 0|16629, acropolis, 
3|1293, 0|6386, 3|7338, 0|12334, 3|13340, 0|14371, 3|15384, eiffel+tower, 
0|1, 3|2019, 0|16987, wencelas+square+prague, 
3|1634, 0|14661, 3|15711, 0|16696, wencelas+square+prague, 
2|1280, 3|2310, 0|6328, 3|7353, 0|12342, 3|14417, burj+khalifa, 
0|1, 3|1917, 0|16962, peking, 
3|1675, 0|13740, 3|14735, 0|16723, mt.+everest, 
3|1347, 0|6410, 3|7337, 0|14420, 3|15368, taipei+101, 
0|116, 3|2055, 0|14114, 3|15088, 0|17107, mirabell+gardens, 
3|1777, 0|5811, 3|6798, 0|10826, 3|15823, 0|16834, the+great+wall, 
3|1512, 0|6530, 3|7558, 0|12540, 3|14610, 0|16595, burj+khalifa, 
3|2118, 0|13165, 3|15153, 0|17147, mt.+everest, 
3|1841, 0|6859, 3|7862, 2|12928, 3|13899, 0|16944, colosseum+rome, 
3|1575, 0|6641, 3|7634, 2|12630, 3|13655, 2|14641, 3|15635, 0|16623, burj+khalifa, 
3|2224, 0|6206, 3|7233, 1|9197, 3|10214, 0|13243, 3|15258, 0|17241, mt.+everest, 
3|1885, 0|7891, 3|8984, 2|12936, 3|13955, 0|15001, 3|15959, 0|16957, empire+state+building, 
3|1601, 0|11653, 3|12631, 0|16618, wencelas+square+prague, 
2|1282, 3|2288, 0|6366, 3|7334, 0|12332, 3|14349, petronas+towers, 
0|1, 3|1979, 0|12028, 3|13061, 0|17016, petronas+towers, 
3|1650, 2|6712, 3|7695, 0|12726, 3|13727, 0|14670, 3|15684, 0|16675, acropolis, 
3|1411, 0|6393, 3|7430, 0|16416, toronto+canada, 
3|2081, 0|8113, 3|9107, 0|14138, 3|15163, 0|17163, wencelas+square+prague, 
3|1798, 0|12817, 3|13799, 0|16799, petronas+towers, 
3|1496, 2|6474, 3|7496, 0|16489, toronto+canada, 
3|2101, 0|15135, 3|16110, 0|17112, big+ben, 
3|1803, 0|15827, 3|16852, 0|17837, taipei+101, 
2|1186, 3|2158, 0|14257, 3|15275, 0|17218, sydney+harbour, 
3|1922, 0|16928, toronto+canada, 
3|1506, 0|6496, 3|7477, 0|11549, 2|12529, 3|13520, 0|14503, 3|15520, 0|16544, eiffel+tower, 
3|1214, 0|6280, 3|7276, 0|13259, 3|14266, 2|15308, 3|16276, pyongyang, 
0|1, 3|2007, 0|6981, 3|8072, 0|12019, 3|16021, 0|17039, pyramids+of+giza, 
3|1689, 0|14755, 3|15723, 0|16729, empire+state+building, 
3|2343, 0|6334, 3|7380, big+ben, 
0|1, 3|2030, 2|7057, 3|8050, 0|14081, 3|15110, 0|17068, burj+khalifa, 
3|1692, 0|6717, 3|7742, 0|13745, 2|14731, 3|15742, 0|16759, mt.+everest, 
3|1443, 0|6407, 3|7421, 0|12410, 3|13422, 0|14444, 3|15430, 0|16425, cape+town, 
3|2130, 1|15150, 3|16185, 0|17199, acropolis, 
3|1816, 0|16870, mirabell+gardens, 
3|1473, 0|6525, 3|7527, 0|12517, 3|13579, 0|14572, 3|15513, 0|16525, big+ben, 
2|1241, 3|2289, 0|6261, 3|7301, 2|9276, 3|10288, burj+khalifa, 
0|1, 3|1946, 0|11000, 3|12998, 0|14015, 3|15987, 0|16994, cape+town, 
3|1677, 2|6741, 3|7717, 0|11696, 3|13735, 0|14760, 3|15748, 0|16723, burj+khalifa, 
3|1400, 0|6341, 3|7406, 0|11357, 3|13376, 1|14429, 3|15416, 0|16371, sydney+harbour, 
3|2073, 0|15105, 3|16067, 0|17120, acropolis, 
3|1705, 2|6736, 3|7703, 0|11722, 3|13781, 0|16750, sydney+harbour, 
3|1335, 0|13400, 3|14362, 0|16403, eiffel+tower, 
3|1983, 2|7076, 3|8047, 0|12064, 3|13025, 0|17029, petronas+towers, 
3|1697, 0|11704, 3|15720, 0|16715, the+great+wall, 
3|1459, 0|5430, 3|6501, 0|7485, 3|8473, 0|16499, peking, 
3|2108, 0|6138, 3|7185, 0|12170, 3|13146, 0|17157, petronas+towers, 
3|1757, 0|6775, 3|7759, 0|12789, 3|13798, 0|14813, 3|15796, 0|16828, acropolis, 
3|1456, 0|6492, 3|7504, 2|8575, 3|9549, 0|16520, toronto+canada, 
3|2129, 0|6166, 3|7205, 0|9196, 3|10200, 1|15220, 3|16207, 0|17195, taipei+101, 
3|1855, 2|5865, 3|6921, 0|8926, 3|9922, 0|16909, empire+state+building, 
3|1533, 0|11502, 3|12523, 0|13563, 3|15523, 0|16529, cape+town, 
3|2275, 0|6303, 3|7271, 0|13292, 3|15312, 0|17327, sydney+harbour, 
3|1751, 0|5750, 3|6740, 0|10777, 3|15776, 0|16743, the+great+wall, 
3|1415, 0|6459, 3|7436, 0|13485, 3|15446, 0|16483, sydney+harbour, 
2|1131, 3|2149, 0|6133, 3|7131, 0|14174, 3|16189, 0|17174, pyongyang, 
3|1713, 0|5797, 3|6748, 0|7750, 3|8750, 0|12789, 3|15778, 0|16769, colosseum+rome, 
3|1507, 0|10502, 3|15539, 0|16545, the+great+wall, 
3|2114, 0|6206, 3|7131, 0|11166, 3|12227, 0|17197, mirabell+gardens, 
3|1828, 0|6925, 3|7870, 0|16924, big+ben, 
3|1544, 0|6530, 3|7572, 0|13565, 2|14571, 3|15565, 0|16610, empire+state+building, 
3|2148, 0|7183, 3|8150, 0|12180, 3|16217, 0|17222, colosseum+rome, 
3|1900, 0|11907, 3|12912, 0|14916, 3|15965, 0|16954, cape+town, 
3|1624, 0|14711, 3|15684, 0|16685, taipei+101, 
2|1315, 3|2333, 0|6412, 3|7355, 2|15398, 3|16367, pyeongchang, 
0|85, 3|2079, 0|6076, 3|7070, 0|13098, 3|15118, 0|17135, pyongyang, 
3|1461, 0|10513, 3|14510, 0|16533, colosseum+rome, 
2|1254, 3|2237, 0|6223, 3|7265, 0|13333, 3|14258, singapore, 
0|1, 3|1966, 0|5996, 3|7026, 0|10991, 3|12990, 0|15020, 3|16047, 0|17040, singapore, 
3|1672, 0|14715, 3|15725, 0|16700, big+ben, 
3|1326, 0|6342, 3|7353, 0|17410, peking, 
3|2210, 0|6201, 3|7260, 0|11247, 3|16249, 0|17233, the+great+wall, 
3|1908, 0|14969, 3|15934, 0|16948, taipei+101, 
3|1582, 1|10642, 0|11622, 3|15655, 0|16669, pyramids+of+giza, 
3|2286, 0|6324, 3|7325, 0|15354, 3|16312, peking, 
0|1, 3|1952, 0|5982, 3|6936, 0|7971, 3|9002, 0|17008, pyeongchang, 
3|1404, 0|13438, 3|14442, 2|15459, 3|16440, empire+state+building, 
0|1, 3|1989, 0|17020, mirabell+gardens, 
3|1674, 0|6654, 3|7697, 0|12692, 3|13716, 0|15743, 3|20722, 0|21711, empire+state+building, 
3|1245, 0|6257, 3|7217, 2|9275, 3|10237, 0|13288, 3|14302, wencelas+square+prague, 
0|1, 3|1955, 0|5962, 3|6955, 0|11040, 3|16017, 0|17018, the+great+wall, 
3|1665, 2|6696, 3|7654, 0|16702, peking, 
2|1297, 3|2317, 0|6332, 3|7326, 0|13327, 3|14346, singapore, 
0|1, 3|2030, 0|6059, 3|7062, 0|12063, 3|15047, 0|17065, colosseum+rome, 
3|1771, 0|6777, 3|7736, 0|16819, taipei+101, 
3|1417, 0|6379, 3|7384, 2|8405, 3|9466, 2|14426, 3|15405, 0|16458, mirabell+gardens, 
3|2092, 0|6154, 3|7141, 0|13160, 3|15191, 0|17195, sydney+harbour, 
3|1784, 0|6784, 3|7863, 0|11783, 3|15819, 0|16782, pyramids+of+giza, 
3|1472, 0|6544, 3|7528, 0|12593, 3|13514, 0|14529, 3|15546, 0|16568, acropolis, 
2|1238, 3|2188, 0|6226, 3|7172, 0|8213, 3|9264, 0|12253, 3|13238, 0|14254, 2|15264, 3|16274, 0|17246, cape+town, 
3|1948, 0|12986, 3|13968, 0|16971, sydney+harbour, 
3|1638, 0|13732, 3|14713, 0|16685, singapore, 
3|1351, 0|6433, 3|7435, wencelas+square+prague, 
0|91, 3|2094, 0|6070, 3|7135, 0|15157, 3|16143, 0|17134, pyeongchang, 
3|1704, 0|6762, 3|7767, 0|11768, 3|15769, 0|16772, pyramids+of+giza, 
2|1511, 3|2509, 0|6524, 3|7469, 0|16522, pyeongchang, 
3|2190, 0|12240, 3|13198, 0|14213, 3|16203, 0|17223, cape+town, 
3|1838, 0|11854, 2|12875, 3|13861, 0|16885, singapore, 
3|1521, 0|16604, wencelas+square+prague, 
3|2185, 2|7197, 3|8197, 0|13237, 3|14226, 0|15224, 3|16230, 0|17274, empire+state+building, 
3|1867, 0|8907, 3|9926, 0|14940, 3|15928, 0|16989, empire+state+building, 
3|1570, 0|12629, 3|13607, 0|16659, pyeongchang, 
3|1318, 0|6377, 3|7372, pyeongchang, 
