||class android.content.Context:public abstract java.lang.Object android.content.Context.getSystemService(java.lang.String)||class android.app.usage.StorageStatsManager:public long android.app.usage.StorageStatsManager.getFreeBytes(java.util.UUID) throws java.io.IOException
3434426368|1, 3434414080|818, 3434409984|1305, 3434418176|1369, 3434385408|1616, 3434418176|1680, 3434422272|1731, 3434430464|2196, 3434426368|3304, 3434430464|3376, 3434393600|3869, 3434426368|3948, 3434393600|4876, 3434426368|4943, 3434430464|5843, 3434426368|5894, 3434414080|9558, 3434426368|9634, 3434409984|10436, 3434426368|10488, pyongyang, 
3434348544|1, 3434344448|1434, 3434336256|1497, 3434340352|1949, 3434307584|2221, 3434344448|2264, 3434196992|2795, 3434311680|2876, 3434352640|2954, 3434319872|4467, 3434352640|4534, 3434332160|5335, 3434352640|5401, 3434340352|9675, 3434352640|9739, 3434340352|10127, 3434352640|10198, 3434336256|10283, 3434352640|10425, pyongyang, 
3434348544|1, 3434344448|1401, 3434336256|1468, 3434340352|1945, 3434205184|2855, 3434348544|2931, 3434344448|4673, 3434348544|4740, 3434315776|4957, 3434348544|5026, 3434336256|5874, 3434348544|5952, 3434319872|6365, 3434340352|6441, 3434332160|6606, 3434323968|6697, 3434278912|6792, 3434274816|6875, 3434229760|6944, 3434323968|7012, 3434328064|7084, 3434250240|7145, 3434328064|7211, 3434344448|7285, 3434336256|7402, 3434328064|7525, 3434323968|7578, 3434291200|7630, 3434287104|7684, 3434278912|7739, 3434311680|7796, 3434340352|7872, 3434332160|7927, 3434369024|7996, 3434356736|8069, 3434369024|8131, 3434336256|8334, 3434369024|8401, 3434336256|8546, 3434364928|8604, 3434369024|8655, 3434373120|8878, 3434328064|8938, 3434364928|8995, 3434360832|9049, 3434352640|9103, 3434344448|9162, 3434336256|9215, 3434303488|9270, 3434311680|9329, 3434287104|10977, the+great+wall, 
3434283008|1, 3434274816|1352, 3434270720|1412, 3434274816|2012, 3434221568|2758, 3434188800|3589, 3434225664|3669, 3434229760|4866, 3434192896|5064, 3434242048|5131, 3434233856|7664, 3434217472|8813, 3434233856|8881, 3433824256|11857, 3434094592|11920, mt.+everest, 
3434061824|1, 3434057728|1043, 3434061824|1111, 3434057728|1387, 3434049536|1531, 3434053632|1966, 3434049536|2049, 3434053632|2127, 3434061824|2942, 3434033152|3022, 3434000384|4000, 3434029056|4066, 3433996288|5408, 3434024960|5552, 3433984000|8646, 3433979904|8739, 3433975808|9588, 3433979904|9674, 3433963520|10435, 3433979904|10579, 3433627648|12571, 3433844736|12647, 3433824256|14253, 3433791488|14432, burj+khalifa, 
3433766912|1, 3433762816|1355, 3433758720|1425, 3433762816|1911, 3433766912|2329, 3433824256|2900, 3433730048|2963, 3433762816|3054, 3433803776|3130, 3433799680|3811, 3433725952|4004, 3433799680|4094, 3433791488|4931, 3433844736|6286, 3433848832|6455, 3433844736|7769, 3433848832|7848, 3433750528|9397, 3433734144|11358, 3433750528|11533, cape+town, 
3433746432|1, 3433742336|1362, 3433734144|1743, 3433738240|1892, 3433742336|2894, 3433750528|3456, 3433742336|3546, 3433713664|3639, 3433742336|3738, 3433713664|4489, 3433742336|4578, 3433709568|6665, 3433742336|6751, 3433668608|9800, 3433742336|9897, 3433730048|11755, 3433742336|11826, 3433725952|11952, 3433742336|12126, toronto+canada, 
3433738240|1, 3433734144|1384, 3433725952|1769, 3433730048|1998, 3433738240|3515, 3433734144|4301, 3433738240|4402, 3433795584|4885, 3433721856|5168, 3433738240|5268, 3433725952|6437, 3433738240|6505, 3433725952|8254, 3433738240|8369, 3433730048|8473, 3433721856|8693, 3433705472|8782, 3433697280|8894, 3433705472|8968, 3433684992|10572, 3433652224|10737, 3433635840|10832, 3433590784|10911, 3433558016|11004, 3433525248|11104, 3433529344|14313, 3433525248|14378, 3433607168|14704, 3433697280|14788, colosseum+rome, 
3433660416|1, 3433656320|1357, 3433648128|1588, 3433652224|1997, 3433619456|2701, 3433652224|2794, 3433648128|2928, 3433590784|3505, 3433558016|4440, 3433594880|4547, 3433590784|4637, 3433594880|4730, 3433521152|5043, 3433594880|5133, 3433590784|7257, 3433553920|7318, 3433598976|7393, 3433562112|7673, 3433578496|7747, 3433594880|7838, 3433582592|8462, 3433594880|8538, 3433578496|10502, 3433594880|10624, 3433496576|11489, 3433549824|11558, eiffel+tower, 
3433521152|1, 3433517056|1056, 3433521152|1612, 3433512960|1766, 3433521152|3440, 3433480192|3643, 3433521152|3745, 3433517056|4296, 3433406464|6380, 3433586688|6461, 3433598976|6687, 3433582592|11332, 3433598976|11503, toronto+canada, 
3433586688|1, 3433582592|1366, 3433574400|1757, 3433578496|1919, 3433574400|2806, 3433578496|2873, 3433586688|3543, 3433558016|3739, 3433586688|3850, 3433553920|4520, 3433586688|4621, 3433582592|4756, 3433586688|4856, 3433553920|6859, 3433558016|6958, 3433586688|7039, 3433582592|7778, 3433586688|7855, 3433570304|9275, 3433586688|9346, 3433574400|11621, 3433586688|11695, 3433582592|12131, 3433586688|12239, pyeongchang, 
3433566208|1, 3433562112|1335, 3433558016|1847, 3433410560|3424, 3433566208|3525, 3433525248|3610, 3433566208|3705, 3433623552|4772, 3433619456|4883, 3433562112|5262, 3433558016|7145, 3433521152|7345, 3433545728|7427, 3433541632|7507, 3433508864|7663, 3433533440|7735, 3433529344|8190, 3433533440|8267, 3433529344|8346, 3433533440|8416, 3433517056|10164, 3433533440|10324, 3433512960|13334, pyramids+of+giza, 
3433500672|1, 3433492480|344, 3433500672|419, 3433496576|1434, 3433488384|1773, 3433492480|1922, 3433459712|2871, 3433492480|2977, 3433467904|3528, 3433426944|3639, 3433385984|3855, 3433426944|3960, 3433435136|6564, 3433394176|6742, 3433451520|6843, 3433439232|10740, 3433451520|10833, 3433435136|11488, 3433451520|11574, pyongyang, 
3433439232|1, 3433431040|359, 3433439232|438, 3433435136|1353, 3433426944|1849, 3433431040|1920, 3433398272|2754, 3433431040|2834, 3433439232|3534, 3433402368|3649, 3433439232|3735, 3433410560|6909, 3433439232|7001, 3433406464|7136, 3433439232|7279, 3433426944|9461, 3433439232|9582, 3433435136|15403, taipei+101, 
3433422848|1, 3433418752|1370, 3433406464|1741, 3433410560|1822, 3433414656|1952, 3433410560|2839, 3433385984|3654, 3433377792|3741, 3433418752|3827, 3433385984|4534, 3433418752|4617, 3433410560|6876, 3433402368|7116, 3433390080|8319, 3433402368|8400, 3433390080|10114, 3433402368|10310, 3433353216|10765, 3433361408|10848, 3433345024|11194, 3433361408|11356, petronas+towers, 
3433336832|1, 3433332736|1368, 3433324544|1665, 3433328640|1910, 3433332736|2801, 3433340928|3514, 3433312256|3611, 3433340928|3718, 3433398272|4967, 3433394176|5091, 3433336832|5204, 3433320448|5672, 3433304064|6407, 3433320448|6482, 3433316352|7167, 3433320448|7244, 3433213952|7764, 3433369600|7898, 3433357312|8162, 3433361408|8270, 3433353216|8704, 3433340928|9555, 3433353216|9628, 3432751104|13916, 3433201664|13976, pyramids+of+giza, 
3433189376|1, 3433185280|1361, 3433177088|1855, 3433181184|1943, 3433177088|2572, 3433181184|2632, 3433172992|2899, 3433181184|3387, 3432992768|3468, 3433082880|3572, 3433123840|3644, 3433091072|4452, 3433123840|4566, 3433119744|4651, 3433123840|4846, 3433074688|6876, 3433132032|6955, 3433099264|7115, 3433091072|7191, 3433095168|7265, 3433148416|7332, 3433144320|8655, 3433148416|8756, 3433136128|10205, 3433148416|10289, 3433132032|10696, 3433148416|10893, singapore, 
3433140224|1, 3433136128|1390, 3433123840|1786, 3433127936|1869, 3433132032|1956, 3433140224|3394, 3433136128|5723, 3433107456|6516, 3433136128|6608, 3433103360|6694, 3433132032|6770, 3433127936|8909, 3433132032|8985, 3433119744|10131, 3433132032|10222, mt.+everest, 
3433119744|1, 3433115648|1374, 3433111552|1680, 3433115648|1755, 3433107456|1847, 3433111552|1924, 3433107456|2360, 3433111552|2444, 3433107456|3430, 3433115648|3523, 3433078784|3686, 3433115648|3791, 3433111552|6421, 3433115648|6517, 3433111552|6672, 3433099264|9907, 3433033728|10043, 3433070592|10142, big+ben, 
3433046016|1, 3433041920|1376, 3433033728|1764, 3433037824|1895, 3433033728|2716, 3433037824|2782, 3432992768|3338, 3433046016|3458, 3433041920|4355, 3433033728|6140, 3432939520|6538, 3433086976|6624, 3433058304|6784, 3433086976|6863, 3433037824|10427, 3433025536|11056, 3433021440|11160, 3433037824|11235, burj+khalifa, 
3433013248|1, 3433009152|1342, 3433000960|1731, 3433005056|1864, 3433009152|2684, 3432960000|3337, 3433017344|3419, 3433013248|3792, 3432988672|6706, 3433009152|6798, 3433050112|7737, 3433021440|7897, 3433041920|7987, 3433037824|9505, 3433041920|9607, 3433025536|10615, 3433013248|10691, 3433025536|10763, 3433013248|10912, 3432976384|11022, 3432972288|11184, 3432955904|12691, 3432972288|12854, eiffel+tower, 
3432955904|1, 3432951808|1350, 3432943616|1750, 3432947712|1901, 3432955904|3215, 3432951808|4430, 3433021440|7080, 3433033728|7254, 3432931328|9572, toronto+canada, 
3432919040|1, 3432914944|1384, 3432906752|1705, 3432910848|1950, 3432919040|3297, 3432910848|3387, 3432919040|3491, 3432886272|4460, 3432914944|4546, 3432919040|4661, 3432845312|4972, 3432919040|5063, 3432914944|6550, 3432910848|6739, 3432898560|10606, 3432910848|10711, 3432906752|10928, 3432910848|11055, 3432861696|11288, 3432849408|11511, 3432861696|11584, 3432845312|12048, 3432861696|12229, big+ben, 
3432841216|1, 3432833024|322, 3432841216|408, 3432837120|1336, 3432828928|1728, 3432833024|1890, 3432841216|3346, 3432833024|4387, 3432837120|4492, 3432894464|6612, 3432861696|6684, 3432894464|6765, 3432890368|7511, 3432894464|7594, 3432882176|9192, 3432894464|9266, 3432882176|9521, 3432894464|9608, 3432890368|9789, 3432894464|9895, 3432878080|11274, 3432894464|11446, 3432890368|14474, 3432894464|14533, mt.+everest, 
3432882176|1, 3432873984|389, 3432882176|472, 3432878080|1413, 3432869888|1737, 3432873984|1999, 3432841216|2596, 3432873984|2679, 3432882176|3257, 3432845312|3379, 3432882176|3466, 3432824832|4793, 3432882176|4875, 3432837120|7097, 3432865792|7160, 3432869888|7301, 3432857600|7545, 3432812544|10686, 3432779776|10781, 3432812544|10863, 3432796160|11167, 3432812544|11270, mirabell+gardens, 
3432792064|1, 3432787968|1437, 3432783872|2010, 3432779776|2348, 3432783872|2412, 3432779776|2546, 3432783872|2614, 3432787968|2867, 3432796160|3599, 3432759296|3698, 3432796160|3786, 3432792064|4524, 3432787968|4782, 3432792064|4866, 3432701952|6843, 3432812544|6922, 3432845312|7009, 3432800256|7097, 3432849408|7172, 3432853504|8416, 3432849408|8486, 3432833024|11936, 3432804352|12031, 3432800256|12119, acropolis, 
3432792064|1, 3432787968|1124, 3432792064|1209, 3432787968|1364, 3432779776|1707, 3432783872|1863, 3432779776|2220, 3432783872|2286, 3432751104|2630, 3432787968|2696, 3432783872|2844, 3432792064|3632, 3432783872|3704, 3432751104|3809, 3432792064|3895, 3432775680|4468, 3432792064|4564, 3432796160|4755, 3432787968|4859, 3432792064|4963, 3432841216|6929, 3432845312|7011, 3432849408|7162, 3432837120|9810, 3432849408|9910, 3432837120|11317, 3432833024|11429, 3432849408|11560, 3432800256|11623, 3432796160|11693, big+ben, 
3432775680|1, 3432771584|1379, 3432763392|1680, 3432767488|1969, 3432763392|2192, 3432767488|2255, 3432620032|3458, 3432775680|3595, 3432742912|4918, 3432808448|5020, 3432833024|5125, 3432775680|5403, 3432820736|8299, 3432812544|8540, 3432808448|8890, 3432800256|9014, 3432783872|9154, 3432800256|9268, colosseum+rome, 
3432779776|1, 3432775680|1133, 3432779776|1219, 3432775680|1314, 3432771584|1548, 3432775680|1649, 3432767488|1806, 3432771584|1905, 3432779776|3405, 3432742912|3523, 3432779776|3633, 3432775680|4230, 3432779776|4355, 3432792064|6406, 3432783872|6503, 3432812544|6592, 3432796160|11157, 3432812544|11266, wencelas+square+prague, 
3432800256|1, 3432796160|1337, 3432787968|1730, 3432792064|1886, 3432800256|3497, 3432763392|6697, 3432800256|6792, 3432796160|6887, 3432783872|11127, 3432779776|11223, 3432796160|11354, mt.+everest, 
3432779776|1, 3432775680|1399, 3432767488|1724, 3432771584|1938, 3432767488|2844, 3432771584|2924, 3432779776|3517, 3432742912|3645, 3432779776|3748, 3432747008|4476, 3432779776|4588, 3432763392|6843, 3432751104|7243, 3432747008|9724, 3432751104|9852, 3432738816|11168, 3432660992|11257, 3432714240|11349, 3432697856|12148, 3432714240|12252, mirabell+gardens, 
3432689664|1, 3432685568|1432, 3432677376|1758, 3432681472|1916, 3432685568|2694, 3432693760|3363, 3432673280|4297, 3432689664|4438, 3432738816|6728, 3432742912|6824, 3432747008|6995, 3432697856|11475, 3432693760|11542, 3432677376|12324, 3432693760|12406, petronas+towers, 
3432669184|1, 3432665088|1380, 3432660992|1586, 3432656896|1658, 3432660992|1980, 3432665088|2594, 3432673280|3358, 3432644608|3628, 3432673280|3721, 3432669184|4444, 3432595456|4885, 3432669184|4976, 3432714240|6404, 3432718336|6518, 3432714240|6616, 3432710144|8459, 3432714240|8531, 3432624128|10665, 3432665088|10776, 3432648704|11396, 3432665088|11575, 3432628224|15230, 3432665088|15333, mirabell+gardens, 
3432652800|1, 3432648704|1357, 3432644608|1587, 3432640512|1671, 3432644608|1913, 3432648704|2663, 3432656896|3407, 3432628224|3537, 3432615936|3615, 3432656896|3699, 3432632320|4484, 3432652800|4601, 3432558592|6964, 3432697856|7054, 3432665088|7144, 3432701952|7240, 3432697856|7308, 3432648704|7594, 3432681472|7677, 3432697856|7749, 3432685568|10186, 3432697856|10285, 3432681472|10536, 3432697856|10640, 3432648704|10927, 3432644608|10996, eiffel+tower, 
3432636416|1, 3432628224|350, 3432636416|444, 3432632320|1370, 3432628224|1452, 3432632320|1536, 3432624128|1836, 3432628224|1914, 3432636416|3471, 3432632320|3559, 3432595456|3661, 3432636416|3756, 3432632320|4357, 3432558592|4695, 3432632320|4790, 3432669184|6376, 3432701952|6463, 3432714240|6645, 3432689664|7738, 3432714240|7807, 3432697856|10823, 3432714240|10953, pyeongchang, 
3432689664|1, 3432685568|1178, 3432689664|1264, 3432685568|1338, 3432677376|1638, 3432681472|1951, 3432648704|2550, 3432681472|2634, 3432689664|3376, 3432685568|4529, 3432689664|4615, 3432685568|6541, 3432660992|6910, 3432673280|7033, 3432669184|7325, 3432648704|7441, 3432669184|7535, 3432660992|7961, 3432644608|10175, 3432660992|10282, pyramids+of+giza, 
3432640512|1, 3432636416|1395, 3432628224|1633, 3432632320|1924, 3432628224|2722, 3432632320|2798, 3432640512|3504, 3432484864|3592, 3432640512|3685, 3432599552|3776, 3432640512|3864, 3432697856|4746, 3432640512|5471, 3432636416|6674, 3432607744|6771, 3432640512|6874, 3432628224|7589, 3432640512|7668, 3432628224|8446, 3432620032|8557, 3432624128|8810, 3432628224|8903, 3432591360|9040, 3432624128|9114, 3432628224|9195, 3432636416|9957, 3432620032|10099, 3432636416|10202, 3432640512|10392, 3432632320|10540, 3432591360|10668, 3432587264|10735, 3432632320|10799, 3432624128|10865, 3432620032|11017, 3432624128|11091, 3432632320|11411, 3432628224|11488, 3432632320|11661, 3432595456|11863, 3432636416|11945, 3432628224|12037, 3432624128|12165, 3432628224|12226, 3432620032|12296, 3432624128|13318, 3432620032|13378, the+great+wall, 
3432615936|1, 3432607744|371, 3432615936|438, 3432611840|1425, 3432607744|1601, 3432611840|1680, 3432603648|1765, 3432607744|1915, 3432517632|3418, 3432615936|3514, 3432611840|3588, 3432574976|3700, 3432615936|3798, 3432620032|4528, 3432558592|4906, 3432620032|5005, 3432624128|6855, 3432595456|6950, 3432636416|7022, 3432607744|7791, 3432636416|7874, 3432615936|11199, 3432632320|11288, 3432599552|11460, peking, 
3432587264|1, 3432583168|1416, 3432574976|1815, 3432579072|1888, 3432566784|2751, 3432579072|2839, 3432587264|3392, 3432546304|3604, 3432587264|3756, 3432558592|6536, 3432574976|6615, 3432562688|6884, 3432558592|6962, 3432562688|7039, 3432509440|10130, 3432517632|10210, 3432505344|11017, 3432517632|11100, eiffel+tower, 
3432497152|1, 3432493056|1425, 3432488960|1593, 3432484864|1682, 3432480768|1828, 3432484864|1909, 3432488960|1990, 3432456192|2616, 3432488960|2695, 3432497152|3299, 3432493056|4499, 3432419328|4577, 3432493056|4664, 3432562688|6634, 3432517632|6785, 3432574976|6858, sydney+harbour, 
3432546304|1, 3432538112|337, 3432546304|404, 3432542208|1347, 3432534016|1642, 3432529920|1716, 3432534016|1790, 3432538112|1889, 3432501248|2660, 3432538112|2731, 3432546304|3311, 3432509440|3413, 3432542208|3508, 3432546304|3604, 3432550400|3755, 3432546304|3853, 3432534016|4303, 3432501248|4429, 3432534016|4548, 3432517632|8082, 3432534016|8156, 3432529920|8388, 3432534016|8491, 3432517632|10891, 3432534016|10981, 3432345600|15010, 3432534016|15081, taipei+101, 
3432517632|1, 3432513536|1361, 3432509440|1912, 3432476672|2747, 3432509440|2842, 3432517632|3459, 3432468480|3539, 3432464384|4517, 3432468480|6500, 3432464384|6683, singapore, 
3432452096|1, 3432448000|1379, 3432439808|1784, 3432443904|1928, 3432448000|2689, 3432456192|3485, 3432419328|3588, 3432415232|3682, 3432456192|3765, 3432443904|4434, 3432456192|4534, 3432452096|4651, 3432423424|6619, 3432419328|6696, 3432452096|6781, 3432448000|7521, 3432452096|7599, 3432448000|9612, 3432452096|9692, 3432435712|12042, 3432452096|12134, singapore, 
3432439808|1, 3432435712|1383, 3432431616|1960, 3432439808|3482, 3432407040|4709, 3432439808|4795, 3432435712|4877, 3432439808|4968, 3432398848|6754, 3432431616|6841, 3432423424|6926, 3432378368|10168, acropolis, 
3432361984|1, 3432357888|1407, 3432353792|1637, 3432357888|1712, 3432349696|1787, 3432353792|1989, 3432312832|2710, 3432357888|2788, 3432353792|2883, 3432361984|3399, 3432333312|3498, 3432361984|3601, 3432357888|4332, 3432366080|4464, 3432423424|5071, 3432419328|5181, 3432361984|5391, 3432407040|7822, 3432398848|8156, 3432366080|8461, 3432390656|8564, colosseum+rome, 
3432361984|1, 3432357888|1371, 3432345600|1610, 3432349696|1682, 3432353792|1925, 3432361984|3187, 3432321024|3356, 3432361984|3522, 3432357888|4478, 3432361984|4564, 3432329216|6541, 3432316928|6625, 3432370176|6698, 3432333312|6862, 3432370176|6931, 3432345600|7770, 3432370176|7831, 3432374272|8759, 3432370176|8887, 3432357888|9588, 3432370176|9693, 3432325120|10486, 3432308736|10570, 3432325120|10750, 3432099840|14890, 3432169472|14970, 3432325120|15053, 3432304640|15147, petronas+towers, 
3432296448|1, 3432292352|1361, 3432288256|1744, 3432292352|1948, 3432255488|2620, 3432296448|2707, 3432275968|3417, 3432239104|3512, 3432275968|3598, 3432271872|4504, 3432198144|5265, 3432271872|5360, 3432329216|6686, 3432296448|6768, 3432337408|6844, 3432325120|10224, 3432337408|10326, 3432321024|11380, 3432337408|11554, cape+town, 
3432329216|1, 3432325120|1350, 3432316928|1594, 3432312832|1814, 3432321024|1901, 3432325120|2611, 3432202240|3288, 3432333312|3361, 3432292352|3477, 3432333312|3557, 3432312832|4467, 3432333312|4559, 3432316928|8262, 3432333312|8338, 3432321024|10910, 3432316928|11000, 3432333312|11124, peking, 
3432312832|1, 3432308736|1347, 3432304640|1421, 3432308736|1506, 3432300544|1586, 3432304640|1894, 3432300544|2126, 3432304640|2190, 3432312832|3253, 3432275968|3420, 3432312832|3524, 3432275968|4501, 3432312832|4599, 3432300544|6785, 3432267776|6861, 3432300544|6961, 3432288256|7043, 3432275968|8645, 3432288256|8747, 3432235008|10331, 3432222720|10496, 3432235008|10585, 3432218624|10682, 3432235008|10777, eiffel+tower, 
3432210432|1, 3432206336|1349, 3432194048|1700, 3432198144|1790, 3432202240|1929, 3432210432|3277, 3432173568|3378, 3432210432|3471, 3432189952|4702, 3432206336|4819, 3432189952|8737, 3432206336|8843, 3432267776|8927, 3432259584|9143, 3432263680|9279, 3432255488|9446, 3432259584|9796, 3432255488|9866, pyramids+of+giza, 
3432247296|1, 3432243200|1418, 3432235008|1639, 3432239104|1996, 3432247296|3362, 3432210432|3458, 3432247296|3576, 3432243200|4313, 3432214528|4409, 3432247296|4505, 3432255488|6352, 3432263680|6453, 3432271872|6548, 3432267776|9365, 3432271872|9481, 3432255488|10263, 3432271872|10354, pyongyang, 
3432263680|1, 3432259584|1380, 3432251392|1726, 3432255488|1948, 3432263680|3455, 3432226816|3548, 3432263680|3668, 3432230912|4616, 3432263680|4716, 3432189952|5061, 3432263680|5152, 3432235008|6819, 3432259584|6903, 3432243200|10993, 3432259584|11109, toronto+canada, 
3432239104|1, 3432235008|1157, 3432239104|1242, 3432235008|1402, 3432226816|1664, 3432230912|1963, 3432235008|2582, 3432239104|3362, 3432243200|3496, 3432210432|4518, 3432243200|4598, 3432226816|10412, 3432243200|10519, peking, 
3432214528|1, 3431854080|1344, 3431522304|1416, 3430834176|1487, 3432169472|1578, 3432161280|1752, 3432165376|1963, 3432161280|2636, 3432165376|2712, 3432161280|2786, 3432165376|2872, 3432173568|3535, 3432136704|3734, 3432173568|3813, 3432157184|12551, 3432173568|12666, pyongyang, 
3432165376|1, 3432161280|1388, 3432148992|1772, 3432153088|1841, 3432157184|1924, 3432153088|2005, 3432157184|2082, 3432124416|2800, 3432157184|2873, 3432165376|3451, 3432157184|3734, 3432165376|3845, 3432161280|4722, 3432165376|4879, 3432136704|5355, 3432165376|5437, 3432157184|7009, 3432124416|7088, 3432157184|7165, 3432148992|7254, 3432132608|8721, 3432148992|8788, 3432108032|10974, 3432112128|11093, acropolis, 
3432087552|1, 3432083456|1373, 3432075264|1677, 3432079360|1923, 3432083456|2731, 3432091648|3402, 3432054784|3500, 3432091648|3592, 3432071168|4415, 3432087552|4516, 3432095744|7169, 3432128512|7255, 3432124416|7421, 3432099840|7810, 3432124416|7875, 3432112128|10525, 3432124416|10590, 3432112128|11072, 3432124416|11146, 3432058880|11238, 3432071168|11407, eiffel+tower, 
3432062976|1, 3432058880|1355, 3432050688|1790, 3432054784|1868, 3432062976|3442, 3432054784|4642, 3432058880|4748, 3432050688|6755, 3432132608|6843, 3432148992|6934, 3432144896|7867, 3432148992|7941, 3432132608|11045, 3432148992|11133, wencelas+square+prague, 
3432128512|1, 3432124416|1399, 3432116224|1634, 3432120320|2000, 3432124416|3455, 3432128512|3566, 3432099840|4526, 3432124416|4636, 3432128512|6780, 3432095744|6962, 3432124416|7049, 3432128512|7805, 3432124416|7896, 3432120320|9692, 3432124416|9790, wencelas+square+prague, 
3432112128|1, 3432108032|1397, 3432099840|1710, 3432103936|1948, 3432112128|3430, 3432034304|3514, 3431997440|3601, 3432038400|3698, 3432034304|6873, 3432026112|6972, 3432009728|11139, 3432026112|11224, 3431936000|11362, 3431976960|11444, 3431944192|11517, 3431976960|11615, 3431981056|13757, 3431976960|13840, burj+khalifa, 
3431956480|1, 3431952384|1319, 3431944192|1638, 3431948288|1844, 3431911424|2530, 3431948288|2597, 3431952384|2669, 3431960576|3242, 3431940096|3414, 3431960576|3503, 3431931904|4506, 3431952384|4612, 3432005632|6780, 3431940096|6879, 3432005632|6979, 3432009728|7044, 3432005632|9363, 3432009728|9441, 3432013824|11619, 3432009728|11721, peking, 
3431997440|1, 3431993344|1386, 3431985152|1751, 3431989248|1925, 3431993344|2778, 3431997440|3415, 3432001536|3505, 3431993344|4356, 3431997440|4458, 3431964672|6695, 3431997440|6812, 3431985152|9961, 3431997440|10063, 3431981056|11761, 3431997440|11871, mt.+everest, 
3431985152|1, 3431981056|1347, 3431976960|1711, 3431972864|1785, 3431976960|1923, 3431985152|3512, 3431981056|3608, 3431948288|3710, 3431985152|3795, 3431981056|4679, 3431911424|4781, 3431985152|4877, 3431972864|8227, 3431985152|8305, 3431972864|9831, 3431985152|9921, taipei+101, 
3431976960|1, 3431972864|1371, 3431964672|1669, 3431968768|1980, 3431964672|2833, 3431972864|3490, 3431931904|3681, 3431972864|3767, 3431976960|5231, 3431936000|7418, 3431931904|7528, 3431964672|7611, 3431952384|7768, 3431936000|11146, 3431907328|11343, 3431874560|11422, 3431907328|11506, 3431911424|12836, 3431907328|12915, mirabell+gardens, 
3431878656|1, 3431874560|1378, 3431870464|1611, 3431874560|1700, 3431866368|1777, 3431870464|2003, 3431837696|2637, 3431874560|2714, 3431882752|3454, 3431940096|4612, 3431936000|5072, 3431878656|5195, 3431858176|6612, 3431874560|6717, 3431878656|7811, 3431874560|7905, 3431923712|8632, 3431919616|8703, 3431866368|8859, 3431927808|8940, 3431895040|9076, 3431903232|9160, 3431899136|9232, 3431915520|9313, 3431919616|9447, 3431866368|9600, 3431919616|9680, 3431915520|9864, 3431911424|10025, 3431915520|10090, 3431907328|10162, 3431919616|10248, 3431882752|10335, 3431870464|10402, 3431919616|10476, 3431915520|10550, 3431919616|10626, 3431923712|10897, 3431919616|10971, 3431923712|11046, 3431919616|11125, 3431923712|11253, 3431882752|11327, 3431923712|11396, 3431919616|11471, 3431915520|11543, 3431919616|11610, 3431911424|11669, 3431919616|11729, 3431923712|11792, 3431919616|11871, 3431923712|11937, 3431878656|12070, 3431919616|12136, the+great+wall, 
3431890944|1, 3431882752|415, 3431890944|480, 3431886848|1431, 3431878656|1744, 3431882752|1969, 3431890944|3436, 3431854080|4600, 3431895040|4689, 3431862272|7042, 3431903232|7230, 3431899136|11506, 3431903232|11610, 3431854080|12692, 3431862272|12761, burj+khalifa, 
3431854080|1, 3431849984|1392, 3431841792|1761, 3431845888|1919, 3431849984|2898, 3431858176|3552, 3431854080|4562, 3431907328|6396, 3431911424|6593, 3431895040|11985, 3431911424|12088, 3431866368|15153, 3431911424|15228, mt.+everest, 
3431895040|1, 3431890944|1354, 3431878656|1840, 3431886848|1926, 3431895040|3595, 3431854080|3775, 3431895040|3870, 3431862272|4792, 3431817216|4882, 3431890944|4986, 3431862272|6851, 3431882752|6934, 3431878656|7283, 3431882752|7398, 3431878656|7524, 3431870464|7956, 3431837696|8511, 3431862272|8588, 3431845888|10983, 3431862272|11066, 3431428096|14685, 3431780352|14752, 3431735296|15179, 3431780352|15282, colosseum+rome, 
3431759872|1, 3431755776|1405, 3431747584|1895, 3431751680|1961, 3431759872|3527, 3431669760|3667, 3431665664|3768, 3431706624|3893, 3431673856|4353, 3431706624|4454, 3431669760|6641, 3431710720|6731, 3431718912|6834, 3431723008|7006, 3431706624|7633, 3431723008|7711, 3431706624|10918, 3431723008|11022, 3431632896|11278, 3431682048|11349, burj+khalifa, 
3431661568|1, 3431657472|1322, 3431649280|1863, 3431653376|1963, 3431616512|2741, 3431657472|2829, 3431665664|3438, 3431641088|4285, 3431661568|4374, 3431714816|6634, 3431718912|6796, 3431702528|12100, 3431718912|12172, mt.+everest, 
3431706624|1, 3431702528|1346, 3431698432|1803, 3431706624|1884, 3431698432|1966, 3431694336|2631, 3431698432|2693, 3431706624|3414, 3431702528|3576, 3431706624|3669, 3431702528|6019, 3431669760|7630, 3431673856|7806, 3431641088|8567, 3431624704|11693, 3431641088|11867, 3431518208|13293, 3431583744|13378, 3431587840|13470, empire+state+building, 
3431575552|1, 3431567360|342, 3431575552|411, 3431571456|1355, 3431563264|1747, 3431567360|1914, 3431571456|2684, 3431559168|3394, 3431542784|3494, 3431579648|3578, 3431575552|4625, 3431501824|4968, 3431575552|5048, 3431428096|6682, 3431665664|6770, 3431661568|6869, 3431632896|6964, 3431591936|7060, 3431702528|7134, 3431690240|9838, 3431702528|9914, 3431690240|10106, 3431702528|10203, 3431686144|10283, 3431702528|10362, wencelas+square+prague, 
3431686144|1, 3431682048|1352, 3431677952|1570, 3431682048|1653, 3431669760|1719, 3431673856|1799, 3431677952|1952, 3431645184|2651, 3431677952|2716, 3431686144|3312, 3431657472|3577, 3431686144|3670, 3431682048|4864, 3431743488|4946, 3431686144|5225, 3431677952|6942, 3431682048|7031, 3431669760|7201, 3431657472|11243, 3431669760|11325, 3431620608|11592, 3431600128|11667, 3431616512|11746, 3431596032|14808, petronas+towers, 
3431571456|1, 3431567360|1440, 3431563264|1660, 3431567360|1978, 3431571456|2768, 3431596032|3333, 3431591936|4519, 3431587840|4806, 3431591936|4909, 3431501824|6618, 3431612416|6717, 3431645184|6792, 3431620608|7826, 3431645184|7898, 3431596032|10368, 3431571456|10451, 3431591936|10524, 3431575552|10882, 3431591936|11049, petronas+towers, 
3431575552|1, 3431571456|1409, 3431563264|1650, 3431567360|1948, 3431571456|2633, 3431579648|3346, 3431575552|4479, 3431501824|4669, 3431575552|4768, 3431624704|6430, 3431628800|6517, 3431632896|9788, 3431628800|9871, 3431579648|10419, 3431567360|10574, 3431579648|10659, 3431563264|10753, 3431579648|10832, acropolis, 
3431563264|1, 3431559168|1411, 3431550976|1820, 3431555072|1913, 3431559168|2738, 3431567360|3547, 3431563264|4747, 3431489536|5322, 3431563264|5429, 3431583744|6909, 3431624704|7011, 3431628800|8350, 3431624704|8417, 3431612416|10367, 3431624704|10450, 3431620608|11045, 3431608320|11170, 3431624704|11236, toronto+canada, 
3431608320|1, 3431604224|1434, 3431596032|1601, 3431600128|1898, 3431604224|2667, 3431612416|3310, 3431608320|4800, 3431612416|4882, 3431583744|6393, 3431612416|6471, 3431616512|6545, 3431600128|11291, 3431616512|11370, wencelas+square+prague, 
3431591936|1, 3431587840|1343, 3431579648|1572, 3431583744|2028, 3431591936|3297, 3431555072|3498, 3431591936|3618, 3431518208|4876, 3431591936|4972, 3431579648|6594, 3431583744|6691, 3431559168|6767, 3431571456|6849, 3431481344|10652, 3431518208|10734, 3431501824|11494, 3431518208|11599, petronas+towers, 
3431514112|1, 3431510016|1349, 3431501824|1579, 3431505920|1963, 3431510016|2613, 3431518208|3325, 3431514112|3596, 3431518208|3745, 3431493632|4475, 3431514112|4577, 3431538688|6784, 3431571456|6869, 3431579648|6957, 3431583744|8726, 3431579648|8803, 3431567360|10756, 3431579648|10848, 3431563264|10946, 3431579648|11080, toronto+canada, 
3431555072|1, 3431550976|1388, 3431542784|1868, 3431546880|1946, 3431514112|2722, 3431550976|2821, 3431559168|3384, 3431518208|3577, 3431559168|3668, 3431550976|6589, 3431546880|6870, 3431542784|8914, 3431546880|9015, 3431493632|10934, 3431477248|11169, 3431493632|11276, big+ben, 
3431477248|1, 3431473152|1447, 3431469056|1722, 3431473152|1801, 3431464960|1873, 3431469056|1937, 3431473152|2437, 3431469056|2500, 3431477248|3428, 3431436288|3633, 3431477248|3740, 3431473152|4651, 3431378944|6600, 3431530496|6697, 3431534592|6860, 3431510016|7834, 3431534592|7914, 3431530496|9632, 3431534592|9723, 3431522304|11434, 3431534592|11503, 3431518208|12034, 3431534592|12163, 3431530496|14084, 3431534592|14162, 3431489536|16502, 3431534592|16617, taipei+101, 
3431522304|1, 3431518208|1415, 3431510016|1653, 3431514112|1944, 3431518208|2670, 3431514112|2906, 3431522304|3314, 3431526400|4435, 3431522304|4833, 3431526400|4917, 3431493632|6901, 3431526400|6977, 3431522304|12059, 3431526400|12131, 3431510016|12443, 3431526400|12510, sydney+harbour, 
3431510016|1, 3431505920|1405, 3431501824|1553, 3431505920|1631, 3431497728|1725, 3431501824|1998, 3431473152|3434, 3431510016|3534, 3431505920|4744, 3431510016|4856, 3431481344|6349, 3431510016|6447, 3431481344|6546, 3431510016|6630, 3431497728|11220, 3431510016|11295, 3431493632|11481, 3431510016|11614, toronto+canada, 
3431489536|1, 3431485440|1164, 3431489536|1247, 3431485440|1428, 3431477248|1674, 3431481344|1926, 3431477248|2577, 3431481344|2641, 3431489536|3500, 3431448576|3746, 3431489536|3839, 3431485440|4473, 3431489536|4663, 3431460864|6983, 3431477248|7049, 3431444480|7120, 3431477248|7193, 3431448576|7403, 3431464960|7478, 3431452672|9442, 3431464960|9654, 3431452672|10237, 3431448576|10330, 3431464960|10450, 3431407616|11164, 3431411712|11234, eiffel+tower, 
3431403520|1, 3431399424|1431, 3431391232|1601, 3431395328|1985, 3431403520|3284, 3431395328|3389, 3431366656|3505, 3431383040|3580, 3431403520|3676, 3431374848|4401, 3431399424|4533, 3431325696|4893, 3431399424|5012, 3431284736|6376, 3431436288|6477, 3431424000|6574, 3431481344|6650, 3431464960|9207, 3431481344|9312, 3431469056|10310, 3431481344|10443, pyongyang, 
3431460864|1, 3431456768|1408, 3431448576|1716, 3431452672|2006, 3431456768|3378, 3431460864|3466, 3431432192|3576, 3431460864|3710, 3431428096|4845, 3431456768|4939, 3431460864|5026, 3431448576|6701, 3431440384|7250, 3431432192|7477, 3431424000|7785, 3431407616|10738, 3431424000|10812, pyramids+of+giza, 
3431407616|1, 3431403520|1370, 3431395328|1603, 3431399424|1986, 3431407616|3452, 3431366656|3600, 3431407616|3679, 3431464960|4921, 3431391232|5184, 3431407616|5259, 3431374848|6153, 3431407616|6248, 3431342080|7452, 3431391232|7552, 3431366656|7708, 3431243776|11565, 3431256064|11640, 3431321600|11734, 3431309312|12269, 3431321600|12353, 3431305216|12722, 3431321600|12932, empire+state+building, 
3431301120|1, 3431297024|1388, 3431284736|1775, 3431288832|1848, 3431292928|1930, 3431297024|2707, 3431305216|3439, 3431264256|3570, 3431305216|3676, 3431280640|4526, 3431301120|4608, 3431170048|6505, 3431346176|6595, 3431387136|6681, 3431317504|6754, 3431415808|6830, 3431411712|7861, 3431415808|7933, 3431403520|8839, 3431415808|8910, 3431411712|9730, 3431415808|9850, 3431366656|10791, 3431362560|11006, 3431346176|11418, 3431362560|11638, big+ben, 
3431346176|1, 3431342080|1403, 3431337984|1872, 3431333888|2114, 3431337984|2178, 3431346176|3612, 3431309312|3706, 3431317504|3778, 3431346176|3883, 3431321600|4862, 3431342080|4958, 3431395328|6698, 3431399424|6787, 3431395328|8275, 3431399424|8380, 3431387136|10770, 3431399424|10858, 3431358464|11134, 3431350272|11237, 3431342080|11350, 3431346176|11452, 3431329792|12657, 3431346176|12748, burj+khalifa, 
3431329792|1, 3431321600|353, 3431329792|435, 3431325696|1369, 3431358464|1851, 3431321600|1919, 3431325696|2801, 3431333888|3543, 3431297024|3745, 3431333888|3865, 3431309312|4505, 3431329792|4637, 3431383040|6892, 3431387136|7053, 3431370752|11672, 3431387136|11953, mt.+everest, 
3431370752|1, 3431366656|1443, 3431358464|1772, 3431362560|1910, 3431370752|3468, 3431350272|4491, 3431370752|4592, 3431354368|10785, 3431370752|10890, 3431325696|15179, 3431370752|15246, cape+town, 
3431350272|1, 3431346176|1433, 3431337984|1700, 3431342080|1981, 3431346176|2617, 3431350272|3434, 3431342080|3543, 3431354368|3640, 3431350272|4499, 3431354368|4640, 3431350272|4750, 3431354368|4846, 3431342080|6705, 3431333888|6972, 3431321600|9810, 3431333888|9946, 3431288832|11304, 3431276544|11642, 3431288832|11720, acropolis, 
3431280640|1, 3431276544|1402, 3431268352|1719, 3431272448|1967, 3431235584|2669, 3431272448|2736, 3431276544|2823, 3431284736|3355, 3431256064|4552, 3431280640|4656, 3431198720|6871, 3431321600|6952, 3431325696|7026, 3431321600|7709, 3431309312|9527, 3431321600|9619, 3431309312|9729, 3431321600|9825, 3431276544|10308, 3431251968|10404, 3431272448|10493, mirabell+gardens, 
3431264256|1, 3431260160|1394, 3431251968|1720, 3431256064|1888, 3431260160|2713, 3431268352|3418, 3431227392|3534, 3431268352|3618, 3431264256|4075, 3431284736|6693, 3431276544|6779, 3431329792|6841, 3431321600|9797, 3431268352|10098, 3431247872|10178, 3431268352|10293, 3431251968|10978, 3431268352|11052, big+ben, 
3431247872|1, 3431239680|387, 3431247872|457, 3431243776|1469, 3431235584|1637, 3431239680|1953, 3431235584|2356, 3431239680|2447, 3431206912|2652, 3431243776|2720, 3431251968|3469, 3431231488|4337, 3431247872|4455, 3431235584|6869, 3431297024|6961, 3431301120|7058, 3431211008|12005, 3431247872|12102, 3431231488|12579, 3431239680|12660, 3431247872|12726, burj+khalifa, 
3431223296|1, 3431219200|1410, 3431215104|1581, 3431211008|1659, 3431215104|1945, 3431219200|2612, 3431227392|3331, 3431223296|3415, 3431194624|3505, 3431227392|3598, 3431202816|4438, 3431223296|4546, 3431137280|6467, 3431243776|6553, 3431280640|6663, 3431268352|7532, 3431280640|7602, 3431276544|9547, 3431280640|9636, 3431264256|9861, 3431280640|9958, cape+town, 
3431268352|1, 3431260160|406, 3431268352|468, 3431264256|1425, 3431260160|1585, 3431264256|1674, 3431256064|1755, 3431260160|2009, 3431227392|2722, 3431260160|2905, 3431268352|3426, 3431247872|4369, 3431268352|4485, 3431272448|4685, 3431268352|4807, 3431235584|6537, 3431231488|6631, 3431260160|6740, 3431235584|7846, 3431247872|7924, 3431260160|7995, 3431247872|8243, 3431260160|8309, 3431170048|11470, 3431211008|11546, burj+khalifa, 
3431182336|1, 3431178240|1401, 3431170048|1729, 3431174144|2010, 3431178240|2723, 3431186432|3287, 3431145472|3482, 3431186432|3574, 3431161856|4367, 3431182336|4493, 3431096320|6588, 3431235584|6681, 3431202816|6754, 3431235584|6817, 3431239680|7044, 3431227392|9709, 3431239680|9796, 3431223296|9992, 3431239680|10186, sydney+harbour, 
3431235584|1, 3431231488|1357, 3431223296|1863, 3431227392|1930, 3431235584|3424, 3431231488|4169, 3431235584|4260, 3431211008|4337, 3431231488|4418, 3431223296|6709, 3431227392|6792, 3431190528|6872, 3431219200|6956, 3431174144|10231, 3431141376|10324, 3431174144|10408, acropolis, 
3431157760|1, 3431153664|1323, 3431149568|1392, 3431153664|1476, 3431145472|1637, 3431141376|1704, 3431145472|1775, 3431149568|1849, 3431145472|2214, 3431149568|2283, 3431157760|3288, 3431120896|3473, 3431157760|3570, 3431161856|4337, 3431157760|4456, 3431075840|6733, 3431211008|6829, 3431165952|6921, 3431219200|6990, 3431202816|7481, 3431219200|7555, 3431206912|9029, 3431219200|9150, 3431202816|10324, 3431219200|10422, sydney+harbour, 
3431194624|1, 3431190528|1335, 3431182336|1802, 3431186432|1873, 3431182336|1998, 3431186432|2082, 3431182336|2598, 3431186432|2667, 3431153664|2738, 3431186432|2816, 3431190528|3041, 3431186432|3127, 3431194624|3481, 3431251968|5069, 3431194624|5337, 3431182336|6948, 3431186432|7026, 3431174144|7115, 3431120896|11327, 3431116800|11413, 3431120896|12901, 3431116800|12986, 3431079936|15135, 3431116800|15204, eiffel+tower, 
3431096320|1, 3431092224|1354, 3431096320|1893, 3431088128|1984, 3431084032|2853, 3431088128|2929, 3431096320|3561, 3431055360|3656, 3431096320|3746, 3431092224|4609, 3431059456|6906, 3431153664|6995, 3431124992|7157, 3431153664|7238, 3431157760|7672, 3431145472|8616, 3431157760|8682, 3431108608|11344, petronas+towers, 
3431100416|1, 3431096320|1402, 3431092224|1621, 3431088128|1697, 3431092224|1937, 3431088128|2194, 3431092224|2265, 3431096320|2819, 3430948864|3453, 3431104512|3534, 3431161856|4781, 3431104512|5363, 3431071744|6336, 3431075840|6444, 3431100416|6532, 3431014400|8476, 3431149568|8552, 3431145472|8782, 3431096320|9011, 3431149568|9099, 3431108608|9177, 3431141376|9258, 3431116800|9484, 3431137280|9586, 3431100416|9768, 3431141376|9849, 3431137280|10199, 3431120896|10275, 3431141376|10433, 3431108608|10746, 3431137280|10815, 3431141376|10888, 3431108608|10962, 3431141376|11053, 3431137280|11204, 3431141376|11278, 3431104512|11502, 3431137280|11565, 3431141376|11704, 3431137280|12022, the+great+wall, 
3431124992|1, 3431120896|1367, 3431112704|1804, 3431116800|1883, 3431079936|2713, 3431116800|2808, 3431124992|3434, 3431084032|3602, 3431124992|3693, 3431120896|4386, 3431124992|4483, 3431051264|4787, 3431124992|4859, 3431129088|5705, 3431133184|6959, 3431145472|7056, 3431141376|11157, 3431145472|11233, 3431133184|11303, 3431145472|11379, 3431133184|11547, 3431145472|11669, 3431129088|12297, 3431145472|12409, peking, 
3431129088|1, 3431124992|1386, 3431120896|1634, 3431124992|1713, 3431116800|1807, 3431120896|1953, 3431116800|2867, 3431120896|2944, 3431129088|3480, 3431100416|3833, 3431129088|3984, 3431120896|6864, 3431100416|6948, 3431120896|7042, 3431084032|7425, 3431112704|7498, 3431116800|7970, 3431112704|8038, 3431063552|11412, 3431071744|11476, petronas+towers, 
3431043072|1, 3431038976|1362, 3431034880|1838, 3430998016|2862, 3431038976|2957, 3431047168|3618, 3431043072|4605, 3430952960|6855, 3431059456|6954, 3431096320|7044, 3431055360|7415, 3431096320|7482, 3431084032|8130, 3431096320|8199, 3431051264|11824, 3431047168|11904, 3431051264|11981, 3431047168|12072, acropolis, 
3431038976|1, 3431034880|1377, 3431026688|1861, 3431030784|1929, 3431034880|2838, 3431043072|3498, 3431038976|4469, 3431034880|4728, 3430965248|4818, 3431038976|4911, 3431092224|6491, 3431100416|6687, 3431096320|8421, 3431100416|8574, 3431096320|8871, 3431100416|8976, 3431088128|10993, 3431100416|11103, 3430748160|14584, 3431075840|14663, toronto+canada, 
3431063552|1, 3431059456|1441, 3431051264|1825, 3431055360|1908, 3431051264|2746, 3431059456|2821, 3431002112|3486, 3430981632|3594, 3431002112|3674, 3430973440|6574, 3430969344|6648, 3430998016|6736, 3430993920|7507, 3430998016|7585, 3430989824|11696, 3430981632|11793, 3430998016|11859, taipei+101, 
3430973440|1, 3430969344|1420, 3430957056|1753, 3430965248|1925, 3430961152|2061, 3430965248|2137, 3430961152|2781, 3430965248|2866, 3430973440|3415, 3430936576|3616, 3430973440|3710, 3430899712|4755, 3430973440|4839, 3430944768|8473, 3430907904|8571, 3430944768|8663, 3430912000|9123, 3430899712|12105, 3430912000|12217, 3430899712|12768, 3430912000|12851, 3430895616|13055, 3430912000|13148, 3430854656|14374, empire+state+building, 
3430834176|1, 3430830080|1376, 3430821888|1629, 3430825984|1928, 3430830080|2635, 3430682624|3419, 3430838272|3501, 3430830080|4135, 3430834176|4254, 3430887424|7172, 3430920192|7244, 3430952960|7321, cape+town, 
3430936576|1, 3430932480|1417, 3430924288|1968, 3430928384|2050, 3430932480|2993, 3430940672|3555, 3430903808|4552, 3430940672|4685, 3430944768|7954, 3430940672|8038, 3430936576|9750, 3430940672|9861, 3430924288|11316, 3430940672|11533, sydney+harbour, 
3430936576|1, 3430932480|1366, 3430924288|1674, 3430928384|1909, 3430936576|3394, 3430895616|3597, 3430936576|3684, 3430940672|5252, 3430936576|5321, 3430932480|6678, 3430936576|6739, 3430924288|6994, 3430936576|7090, 3430924288|8309, 3430887424|8400, 3430920192|8488, 3430916096|8576, 3430907904|8723, 3430866944|8807, 3430907904|8887, 3430871040|9689, 3430887424|9765, 3430891520|9878, 3430903808|9958, 3430895616|10103, 3430862848|10165, 3430899712|10237, 3430903808|10301, 3430907904|10505, 3430903808|11201, 3430907904|11268, 3430903808|11342, 3430895616|11414, 3430899712|11483, 3430895616|11553, 3430899712|11639, 3430903808|11713, 3430862848|11863, 3430907904|11930, the+great+wall, 
3430891520|1, 3430887424|1417, 3430879232|1722, 3430883328|1938, 3430891520|3396, 3430850560|3599, 3430891520|3681, 3430895616|4499, 3430821888|4674, 3430895616|4769, 3430899712|6562, 3430907904|6649, 3430912000|6808, 3430907904|7812, 3430912000|7900, 3430899712|10808, 3430912000|10916, 3430895616|11010, 3430912000|11101, sydney+harbour, 
3430895616|1, 3430891520|1131, 3430895616|1216, 3430891520|1382, 3430883328|1534, 3430887424|1928, 3430883328|2149, 3430887424|2227, 3430883328|2376, 3430887424|2443, 3430854656|2574, 3430887424|2663, 3430895616|3247, 3430862848|4198, 3430891520|4347, 3430875136|7858, 3430891520|7931, 3430887424|8224, 3430891520|8348, pyongyang, 
3430879232|1, 3430875136|1350, 3430866944|1580, 3430871040|1947, 3430875136|2652, 3430871040|2826, 3430879232|3360, 3430850560|3443, 3430879232|3525, 3430850560|3608, 3430879232|3709, 3430883328|4486, 3430850560|5798, 3430883328|5899, 3430879232|6102, 3430883328|6180, 3430875136|7372, 3430830080|7535, 3430862848|7607, 3430821888|7751, 3430858752|7820, 3430842368|8255, 3430825984|8324, 3430854656|8429, 3430838272|8641, 3430854656|8751, 3430842368|9466, 3430854656|9548, 3430838272|11187, 3430854656|11287, colosseum+rome, 
3430834176|1, 3430830080|1421, 3430821888|1654, 3430825984|1964, 3430834176|3396, 3430707200|3486, 3430834176|3619, 3430830080|3714, 3430834176|3827, 3430830080|4417, 3430834176|4545, 3430891520|5054, 3430866944|5577, 3430834176|5676, 3430830080|6777, 3430834176|6892, 3430801408|6990, 3430834176|7093, 3430821888|8669, 3430830080|8758, 3430834176|8838, 3430776832|8986, 3430821888|9071, 3430838272|9191, 3430830080|9327, 3430842368|9399, 3430838272|9553, 3430842368|9692, 3430838272|9832, 3430850560|9896, 3430858752|10563, 3430821888|10688, 3430854656|10759, 3430846464|10820, 3430809600|10946, 3430842368|11009, 3430846464|11075, 3430838272|11143, 3430834176|11287, 3430838272|11358, 3430793216|11517, 3430838272|11593, 3430846464|11669, 3430805504|11745, 3430846464|11830, 3430854656|12058, 3430817792|12134, 3430805504|12214, 3430842368|12283, 3430838272|12349, 3430842368|12408, 3430834176|12475, the+great+wall, 
3430813696|1, 3430809600|1347, 3430801408|1816, 3430805504|1964, 3430768640|2643, 3430805504|2728, 3430690816|3322, 3430813696|3417, 3430817792|4384, 3430809600|6646, 3430776832|6727, 3430817792|6821, 3430776832|7051, 3430809600|7127, 3430772736|9879, 3430756352|10088, 3430772736|10169, 3430727680|15168, 3430772736|15249, mirabell+gardens, 
3430752256|1, 3430748160|1267, 3430752256|1349, 3430748160|1438, 3430776832|1675, 3430739968|1756, 3430744064|2026, 3430739968|2718, 3430744064|2935, 3430752256|3730, 3430756352|4363, 3430727680|4576, 3430752256|4654, 3430805504|6834, 3430809600|6925, 3430817792|7006, 3430813696|11266, 3430805504|11349, 3430785024|11436, 3430744064|11513, 3430764544|11583, 3430748160|12257, 3430764544|12420, big+ben, 
3430744064|1, 3430739968|1396, 3430731776|1798, 3430735872|1975, 3430682624|3699, 3430744064|3804, 3430727680|3915, 3430744064|4018, 3430731776|4701, 3430739968|4794, 3430735872|7322, 3430768640|7407, 3430739968|7753, 3430715392|7824, 3430739968|7891, 3430723584|9908, 3430739968|9975, 3430674432|12082, 3430682624|12196, empire+state+building, 
3430670336|1, 3430666240|1292, 3430658048|1683, 3430662144|1844, 3430666240|2848, 3430674432|3496, 3430637568|3576, 3430674432|3658, 3430731776|4859, 3430699008|5045, 3430670336|5149, 3430567936|7953, 3430748160|8073, 3430739968|8274, 3430723584|8676, 3430756352|8751, 3430744064|9910, 3430756352|9991, 3430739968|11208, 3430756352|11276, colosseum+rome, 
3430744064|1, 3430735872|368, 3430744064|444, 3430739968|1393, 3430727680|1686, 3430731776|1754, 3430735872|1900, 3430744064|3628, 3430670336|5085, 3430744064|5180, 3430752256|7408, 3430760448|7493, 3430768640|7556, 3430752256|10075, 3430768640|10261, cape+town, 
3430756352|1, 3430752256|1391, 3430744064|1775, 3430748160|1946, 3430723584|3417, 3430756352|3522, 3430719488|3627, 3430752256|3736, 3430756352|3825, 3430682624|4706, 3430756352|4787, 3430723584|7142, 3430756352|7208, 3430744064|7875, 3430756352|7940, 3430739968|10163, 3430756352|10277, taipei+101, 
3430731776|1, 3430723584|385, 3430731776|452, 3430727680|1385, 3430719488|1762, 3430723584|1922, 3430690816|2686, 3430723584|2772, 3430731776|3320, 3430629376|3401, 3430731776|3480, 3430694912|3570, 3430731776|3664, 3430727680|6485, 3430731776|6586, 3430699008|7165, 3430731776|7234, 3430727680|8401, 3430731776|8500, 3430703104|10532, pyeongchang, 
3430694912|1, 3430690816|1452, 3430682624|1630, 3430686720|1923, 3430682624|2680, 3430686720|2765, 3430588416|3487, 3430694912|3606, 3430653952|3707, 3430694912|3782, 3430690816|4351, 3430662144|6579, 3430649856|6677, 3430694912|6760, 3430678528|12083, 3430694912|12172, 3430010880|15490, 3429548032|15558, 3429158912|15630, 3430658048|15694, pyongyang, 
3430645760|1, 3430641664|1386, 3430633472|1792, 3430637568|1952, 3430645760|3509, 3430604800|3636, 3430645760|3730, 3430641664|4340, 3430612992|4476, 3430641664|4575, 3430645760|4667, 3430637568|7640, 3430629376|7868, 3430621184|8319, colosseum+rome, 
3430604800|1, 3430600704|1416, 3430596608|1494, 3430600704|1572, 3430596608|1797, 3430592512|1865, 3430596608|2015, 3430604800|3335, 3430567936|3431, 3430604800|3512, 3430572032|4157, 3430604800|4249, 3430559744|6316, 3430612992|6409, 3430621184|6496, 3430629376|6594, 3430625280|7557, 3430629376|7635, 3430612992|11338, 3430629376|11491, singapore, 
3430608896|1, 3430604800|1408, 3430600704|1662, 3430596608|1738, 3430592512|1868, 3430600704|1966, 3430608896|3172, 3430576128|4091, 3430608896|4188, 3430576128|6531, 3430608896|6610, 3430596608|8172, 3430608896|8298, 3430596608|9580, 3430608896|9667, 3430592512|9811, 3430608896|9929, singapore, 
3430596608|1, 3430592512|1372, 3430584320|1826, 3430588416|1973, 3430584320|2251, 3430588416|2321, 3430584320|2470, 3430588416|2549, 3430596608|3361, 3430555648|3545, 3430596608|3629, 3430563840|4420, 3430592512|4531, 3430596608|4623, 3430559744|6271, 3430592512|6373, 3430588416|6539, 3430498304|10278, 3430490112|10349, 3430547456|10429, 3430531072|11217, 3430547456|11302, 3430502400|15236, 3430547456|15312, big+ben, 
3430526976|1, 3430522880|1421, 3430514688|1674, 3430518784|1923, 3430526976|3205, 3430494208|3408, 3430526976|3504, 3430522880|4194, 3430580224|6455, 3430547456|6544, 3430543360|6657, 3430584320|6742, 3430588416|8755, 3430584320|8822, 3430572032|9656, 3430584320|9770, 3430572032|11800, 3430584320|11878, 3430539264|15226, 3430584320|15305, peking, 
3430559744|1, 3430555648|65, 3430551552|592, 3430555648|663, 3430559744|1153, 3430551552|1757, 3430555648|2828, 3430563840|3476, 3430535168|3646, 3430563840|3726, 3430559744|5520, 3430563840|5621, 3430559744|6980, 3430563840|7952, 3430559744|8039, 3430522880|8964, 3430551552|9073, 3430522880|9378, 3430535168|9462, 3430547456|9527, 3430514688|9742, 3430522880|9814, 3430514688|9915, 3430535168|10003, 3430498304|10071, 3430539264|10167, 3430535168|10618, 3430539264|10814, 3430535168|11597, 3430539264|11669, 3430535168|11986, 3430539264|12059, 3430535168|12357, 3430539264|12508, 3430498304|12935, 3430535168|13005, the+great+wall, 
3430522880|1, 3430518784|1414, 3430514688|1906, 3430522880|3519, 3430510592|3737, 3430522880|3832, 3430526976|4696, 3430522880|4799, 3430526976|4882, 3430531072|6605, 3430539264|6786, 3430543360|6864, 3430526976|10039, 3430543360|10252, taipei+101, 
3430531072|1, 3430526976|1433, 3430514688|1824, 3430518784|1902, 3430522880|1973, 3430518784|2939, 3430522880|3013, 3430531072|3681, 3430486016|3804, 3430531072|3885, 3430522880|4917, 3430469632|5276, 3430522880|5370, 3430510592|6907, 3430522880|6989, 3430514688|7835, 3430518784|7950, 3430506496|8090, 3430502400|8325, 3430490112|8899, 3430502400|8975, 3430486016|9216, 3430502400|9294, pyramids+of+giza, 
3430486016|1, 3430481920|1349, 3430477824|1844, 3430486016|1923, 3430477824|2028, 3430445056|2814, 3430477824|2899, 3430473728|3055, 3430481920|3576, 3430486016|4544, 3430412288|5183, 3430486016|5273, 3430440960|6906, 3430461440|7003, 3430502400|7095, 3430510592|7256, peking, 
3430490112|1, 3430486016|1446, 3430490112|1952, 3430481920|2031, 3430490112|3671, 3430486016|3776, 3430490112|3856, 3430486016|6275, 3430490112|6355, 3430461440|7343, 3430490112|7423, 3430473728|9351, 3430490112|9440, 3430473728|12344, 3430490112|12439, pyeongchang, 
3430473728|1, 3430469632|1403, 3430461440|1702, 3430465536|1943, 3430469632|3058, 3430465536|3127, 3430473728|3574, 3430445056|3656, 3430436864|3760, 3430473728|3852, 3430469632|4640, 3430473728|4736, 3430436864|7745, 3430404096|7812, 3430440960|7888, 3430408192|9340, 3430350848|12711, 3430363136|12781, 3430326272|15248, 3430363136|15327, empire+state+building, 
3430342656|1, 3430338560|1355, 3430330368|1830, 3430334464|1917, 3430342656|3636, 3430346752|4355, 3430342656|4573, 3430203392|6752, 3430420480|6847, 3430440960|7078, 3430428672|11109, 3430440960|11232, 3430350848|11309, 3430371328|11409, 3430391808|11481, mirabell+gardens, 
3430375424|1, 3430371328|1367, 3430363136|1755, 3430367232|1916, 3430371328|2773, 3430379520|3494, 3430354944|4803, 3430375424|4902, 3430195200|7763, 3430400000|7856, 3430404096|7993, 3430371328|8056, 3430404096|8120, 3430391808|8417, 3430404096|8480, 3430383616|9248, 3430367232|10926, 3430383616|11032, 3430260736|12352, 3430326272|12419, 3430322176|20356, empire+state+building, 
3430297600|1, 3430289408|333, 3430297600|406, 3430301696|490, 3430297600|1409, 3430289408|1697, 3430293504|1912, 3430297600|2614, 3430301696|3309, 3430305792|3395, 3430277120|3578, 3430305792|3678, 3430301696|4611, 3430297600|4722, 3430301696|4835, 3430227968|4967, 3430301696|5052, 3430215680|6419, 3430391808|6520, 3430428672|6701, 3430424576|7671, 3430428672|7747, wencelas+square+prague, 
3430416384|1, 3430412288|1425, 3430404096|1578, 3430408192|1953, 3430404096|2490, 3430408192|2556, 3430416384|3476, 3430412288|6148, 3430416384|6219, 3430383616|6298, 3430416384|6382, 3430412288|6453, 3430387712|7816, 3430412288|7915, 3430400000|8615, 3430395904|8743, 3430387712|8896, 3430383616|9217, 3430379520|9591, 3430383616|10104, 3430375424|10256, 3430371328|10515, 3430363136|10689, 3430367232|10756, 3430371328|10857, 3430342656|10949, 3430379520|11039, 3430375424|11113, 3430383616|11186, 3430387712|11258, 3430342656|11334, 3430387712|11420, 3430379520|11727, 3430342656|11795, 3430375424|11875, 3430367232|12016, 3430371328|12079, 3430334464|12143, 3430379520|12219, 3430383616|12280, 3430379520|12340, 3430338560|12401, 3430387712|12467, the+great+wall, 
3430367232|1, 3430363136|1371, 3430354944|1750, 3430359040|1945, 3430322176|2641, 3430359040|2712, 3430367232|3504, 3430330368|3606, 3430367232|3735, 3430334464|4257, 3430371328|4387, 3430367232|4746, 3430371328|4832, 3430326272|6412, 3430375424|6511, 3430387712|6614, 3430363136|7795, 3430387712|7856, 3430383616|9966, 3430387712|10061, 3430371328|10531, 3430387712|10634, peking, 
3430379520|1, 3430375424|1369, 3430367232|1841, 3430371328|1919, 3430379520|3687, 3430342656|3806, 3430379520|3933, 3430363136|11272, 3430379520|11372, singapore, 
3430359040|1, 3430354944|1409, 3430346752|1872, 3430350848|1957, 3430359040|3458, 3430322176|3559, 3430359040|3662, 3430416384|4864, 3430342656|5317, 3430359040|5385, 3430346752|7967, 3430359040|8066, 3430350848|8996, 3430338560|9219, 3430334464|9309, 3430330368|9450, 3430313984|10254, 3430330368|10333, 3430326272|13704, 3430330368|13766, colosseum+rome, 
3430322176|1, 3430318080|1367, 3430309888|1770, 3430313984|1916, 3430322176|3578, 3430289408|4666, 3430322176|4798, 3430330368|6969, 3430338560|7057, 3430346752|7147, 3430322176|7824, 3430346752|7905, 3430330368|11477, 3430346752|11567, taipei+101, 
3430326272|1, 3430322176|1338, 3430318080|1646, 3430313984|1725, 3430318080|1882, 3430326272|3346, 3430285312|3550, 3430326272|3633, 3430293504|4686, 3430326272|4810, 3430313984|6746, 3430281216|6904, 3430313984|6982, 3430273024|7053, 3430301696|7122, 3430256640|10272, 3430264832|10375, 3430252544|10448, 3430264832|10517, 3430248448|11322, 3430264832|11441, mirabell+gardens, 
3430244352|1, 3430240256|1465, 3430244352|1938, 3430236160|2020, 3430240256|2756, 3430248448|3496, 3430244352|4402, 3430301696|6800, 3430313984|6969, 3430297600|11022, 3430313984|11124, 3430318080|11800, 3430313984|11895, sydney+harbour, 
3430293504|1, 3430289408|1438, 3430281216|1784, 3430285312|1954, 3430252544|2630, 3430285312|2708, 3430293504|3433, 3430289408|4604, 3430285312|6936, 3430289408|7019, 3430281216|8143, 3430277120|8429, 3430240256|8652, 3430268928|8723, 3430260736|8869, 3430244352|9981, 3430260736|10072, pyramids+of+giza, 
3430248448|1, 3430244352|1370, 3430236160|1706, 3430240256|1935, 3430236160|2008, 3430240256|2089, 3430207488|2634, 3430240256|2740, 3430248448|3350, 3430211584|3516, 3430219776|3607, 3430248448|3729, 3430174720|4750, 3430248448|4838, 3430256640|6631, 3430215680|6793, 3430256640|6865, 3430162432|10056, 3430219776|10169, acropolis, 
3430195200|1, 3430187008|349, 3430195200|429, 3430191104|1386, 3430182912|1600, 3430187008|2039, 3430150144|2682, 3430191104|2768, 3430199296|3414, 3430162432|3501, 3430199296|3597, 3430195200|4655, 3430105088|6376, 3430215680|6473, 3430256640|6575, 3430244352|8855, 3430256640|8957, 3430244352|10253, 3430256640|10344, 3430240256|11006, 3430256640|11108, cape+town, 
3430248448|1, 3430240256|327, 3430248448|404, 3430244352|1381, 3430236160|1625, 3430240256|1948, 3430244352|2665, 3430252544|3430, 3430219776|3532, 3430252544|3628, 3430227968|4691, 3430248448|4800, 3430232064|6756, 3430215680|6846, 3430219776|6946, 3430248448|7030, 3430244352|9965, 3430248448|10054, 3430236160|10407, 3430248448|10510, 3430236160|10951, 3430248448|11021, 3430232064|11614, 3430248448|11708, sydney+harbour, 
3430236160|1, 3430232064|1414, 3430223872|1724, 3430227968|1945, 3430223872|2987, 3430232064|3514, 3430236160|4526, 3430203392|6787, 3430236160|6870, 3430223872|9937, 3430236160|10136, 3430219776|12481, 3430236160|12580, singapore, 
3430215680|1, 3430211584|1424, 3430207488|1506, 3430211584|1601, 3430203392|1678, 3430207488|2021, 3430203392|2283, 3430207488|2381, 3430174720|2586, 3430207488|2661, 3430215680|3330, 3430182912|6607, 3430219776|6696, 3430223872|6772, 3430219776|10691, 3430223872|10800, 3430207488|11979, 3430223872|12066, wencelas+square+prague, 
3430215680|1, 3430211584|1432, 3430203392|1790, 3430207488|1952, 3430174720|2649, 3430207488|2726, 3430215680|3461, 3430174720|3559, 3430215680|3639, 3430191104|4304, 3430215680|4428, 3430182912|6663, 3430211584|6761, 3430207488|7065, 3430195200|9880, 3430207488|9967, 3430191104|10364, 3430174720|10476, 3430207488|10566, pyeongchang, 
3430178816|1, 3430174720|1468, 3430170624|1553, 3430174720|1632, 3430166528|1858, 3430170624|2007, 3430166528|2793, 3430174720|3454, 3430178816|4355, 3430236160|5044, 3430178816|5419, 3430162432|7107, 3430141952|7186, 3430170624|7259, 3430166528|7331, 3430158336|7418, 3430125568|7485, 3430150144|7567, 3430137856|9245, 3430150144|9318, 3430125568|14592, pyramids+of+giza, 
3430113280|1, 3430109184|1433, 3430105088|1773, 3430100992|1848, 3430105088|2005, 3430113280|3500, 3430043648|3593, 3430006784|3709, 3430043648|3803, 3430051840|6984, 3430068224|7175, 3430064128|7761, 3430068224|7847, pyeongchang, 
3430055936|1, 3430051840|1376, 3430047744|1603, 3430051840|1685, 3430043648|1773, 3430047744|1914, 3430014976|2749, 3430047744|2860, 3430055936|3465, 3430014976|3651, 3430055936|3730, 3430047744|4486, 3430051840|7074, 3430047744|7239, 3430051840|7307, 3430039552|10112, 3430051840|10228, cape+town, 
3430043648|1, 3430039552|1280, 3430035456|1838, 3430043648|3550, 3430006784|3643, 3430043648|3740, 3430010880|6801, 3430014976|6891, 3430043648|6959, 3430027264|7625, 3430043648|7700, 3430019072|7770, 3430043648|7851, 3430027264|10528, 3430043648|10599, singapore, 
3430019072|1, 3430014976|1439, 3430010880|1601, 3430014976|1689, 3430002688|1860, 3430010880|1939, 3430014976|3439, 3429982208|3547, 3430019072|3658, 3429986304|4543, 3430019072|4633, 3430023168|6788, 3430010880|6860, 3430023168|6949, wencelas+square+prague, 
3430006784|1, 3430002688|1419, 3429998592|1650, 3430002688|1723, 3429994496|1804, 3429998592|1961, 3430006784|3301, 3430064128|4462, 3430006784|5036, 3429982208|7196, 3429969920|7276, 3429974016|7507, 3429937152|7993, 3429920768|11672, 3429871616|11756, 3429826560|11848, 3429892096|11920, empire+state+building, 
3429871616|1, 3429867520|1379, 3429859328|1659, 3429863424|1938, 3429867520|2639, 3429875712|3263, 3429904384|4548, 3429928960|4645, 3429871616|4957, 3429752832|7098, 3429888000|7176, 3429928960|7262, 3429871616|10750, 3429859328|11878, 3429871616|11961, 3429855232|12036, 3429871616|12202, empire+state+building, 
3429855232|1, 3429847040|358, 3429855232|446, 3429851136|1407, 3429847040|1558, 3429851136|1633, 3429842944|1812, 3429847040|1961, 3429842944|2472, 3429847040|2539, 3429851136|2687, 3429859328|3265, 3429855232|4196, 3429838848|4298, 3429855232|4416, 3429715968|6144, 3429908480|6250, 3429920768|6332, 3429941248|6450, 3429974016|6533, 3429969920|8588, 3429974016|8703, 3429961728|10498, 3429974016|10574, 3429969920|11036, 3429974016|11246, pyeongchang, 
3429953536|1, 3429949440|1388, 3429945344|1609, 3429941248|1687, 3429945344|1977, 3429953536|3314, 3429912576|3496, 3429953536|3578, 3429949440|4372, 3429924864|4476, 3429949440|4571, 3429916672|6559, 3429949440|6658, 3429953536|8770, 3429949440|8844, 3429937152|9336, 3429949440|9417, 3429937152|10690, 3429949440|10778, 3429937152|11206, 3429933056|11314, 3429949440|11422, pyeongchang, 
