||class android.content.Context:public abstract java.io.File android.content.Context.getExternalCacheDir()||class java.io.File:public java.io.File java.io.File.getAbsoluteFile()||class java.io.File:public java.io.File java.io.File.getAbsoluteFile()||class java.io.File:public java.io.File java.io.File.getAbsoluteFile()||class java.io.File:public java.io.File java.io.File.getAbsoluteFile()||class java.io.File:public long java.io.File.getUsableSpace()
3434426368|1, 3434414080|745, 3434418176|1305, 3434414080|1369, 3434418176|1446, 3434422272|1611, 3434430464|2197, 3434393600|2331, 3434389504|2411, 3434430464|2496, 3434356736|3111, 3434430464|3177, 3434426368|3880, 3434422272|3954, 3434426368|4030, 3434422272|7306, 3434426368|7399, 3434414080|9107, 3434426368|9167, 3434414080|10207, 3434426368|10254, 3434409984|10309, 3434426368|10469, pyongyang, 
3434348544|1, 3434344448|1372, 3434336256|1490, 3434340352|1949, 3434344448|2258, 3434352640|2788, 3434311680|2881, 3434352640|2967, 3434348544|3520, 3434352640|3607, 3434348544|4469, 3434352640|4530, 3434348544|4600, 3434352640|4687, 3434323968|5264, 3434352640|5344, 3434340352|9341, 3434352640|9407, 3434340352|9550, 3434352640|9612, 3434336256|10213, 3434352640|10360, 3434307584|15086, 3434352640|15143, pyongyang, 
3434348544|1, 3434332160|1413, 3434336256|1462, 3434340352|1943, 3434348544|2785, 3434344448|5107, 3434348544|5174, 3434340352|6381, 3434315776|6527, 3434323968|6626, 3434311680|6794, 3434307584|6883, 3434336256|6956, 3434303488|7027, 3434328064|7074, 3434352640|7147, 3434348544|7211, 3434344448|7286, 3434336256|7354, 3434299392|7464, 3434291200|7516, 3434323968|7567, 3434319872|7639, 3434315776|7676, 3434311680|7749, 3434229760|7793, 3434307584|7873, 3434332160|7933, 3434311680|7998, 3434373120|8074, 3434369024|8131, 3434332160|8419, 3434369024|8474, 3434364928|8550, 3434369024|8596, 3434332160|8757, 3434373120|8819, 3434369024|8882, 3434364928|8945, 3434340352|9044, 3434332160|9095, 3434336256|9155, 3434303488|9204, 3434319872|9266, 3434311680|9317, 3434287104|10962, 3434291200|12504, 3434287104|12548, 3434242048|15104, 3434287104|15156, the+great+wall, 
3434283008|1, 3434278912|1176, 3434283008|1246, 3434274816|1367, 3434270720|1409, 3434266624|1858, 3434274816|1951, 3434283008|2704, 3434217472|2775, 3434209280|2863, 3434221568|2919, 3434225664|3606, 3434221568|3671, 3434225664|3742, 3434176512|4804, 3434229760|4868, 3434188800|5002, 3434242048|5073, 3434233856|7591, 3434217472|8745, 3434233856|8810, 3434090496|11807, 3433824256|11849, 3434094592|11926, mt.+everest, 
3434061824|1, 3434057728|1386, 3434049536|1523, 3434053632|1892, 3434020864|2295, 3434053632|2371, 3434061824|2941, 3434033152|3018, 3433996288|3102, 3434033152|3187, 3434029056|4013, 3434024960|5406, 3434029056|5474, 3434024960|5541, 3433930752|8643, 3433979904|8729, 3433984000|9099, 3433979904|9168, 3433963520|10502, 3433979904|10570, 3433844736|12581, 3433824256|14242, 3433791488|14381, burj+khalifa, 
3433766912|1, 3433762816|1292, 3433758720|1420, 3433762816|1901, 3433725952|2266, 3433766912|2325, 3433824256|2892, 3433668608|2964, 3433803776|3069, 3433799680|3823, 3433766912|4822, 3433791488|4935, 3433811968|6293, 3433832448|6368, 3433848832|6460, 3433832448|8146, 3433848832|8225, 3433750528|9423, 3433738240|9831, 3433750528|9931, 3433738240|11007, 3433750528|11083, 3433734144|11365, 3433750528|11448, cape+town, 
3433746432|1, 3433742336|1193, 3433734144|1749, 3433738240|1880, 3433742336|2792, 3433701376|3646, 3433742336|3746, 3433713664|6465, 3433742336|6751, 3433730048|11076, 3433742336|11173, 3433730048|11498, 3433742336|11580, 3433697280|15172, 3433742336|15235, toronto+canada, 
3433738240|1, 3433734144|1386, 3433725952|1775, 3433730048|1919, 3433738240|3429, 3433721856|4795, 3433795584|4899, 3433771008|5081, 3433738240|5177, 3433725952|8387, 3433730048|8503, 3433721856|8603, 3433705472|8713, 3433717760|8799, 3433713664|8897, 3433705472|8967, 3433684992|10585, 3433652224|10733, 3433590784|10830, 3433574400|10921, 3433525248|11009, 3433705472|14647, 3433512960|14702, 3433697280|14812, 3433660416|15198, 3433697280|15340, colosseum+rome, 
3433660416|1, 3433656320|1367, 3433648128|1593, 3433652224|1907, 3433648128|2423, 3433652224|2487, 3433648128|2921, 3433656320|3433, 3433590784|3513, 3433578496|3648, 3433590784|3753, 3433594880|4475, 3433590784|7258, 3433598976|7327, 3433594880|7678, 3433590784|8707, 3433594880|8821, 3433549824|11488, eiffel+tower, 
3433521152|1, 3433517056|1068, 3433521152|1620, 3433512960|1708, 3433508864|1925, 3433512960|1989, 3433480192|2662, 3433512960|2730, 3433521152|3464, 3433517056|4394, 3433586688|6386, 3433598976|6699, 3433590784|8366, 3433598976|8520, 3433553920|15176, 3433598976|15266, toronto+canada, 
3433586688|1, 3433578496|338, 3433586688|419, 3433582592|1216, 3433586688|1286, 3433582592|1364, 3433574400|1765, 3433578496|1979, 3433562112|3545, 3433586688|3655, 3433545728|3769, 3433586688|3875, 3433582592|4338, 3433586688|4429, 3433512960|5038, 3433586688|5140, 3433574400|9873, 3433586688|10002, 3433574400|10097, 3433586688|10200, 3433574400|11459, 3433582592|11542, 3433586688|11631, 3433541632|15174, 3433586688|15237, pyeongchang, 
3433566208|1, 3433562112|1330, 3433553920|1754, 3433558016|1826, 3433553920|2711, 3433558016|2792, 3433566208|3404, 3433623552|4670, 3433619456|4770, 3433562112|5174, 3433558016|7069, 3433545728|7343, 3433541632|7500, 3433533440|7652, 3433529344|8408, 3433533440|8503, 3433529344|8901, 3433533440|8989, 3433521152|10050, 3433533440|10147, 3433512960|13310, 3433467904|15154, 3433512960|15226, pyramids+of+giza, 
3433500672|1, 3433496576|1363, 3433488384|1700, 3433492480|1919, 3433426944|3531, 3433385984|3767, 3433422848|3884, 3433426944|3981, 3433422848|4481, 3433426944|4614, 3433435136|6593, 3433402368|6670, 3433435136|6766, 3433451520|6858, 3433447424|7764, 3433451520|7871, 3433435136|11394, 3433451520|11516, pyongyang, 
3433439232|1, 3433435136|1358, 3433431040|1848, 3433426944|1983, 3433431040|2053, 3433439232|3470, 3433410560|6834, 3433439232|6924, 3433435136|8515, 3433439232|8609, 3433435136|9487, 3433439232|9598, 3433422848|10237, 3433439232|10409, 3433435136|15398, taipei+101, 
3433422848|1, 3433418752|1389, 3433410560|1672, 3433414656|1887, 3433381888|2708, 3433414656|2780, 3433410560|2849, 3433418752|3554, 3433381888|3661, 3433418752|3749, 3433345024|5277, 3433418752|5351, 3433410560|6893, 3433402368|7122, 3433353216|10778, 3433361408|10843, 3433349120|11099, 3433361408|11209, petronas+towers, 
3433336832|1, 3433332736|1385, 3433324544|1669, 3433328640|1914, 3433332736|2794, 3433340928|3513, 3433328640|4317, 3433340928|4443, 3433324544|4855, 3433398272|4994, 3433394176|5097, 3433336832|5201, 3433320448|5597, 3433283584|7676, 3433369600|7794, 3433361408|8265, 3433328640|8622, 3433353216|8717, 3433340928|9646, 3433353216|9734, 3433201664|13907, pyramids+of+giza, 
3433189376|1, 3433185280|1358, 3433181184|1863, 3433148416|2690, 3433181184|2757, 3433172992|2833, 3433181184|3307, 3433021440|3392, 3433082880|3492, 3433123840|3582, 3433119744|4282, 3433123840|4376, 3433091072|4463, 3433123840|4570, 3433119744|6749, 3433123840|6809, 3433132032|6873, 3433099264|7111, 3433140224|7196, 3433148416|7268, 3433123840|7744, 3433148416|7812, 3433115648|10732, 3433148416|10826, singapore, 
3433140224|1, 3433136128|1387, 3433127936|1711, 3433132032|1957, 3433127936|2176, 3433132032|2252, 3433099264|2633, 3433132032|2713, 3433140224|3393, 3433107456|4617, 3433140224|4714, 3433136128|5725, 3433132032|6764, 3433119744|10226, 3433132032|10316, 3433115648|10710, 3433136128|10824, 3433132032|10901, mt.+everest, 
3433119744|1, 3433115648|1355, 3433107456|1754, 3433111552|1913, 3433078784|2798, 3433111552|2893, 3433107456|3324, 3433115648|3504, 3433078784|3681, 3433115648|3791, 3433041920|5309, 3433115648|5394, 3433078784|6415, 3433115648|6507, 3433111552|6659, 3432955904|9911, 3433070592|10053, 3433025536|15127, 3433070592|15213, big+ben, 
3433046016|1, 3433041920|1379, 3433033728|1772, 3433037824|1895, 3433005056|2645, 3433037824|2723, 3433046016|3350, 3433041920|4279, 3432968192|4748, 3433041920|4828, 3433033728|6156, 3432939520|6548, 3433086976|6632, 3433082880|8340, 3433086976|8433, 3433037824|10367, 3433021440|11094, 3433037824|11249, burj+khalifa, 
3433013248|1, 3433009152|1279, 3433000960|1751, 3433005056|1874, 3433000960|2223, 3433005056|2294, 3432968192|2623, 3433009152|2700, 3432960000|3346, 3432992768|3443, 3433017344|3543, 3433013248|3804, 3433009152|6727, 3433005056|6987, 3433009152|7074, 3432923136|7658, 3433025536|7761, 3433050112|7832, 3433041920|7918, 3433025536|9725, 3433041920|9819, 3433029632|10452, 3433025536|10554, 3432976384|11036, 3432951808|11107, 3432972288|11192, 3432960000|12154, 3432972288|12254, 3432955904|12787, 3432972288|12857, 3432939520|15159, 3432972288|15235, eiffel+tower, 
3432955904|1, 3432951808|1271, 3432947712|1572, 3432943616|1663, 3432947712|1829, 3432943616|2597, 3432947712|2652, 3432955904|3211, 3432951808|4083, 3432955904|4216, 3432951808|4345, 3432878080|4605, 3432951808|4677, 3432955904|4766, 3432951808|4885, 3433021440|7013, 3433033728|7183, 3433029632|8685, 3433033728|8813, 3432931328|9574, 3432914944|10192, 3432931328|10284, toronto+canada, 
3432919040|1, 3432914944|1307, 3432906752|1713, 3432910848|1889, 3432919040|3205, 3432882176|3403, 3432919040|3501, 3432886272|6472, 3432914944|6567, 3432910848|6740, 3432894464|9341, 3432910848|9416, 3432869888|11230, 3432861696|11298, 3432845312|12072, 3432861696|12232, big+ben, 
3432841216|1, 3432837120|1345, 3432828928|1728, 3432833024|1886, 3432804352|3350, 3432800256|3465, 3432841216|3556, 3432820736|4305, 3432837120|4402, 3432894464|6612, 3432890368|6708, 3432894464|6764, 3432878080|11391, 3432894464|11453, mt.+everest, 
3432882176|1, 3432878080|1424, 3432869888|1753, 3432873984|1906, 3432882176|3255, 3432841216|3377, 3432882176|3460, 3432808448|4794, 3432882176|4888, 3432886272|5712, 3432882176|5811, 3432865792|7103, 3432869888|7309, 3432857600|7544, 3432845312|10316, 3432857600|10381, 3432812544|10702, 3432796160|11087, 3432812544|11270, mirabell+gardens, 
3432792064|1, 3432787968|1371, 3432783872|1616, 3432787968|1683, 3432783872|1928, 3432751104|2801, 3432787968|2878, 3432796160|3544, 3432669184|3608, 3432755200|3721, 3432796160|3796, 3432792064|4526, 3432787968|4643, 3432792064|4800, 3432841216|6868, 3432845312|6932, 3432849408|7108, 3432845312|10148, 3432849408|10245, 3432833024|11863, 3432849408|11949, 3432759296|12046, 3432800256|12123, 3432755200|15174, 3432800256|15261, acropolis, 
3432792064|1, 3432787968|1351, 3432779776|1700, 3432783872|1933, 3432787968|2617, 3432783872|2836, 3432792064|3508, 3432759296|3721, 3432792064|3819, 3432796160|4362, 3432775680|4459, 3432792064|4564, 3432808448|6923, 3432845312|7006, 3432800256|7080, 3432849408|7156, 3432833024|11329, 3432808448|11550, 3432800256|11614, 3432796160|11683, 3432751104|15126, 3432796160|15215, big+ben, 
3432775680|1, 3432771584|1196, 3432775680|1280, 3432771584|1361, 3432763392|1677, 3432767488|1886, 3432734720|2625, 3432767488|2704, 3432775680|3359, 3432771584|3481, 3432734720|3581, 3432775680|3663, 3432771584|4806, 3432779776|4906, 3432833024|5010, 3432775680|5300, 3432771584|6730, 3432775680|6815, 3432763392|7062, 3432775680|7126, 3432820736|8288, 3432812544|8448, 3432808448|8823, 3432767488|8936, 3432800256|8998, 3432783872|9147, 3432800256|9271, 3432804352|11811, 3432800256|11896, 3432755200|15133, 3432800256|15205, colosseum+rome, 
3432779776|1, 3432775680|1309, 3432767488|1805, 3432771584|1903, 3432779776|3401, 3432734720|3535, 3432779776|3655, 3432730624|6324, 3432792064|6407, 3432800256|6504, 3432812544|6600, 3432796160|8228, 3432812544|8285, 3432800256|10204, 3432812544|10291, 3432800256|10575, 3432812544|10680, 3432800256|10807, 3432812544|10879, 3432796160|11159, 3432812544|11269, 3432767488|15157, 3432812544|15241, wencelas+square+prague, 
3432800256|1, 3432796160|1321, 3432787968|1727, 3432792064|1870, 3432787968|2791, 3432792064|2861, 3432697856|3397, 3432800256|3482, 3432804352|5325, 3432800256|5398, 3432796160|6870, 3432783872|10871, 3432796160|10952, 3432779776|11129, 3432796160|11354, 3432759296|15105, 3432796160|15184, mt.+everest, 
3432779776|1, 3432775680|1323, 3432767488|1718, 3432771584|1872, 3432779776|3427, 3432775680|3516, 3432738816|3649, 3432779776|3770, 3432767488|4859, 3432779776|4966, 3432763392|6847, 3432751104|7167, 3432738816|9854, 3432751104|9940, 3432714240|11280, mirabell+gardens, 
3432689664|1, 3432685568|1168, 3432689664|1255, 3432685568|1336, 3432677376|1649, 3432681472|1900, 3432644608|2611, 3432685568|2680, 3432693760|3365, 3432669184|3542, 3432693760|3631, 3432665088|4305, 3432689664|4438, 3432685568|4669, 3432689664|4804, 3432591360|6634, 3432742912|6738, 3432747008|6971, 3432722432|7770, 3432747008|7833, 3432669184|11474, 3432693760|11542, 3432677376|12309, 3432693760|12469, 3432656896|15210, 3432693760|15286, petronas+towers, 
3432669184|1, 3432665088|1378, 3432656896|1689, 3432652800|1828, 3432660992|1895, 3432656896|2201, 3432660992|2245, 3432665088|2600, 3432673280|3297, 3432644608|3547, 3432632320|3634, 3432673280|3737, 3432669184|4481, 3432714240|6412, 3432718336|6533, 3432714240|6621, 3432669184|6773, 3432714240|6865, 3432697856|8538, 3432714240|8609, 3432710144|9713, 3432714240|9822, 3432669184|10675, 3432665088|10811, 3432648704|11416, 3432665088|11575, mirabell+gardens, 
3432652800|1, 3432648704|1132, 3432652800|1234, 3432648704|1360, 3432636416|1682, 3432640512|1754, 3432644608|1925, 3432648704|2668, 3432656896|3325, 3432628224|3555, 3432656896|3638, 3432652800|4502, 3432579072|4974, 3432652800|5066, 3432558592|6974, 3432697856|7079, 3432665088|7151, 3432697856|7246, 3432685568|8027, 3432697856|8088, 3432685568|10036, 3432697856|10113, 3432689664|10556, 3432697856|10645, 3432648704|10876, 3432644608|10935, 3432599552|15144, 3432644608|15237, eiffel+tower, 
3432636416|1, 3432632320|1295, 3432628224|1598, 3432632320|1679, 3432624128|1830, 3432628224|1917, 3432624128|2383, 3432628224|2442, 3432558592|3384, 3432636416|3483, 3432632320|4157, 3432636416|4224, 3432632320|4352, 3432628224|4690, 3432632320|4783, 3432701952|6294, 3432714240|6576, 3432697856|7966, 3432714240|8026, 3432701952|10651, 3432714240|10834, 3432669184|15141, 3432714240|15226, pyeongchang, 
3432689664|1, 3432685568|1297, 3432681472|1519, 3432677376|1587, 3432681472|1841, 3432689664|3236, 3432652800|6412, 3432685568|6496, 3432673280|6878, 3432669184|7316, 3432660992|7824, 3432648704|8992, 3432660992|9056, pyramids+of+giza, 
3432640512|1, 3432632320|331, 3432640512|411, 3432636416|1327, 3432628224|1577, 3432632320|1929, 3432599552|2660, 3432632320|2737, 3432640512|3504, 3432599552|3710, 3432640512|3816, 3432624128|4671, 3432697856|4759, 3432624128|5406, 3432640512|5480, 3432628224|8302, 3432620032|8454, 3432579072|8573, 3432620032|8668, 3432624128|8742, 3432574976|8830, 3432615936|8912, 3432628224|8989, 3432624128|9050, 3432628224|9154, 3432595456|9265, 3432628224|9359, 3432587264|9817, 3432636416|9890, 3432599552|10025, 3432595456|10112, 3432636416|10223, 3432599552|10325, 3432603648|10402, 3432632320|10546, 3432628224|10669, 3432632320|10734, 3432624128|10805, 3432579072|11025, 3432624128|11105, 3432620032|11177, 3432624128|11274, 3432583168|11343, 3432632320|11409, 3432591360|11494, 3432628224|11581, 3432632320|11664, 3432636416|11874, 3432628224|12039, 3432624128|12168, 3432628224|12230, 3432620032|12295, the+great+wall, 
3432615936|1, 3432611840|1346, 3432599552|1690, 3432603648|1759, 3432607744|1918, 3432603648|2190, 3432607744|2271, 3432615936|3344, 3432480768|3419, 3432615936|3505, 3432579072|3582, 3432615936|3724, 3432620032|4528, 3432624128|6788, 3432636416|6954, 3432632320|10459, 3432636416|10546, 3432615936|11082, 3432632320|11202, 3432599552|11460, peking, 
3432587264|1, 3432583168|1340, 3432574976|1807, 3432579072|1881, 3432431616|3403, 3432570880|3526, 3432587264|3604, 3432546304|3670, 3432587264|3746, 3432513536|4769, 3432587264|4861, 3432546304|6535, 3432542208|6617, 3432574976|6696, 3432562688|6873, 3432566784|9390, 3432562688|9473, 3432509440|10123, 3432517632|10205, 3432501248|11184, 3432517632|11279, 3432472576|15143, 3432517632|15218, eiffel+tower, 
3432497152|1, 3432493056|1352, 3432484864|1679, 3432488960|1895, 3432484864|2124, 3432488960|2193, 3432497152|3299, 3432493056|4498, 3432378368|6535, 3432529920|6636, 3432562688|6693, 3432574976|6789, 3432562688|8488, 3432574976|8623, 3432558592|10940, 3432574976|11017, sydney+harbour, 
3432546304|1, 3432542208|1318, 3432534016|1551, 3432538112|1861, 3432443904|3300, 3432509440|3403, 3432546304|3498, 3432534016|4204, 3432505344|6575, 3432534016|6672, 3432509440|7730, 3432534016|7793, 3432529920|8387, 3432534016|8497, 3432521728|10791, 3432534016|10880, 3432267776|15004, 3432534016|15103, taipei+101, 
3432517632|1, 3432513536|1297, 3432509440|1830, 3432361984|3452, 3432439808|3543, 3432468480|3647, 3432464384|4509, 3432468480|6501, 3432435712|6606, 3432464384|6756, 3432460288|7557, 3432464384|7624, 3432452096|9637, 3432464384|9839, 3432448000|12077, 3432464384|12180, singapore, 
3432452096|1, 3432448000|1227, 3432439808|1690, 3432443904|1849, 3432439808|1934, 3432443904|2011, 3432439808|2227, 3432443904|2309, 3432448000|2686, 3432325120|3417, 3432439808|3513, 3432419328|3600, 3432456192|3682, 3432452096|4344, 3432423424|4446, 3432456192|4548, 3432452096|4653, 3432419328|6698, 3432452096|6785, 3432439808|9898, 3432452096|10104, 3432439808|11558, 3432452096|11641, 3432435712|11949, 3432452096|12073, singapore, 
3432439808|1, 3432431616|341, 3432439808|408, 3432435712|1401, 3432472576|1885, 3432431616|1966, 3432439808|3480, 3432402944|3576, 3432439808|3659, 3432435712|4978, 3432439808|5074, 3432411136|6669, 3432398848|6760, 3432423424|6863, 3432411136|10048, 3432329216|10178, 3432378368|10269, acropolis, 
3432361984|1, 3432357888|1397, 3432349696|1710, 3432353792|1905, 3432349696|2274, 3432353792|2343, 3432357888|2699, 3432353792|2877, 3432361984|3403, 3432325120|3507, 3432361984|3602, 3432366080|4474, 3432349696|4957, 3432419328|5087, 3432361984|5386, 3432312832|7713, 3432407040|7830, 3432366080|8033, 3432398848|8141, 3432353792|8375, 3432390656|8471, 3432394752|13309, 3432390656|13359, colosseum+rome, 
3432361984|1, 3432357888|1317, 3432349696|1617, 3432353792|1853, 3432361984|3201, 3432329216|4387, 3432361984|4477, 3432370176|6703, 3432357888|9794, 3432370176|9911, 3432325120|10410, 3432308736|10583, 3432325120|10759, 3432280064|14818, 3431899136|14900, 3432325120|14981, 3432304640|15070, 3432259584|15163, 3432304640|15239, petronas+towers, 
3432296448|1, 3432292352|1373, 3432288256|1519, 3432292352|1599, 3432284160|1665, 3432288256|1736, 3432292352|1875, 3432296448|2625, 3432321024|3319, 3432275968|3434, 3432251392|3506, 3432275968|3604, 3432271872|4530, 3432296448|6688, 3432284160|6769, 3432337408|6833, 3432321024|8191, 3432337408|8264, 3432321024|11303, 3432337408|11482, cape+town, 
3432329216|1, 3432325120|1355, 3432316928|1600, 3432321024|1906, 3432316928|2117, 3432321024|2186, 3432325120|2704, 3432333312|3289, 3432312832|4471, 3432333312|4586, 3432259584|4930, 3432333312|5005, 3432337408|8691, 3432333312|8753, 3432316928|11022, 3432333312|11148, 3432288256|15139, 3432333312|15213, peking, 
3432312832|1, 3432308736|1350, 3432300544|1598, 3432304640|1903, 3432312832|3264, 3432292352|3424, 3432312832|3527, 3432308736|4224, 3432312832|4324, 3432300544|6799, 3432288256|7062, 3432275968|10088, 3432288256|10160, 3432194048|10248, 3432235008|10335, 3432218624|10704, 3432235008|10788, eiffel+tower, 
3432210432|1, 3432206336|1358, 3432198144|1597, 3432202240|1844, 3432198144|2585, 3432202240|2655, 3432210432|3176, 3432206336|4705, 3432181760|7797, 3432206336|7913, 3432194048|8552, 3432206336|8641, 3432103936|8850, 3432267776|8909, 3432259584|9132, 3432263680|9213, 3432255488|9442, pyramids+of+giza, 
3432247296|1, 3432243200|1349, 3432235008|1636, 3432239104|1918, 3432214528|3368, 3432247296|3475, 3432243200|4697, 3432247296|4779, 3432198144|6289, 3432222720|6373, 3432263680|6459, 3432271872|6557, 3432247296|7799, 3432271872|7901, 3432259584|9873, 3432271872|9945, 3432275968|14842, 3432271872|14909, pyongyang, 
3432263680|1, 3432259584|1396, 3432251392|1740, 3432255488|1963, 3432251392|2716, 3432255488|2818, 3432263680|3371, 3432251392|3571, 3432263680|3697, 3432259584|4293, 3432263680|4419, 3432230912|6752, 3432259584|6826, 3432247296|8822, 3432259584|8907, 3432243200|10886, 3432259584|11123, toronto+canada, 
3432239104|1, 3432230912|335, 3432239104|399, 3432235008|1333, 3432226816|1592, 3432230912|1887, 3432235008|2572, 3432243200|3274, 3432235008|3388, 3432243200|3504, 3432206336|4517, 3432243200|4611, 3432218624|6623, 3432243200|6686, 3432230912|10162, 3432243200|10230, 3432226816|10421, 3432243200|10526, peking, 
3432214528|1, 3432116224|1282, 3431718912|1347, 3431161856|1415, 3430711296|1493, 3432169472|1594, 3432157184|1751, 3432161280|1831, 3432165376|1962, 3432173568|3546, 3432132608|3738, 3432173568|3814, 3432140800|6572, 3432173568|6654, 3432161280|10557, 3432173568|10678, 3432161280|12448, 3432173568|12580, pyongyang, 
3432165376|1, 3432157184|275, 3432165376|357, 3432161280|1300, 3432153088|1765, 3432157184|1831, 3432165376|3368, 3432124416|3724, 3432165376|3845, 3432157184|6992, 3432148992|7241, 3432136704|10134, 3432148992|10209, 3432095744|10994, 3432112128|11089, 3432095744|11201, 3432112128|11332, acropolis, 
3432087552|1, 3432079360|336, 3432087552|408, 3432083456|1214, 3432087552|1300, 3432083456|1368, 3432079360|1519, 3432083456|1594, 3432075264|1687, 3432079360|1930, 3432083456|2649, 3432091648|3315, 3432062976|3438, 3432050688|3517, 3432091648|3590, 3432087552|4084, 3432091648|4200, 3432087552|4436, 3432128512|7091, 3432124416|7425, 3432108032|8231, 3432124416|8303, 3432071168|11253, eiffel+tower, 
3432062976|1, 3432054784|318, 3432062976|404, 3432058880|1350, 3432050688|1740, 3432054784|1864, 3432062976|3441, 3432026112|3590, 3432062976|3691, 3432038400|4642, 3432058880|4747, 3431948288|6753, 3432132608|6838, 3432148992|6921, 3432132608|10950, 3432148992|11134, 3432112128|15176, 3432148992|15267, wencelas+square+prague, 
3432128512|1, 3432124416|1403, 3432116224|1639, 3432120320|1921, 3432128512|3373, 3432083456|3575, 3432128512|3666, 3432124416|4543, 3432108032|6679, 3432128512|6799, 3432108032|6969, 3432103936|7047, 3432124416|7110, 3432099840|7812, 3432124416|7895, 3432108032|10115, 3432124416|10212, 3431833600|13947, 3432124416|14043, wencelas+square+prague, 
3432112128|1, 3432108032|1358, 3432103936|1453, 3432108032|1522, 3432099840|1699, 3432103936|1921, 3432099840|2207, 3432103936|2272, 3432038400|3396, 3432001536|3487, 3432038400|3580, 3432013824|6726, 3432034304|6856, 3432026112|6932, 3432022016|7627, 3432026112|7708, 3432022016|9590, 3432026112|9675, 3432013824|10801, 3432009728|11016, 3432026112|11111, 3431976960|11342, 3431944192|11488, 3431976960|11621, 3431940096|15133, 3431976960|15220, burj+khalifa, 
3431956480|1, 3431952384|1312, 3431944192|1563, 3431948288|1836, 3431952384|2526, 3431915520|3231, 3431960576|3324, 3431952384|4522, 3431874560|4623, 3431952384|4692, 3431972864|6784, 3432005632|6899, 3432009728|6978, 3431985152|7727, 3432009728|7830, 3431976960|15078, 3432009728|15152, peking, 
3431997440|1, 3431993344|1376, 3431985152|1674, 3431989248|1910, 3431985152|2502, 3431989248|2554, 3431993344|2694, 3432001536|3316, 3431976960|3506, 3432001536|3634, 3431976960|4353, 3431997440|4456, 3431968768|6529, 3431997440|6598, 3431968768|6712, 3431997440|6800, 3431981056|9270, 3431997440|9342, 3431981056|11767, 3431997440|11872, mt.+everest, 
3431985152|1, 3431981056|1144, 3431985152|1236, 3431981056|1325, 3431972864|1757, 3431976960|1843, 3431972864|2700, 3431976960|2769, 3431849984|3511, 3431985152|3579, 3431944192|3698, 3431985152|3779, 3431956480|6468, 3431952384|6578, 3431985152|6732, 3431972864|8072, 3431985152|8137, 3431968768|10287, 3431985152|10490, taipei+101, 
3431976960|1, 3431972864|1375, 3431964672|1604, 3431968768|1988, 3431964672|2249, 3431968768|2337, 3431960576|2694, 3431964672|2850, 3431972864|3426, 3431944192|3597, 3431972864|3696, 3431976960|5269, 3431972864|6042, 3431976960|6114, 3431964672|7436, 3431952384|7785, 3431940096|11077, 3431952384|11167, 3431862272|11259, 3431907328|11350, mirabell+gardens, 
3431878656|1, 3431874560|1375, 3431866368|1760, 3431870464|1915, 3431874560|2708, 3431882752|3358, 3431727104|3457, 3431882752|3539, 3431841792|3635, 3431882752|3753, 3431878656|4217, 3431882752|4301, 3431940096|4603, 3431936000|5062, 3431878656|5199, 3431874560|5892, 3431878656|5991, 3431874560|6618, 3431784448|8548, 3431915520|8623, 3431919616|8691, 3431927808|8844, 3431919616|9065, 3431899136|9156, 3431915520|9230, 3431895040|9373, 3431919616|9431, 3431878656|9510, 3431919616|9582, 3431915520|9869, 3431874560|9934, 3431911424|10006, 3431915520|10066, 3431919616|10253, 3431915520|10315, 3431919616|10400, 3431915520|10533, 3431919616|10604, 3431878656|10670, 3431919616|10733, 3431874560|10814, 3431923712|10876, 3431919616|10950, 3431923712|11026, 3431919616|11105, 3431923712|11231, 3431915520|11307, 3431923712|11379, 3431919616|11460, 3431874560|11522, 3431882752|11600, 3431911424|11646, 3431919616|11705, 3431923712|11780, 3431919616|11860, 3431923712|11916, 3431919616|11983, 3431874560|15133, 3431919616|15221, the+great+wall, 
3431890944|1, 3431886848|1358, 3431878656|1750, 3431882752|1971, 3431886848|3005, 3431882752|3093, 3431870464|3433, 3431890944|3474, 3431862272|3595, 3431849984|3695, 3431890944|3773, 3431895040|4603, 3431849984|4942, 3431895040|5011, 3431903232|7140, 3431886848|11516, 3431903232|11613, 3431862272|12706, burj+khalifa, 
3431854080|1, 3431845888|1306, 3431849984|1388, 3431841792|1763, 3431845888|1917, 3431841792|2044, 3431845888|2119, 3431841792|2536, 3431845888|2607, 3431849984|2814, 3431858176|3476, 3431854080|4582, 3431768064|6329, 3431874560|6400, 3431878656|6487, 3431911424|6595, 3431899136|11185, 3431911424|11250, 3431895040|12006, 3431911424|12090, mt.+everest, 
3431895040|1, 3431890944|1356, 3431886848|1682, 3431890944|1762, 3431882752|1842, 3431886848|1928, 3431895040|3586, 3431882752|3789, 3431895040|3884, 3431890944|4820, 3431895040|5866, 3431890944|5943, 3431878656|6853, 3431882752|6954, 3431845888|7408, 3431878656|7523, 3431841792|7875, 3431854080|7954, 3431870464|8087, 3431837696|8503, 3431862272|8598, 3431849984|9921, 3431862272|9980, 3431854080|10039, 3431862272|10112, 3431845888|10917, 3431862272|10986, 3431575552|14611, 3430998016|14687, 3431780352|14756, colosseum+rome, 
3431759872|1, 3431755776|1317, 3431751680|1881, 3431759872|3437, 3431706624|3548, 3431669760|3661, 3431706624|3770, 3431702528|4546, 3431706624|4613, 3431632896|5072, 3431706624|5193, 3431673856|6728, 3431718912|6835, 3431682048|6910, 3431723008|6999, 3431710720|9440, 3431723008|9525, 3431706624|10701, 3431723008|10833, 3431624704|11270, 3431682048|11339, 3431636992|15180, 3431682048|15250, burj+khalifa, 
3431661568|1, 3431657472|1311, 3431653376|1890, 3431657472|2756, 3431661568|2891, 3431657472|2964, 3431665664|3428, 3431661568|3551, 3431665664|3622, 3431661568|4300, 3431657472|4775, 3431661568|4875, 3431682048|6634, 3431714816|6721, 3431718912|6789, 3431723008|8375, 3431718912|8451, 3431702528|9459, 3431718912|9536, 3431702528|12021, 3431718912|12097, mt.+everest, 
3431706624|1, 3431702528|1320, 3431706624|1876, 3431694336|1952, 3431698432|2021, 3431682048|2957, 3431698432|3032, 3431706624|3389, 3431669760|3554, 3431706624|3647, 3431702528|5994, 3431698432|6186, 3431702528|6279, 3431669760|7623, 3431673856|7704, 3431641088|8544, 3431628800|10518, 3431641088|10628, 3431624704|11670, 3431641088|11849, 3431575552|13193, 3431583744|13273, 3431546880|13353, 3431587840|13455, empire+state+building, 
3431575552|1, 3431571456|1323, 3431563264|1742, 3431559168|1797, 3431567360|1883, 3431571456|2666, 3431579648|3380, 3431550976|4478, 3431575552|4602, 3431665664|6653, 3431632896|6938, 3431702528|7033, 3431677952|7728, 3431702528|7794, 3431690240|9661, 3431702528|9733, 3431657472|15106, 3431702528|15190, wencelas+square+prague, 
3431686144|1, 3431682048|1213, 3431686144|1287, 3431682048|1374, 3431673856|1743, 3431677952|1895, 3431686144|3321, 3431673856|4651, 3431686144|4782, 3431743488|4885, 3431686144|5258, 3431677952|6949, 3431682048|7044, 3431669760|7204, 3431665664|10760, 3431669760|10852, 3431653376|11256, 3431669760|11443, 3431628800|11508, 3431620608|11609, 3431616512|11684, 3431596032|14823, petronas+towers, 
3431571456|1, 3431563264|346, 3431571456|416, 3431567360|1364, 3431563264|1444, 3431567360|1507, 3431563264|1657, 3431567360|1981, 3431534592|2613, 3431571456|2703, 3431596032|3331, 3431555072|3516, 3431596032|3585, 3431575552|4425, 3431591936|4517, 3431641088|6621, 3431645184|6716, 3431649280|7760, 3431645184|7826, 3431641088|8862, 3431645184|8982, 3431604224|10295, 3431596032|10364, 3431591936|10446, 3431575552|10802, 3431591936|10963, petronas+towers, 
3431575552|1, 3431571456|1335, 3431567360|1500, 3431571456|1565, 3431563264|1655, 3431567360|1881, 3431563264|2156, 3431567360|2230, 3431534592|2574, 3431571456|2647, 3431579648|3272, 3431538688|3456, 3431579648|3558, 3431559168|4376, 3431575552|4506, 3431628800|6451, 3431604224|10336, 3431559168|10428, 3431579648|10502, 3431563264|10691, 3431579648|10759, acropolis, 
3431563264|1, 3431559168|1172, 3431563264|1253, 3431559168|1333, 3431550976|1833, 3431555072|1921, 3431550976|2280, 3431555072|2344, 3431559168|2741, 3431567360|3460, 3431530496|3634, 3431567360|3727, 3431563264|4670, 3431477248|6826, 3431583744|6924, 3431624704|7018, 3431608320|11079, 3431624704|11187, 3431579648|15142, 3431624704|15214, toronto+canada, 
3431608320|1, 3431604224|1368, 3431596032|1602, 3431591936|1833, 3431600128|1905, 3431604224|2553, 3431612416|3320, 3431579648|4310, 3431612416|4420, 3431579648|6304, 3431616512|6401, 3431612416|6471, 3431616512|6562, 3431612416|9384, 3431616512|9466, 3431608320|10069, 3431616512|10143, 3431600128|11206, 3431616512|11303, wencelas+square+prague, 
3431591936|1, 3431587840|1090, 3431591936|1161, 3431587840|1314, 3431579648|1540, 3431583744|1837, 3431579648|2361, 3431583744|2415, 3431591936|3275, 3431550976|3484, 3431591936|3591, 3431546880|6580, 3431583744|6677, 3431571456|6750, 3431501824|10639, 3431518208|10703, 3431505920|11111, 3431518208|11178, 3431473152|15136, 3431518208|15207, petronas+towers, 
3431514112|1, 3431510016|1331, 3431501824|1568, 3431505920|1863, 3431510016|2528, 3431514112|3322, 3431518208|3418, 3431481344|3516, 3431518208|3595, 3431514112|4478, 3431419904|6677, 3431571456|6777, 3431579648|6854, 3431575552|8565, 3431579648|8640, 3431563264|10837, 3431579648|11064, toronto+canada, 
3431555072|1, 3431550976|1310, 3431542784|1794, 3431546880|1883, 3431550976|2826, 3431559168|3394, 3431555072|4351, 3431559168|4463, 3431550976|6599, 3431518208|6714, 3431522304|6795, 3431546880|6869, 3431464960|10842, 3431493632|10951, 3431477248|11190, 3431493632|11297, 3431448576|15140, 3431493632|15238, big+ben, 
3431477248|1, 3431473152|1338, 3431464960|1872, 3431469056|1930, 3431395328|3424, 3431440384|3530, 3431477248|3650, 3431473152|4460, 3431456768|4541, 3431473152|4658, 3431530496|6590, 3431497728|6697, 3431534592|6775, 3431518208|9288, 3431534592|9355, 3431522304|11091, 3431534592|11177, 3431530496|11274, 3431534592|11360, 3431522304|11489, 3431534592|11553, 3431518208|11942, 3431534592|12056, taipei+101, 
3431522304|1, 3431518208|1348, 3431510016|1658, 3431514112|1875, 3431518208|2597, 3431514112|2937, 3431522304|3321, 3431526400|4365, 3431522304|4650, 3431526400|4748, 3431452672|4855, 3431526400|4925, 3431514112|11191, 3431526400|11282, 3431514112|12283, 3431510016|12362, 3431526400|12452, sydney+harbour, 
3431510016|1, 3431505920|1394, 3431497728|1620, 3431501824|1902, 3431489536|2566, 3431501824|2650, 3431411712|3247, 3431510016|3297, 3431469056|3426, 3431510016|3537, 3431485440|7795, 3431510016|7883, 3431493632|8969, 3431510016|9045, 3431497728|10968, 3431510016|11039, toronto+canada, 
3431489536|1, 3431485440|1341, 3431477248|1593, 3431481344|1862, 3431489536|3404, 3431448576|3689, 3431489536|3765, 3431456768|4502, 3431489536|4584, 3431415808|5297, 3431489536|5411, 3431477248|7007, 3431464960|7409, 3431378944|11184, 3431411712|11234, 3431366656|15148, 3431411712|15212, eiffel+tower, 
3431403520|1, 3431399424|1377, 3431391232|1602, 3431395328|2003, 3431391232|2190, 3431395328|2274, 3431403520|3295, 3431305216|3404, 3431403520|3517, 3431362560|3583, 3431403520|3678, 3431399424|4433, 3431395328|4704, 3431399424|4825, 3431469056|6396, 3431481344|6589, 3431477248|7573, 3431481344|7652, 3431477248|8857, 3431481344|8933, 3431464960|11981, 3431481344|12173, pyongyang, 
3431460864|1, 3431456768|1403, 3431452672|1550, 3431456768|1634, 3431448576|1711, 3431452672|1911, 3431448576|2000, 3431452672|2080, 3431448576|2407, 3431452672|2468, 3431419904|2643, 3431452672|2731, 3431440384|3370, 3431460864|3458, 3431428096|4741, 3431460864|4951, 3431456768|5134, 3431460864|5204, 3431448576|6696, 3431407616|7142, 3431440384|7248, 3431432192|7471, 3431399424|7670, 3431419904|7780, 3431424000|7898, 3431411712|8454, 3431424000|8525, 3431407616|10626, 3431424000|10732, pyramids+of+giza, 
3431407616|1, 3431403520|1358, 3431395328|1525, 3431399424|1922, 3431366656|2581, 3431399424|2663, 3431407616|3316, 3431464960|4826, 3431460864|5105, 3431407616|5177, 3431383040|7441, 3431391232|7548, 3431358464|7630, 3431366656|7704, 3431309312|11566, 3431321600|11646, 3431309312|12138, 3431321600|12192, 3431305216|12739, 3431321600|12842, 3431276544|15189, 3431321600|15254, empire+state+building, 
3431301120|1, 3431297024|1402, 3431288832|1777, 3431292928|1931, 3431288832|2567, 3431292928|2642, 3431297024|2761, 3431305216|3334, 3431276544|4540, 3431301120|4625, 3431297024|4773, 3431301120|4863, 3431227392|4945, 3431301120|5032, 3431165952|6513, 3431387136|6603, 3431415808|6762, 3431366656|10788, 3431337984|10900, 3431362560|11012, 3431346176|11544, 3431362560|11641, big+ben, 
3431346176|1, 3431342080|1387, 3431333888|1856, 3431337984|1933, 3431333888|2433, 3431337984|2522, 3431333888|2660, 3431337984|2739, 3431346176|3502, 3431309312|3700, 3431305216|3763, 3431346176|3868, 3431342080|4667, 3431346176|4743, 3431342080|4861, 3431362560|6687, 3431366656|6765, 3431399424|6850, 3431350272|11135, 3431346176|11258, 3431329792|12460, 3431346176|12651, burj+khalifa, 
3431329792|1, 3431325696|1364, 3431317504|1858, 3431321600|1936, 3431317504|2268, 3431321600|2335, 3431288832|2737, 3431325696|2814, 3431333888|3473, 3431329792|4516, 3431325696|4813, 3431329792|4908, 3431383040|6901, 3431387136|6978, 3431370752|11684, 3431387136|11783, 3431370752|11868, 3431387136|11963, 3431350272|15150, 3431387136|15271, mt.+everest, 
3431370752|1, 3431366656|1334, 3431358464|1750, 3431362560|1951, 3431358464|2356, 3431362560|2443, 3431329792|2632, 3431362560|2712, 3431370752|3440, 3431366656|4331, 3431370752|4462, 3431366656|6538, 3431370752|6617, 3431358464|6798, 3431370752|6873, 3431346176|7765, 3431370752|7840, 3431358464|10290, 3431370752|10404, cape+town, 
3431350272|1, 3431346176|1344, 3431337984|1606, 3431342080|1899, 3431346176|2549, 3431342080|2607, 3431346176|2692, 3431313408|3324, 3431354368|3434, 3431321600|4522, 3431354368|4645, 3431342080|6617, 3431309312|6695, 3431342080|6771, 3431333888|6969, 3431329792|7883, 3431333888|7967, 3431288832|11302, 3431284736|12341, 3431288832|12425, 3431243776|15156, 3431288832|15268, acropolis, 
3431280640|1, 3431272448|343, 3431280640|404, 3431276544|1337, 3431268352|1732, 3431272448|1903, 3431268352|1991, 3431272448|2050, 3431276544|2679, 3431284736|3361, 3431280640|4335, 3431284736|4448, 3431280640|4575, 3431321600|6879, 3431325696|6972, 3431280640|7652, 3431321600|7720, 3431231488|10240, 3431276544|10313, 3431272448|10416, 3431256064|10619, 3431272448|10714, 3431227392|15148, 3431272448|15229, mirabell+gardens, 
3431264256|1, 3431260160|1319, 3431251968|1726, 3431256064|1891, 3431260160|2711, 3431268352|3346, 3431264256|4175, 3431321600|6707, 3431276544|6778, 3431329792|6860, 3431321600|9809, 3431231488|10024, 3431268352|10113, 3431251968|10925, 3431268352|11058, big+ben, 
3431247872|1, 3431243776|1388, 3431235584|1633, 3431239680|1950, 3431243776|2644, 3431251968|3380, 3431239680|3665, 3431251968|3776, 3431247872|4347, 3431243776|4543, 3431247872|4655, 3431243776|4770, 3431247872|4862, 3431297024|6874, 3431301120|6976, 3431297024|8004, 3431301120|8082, 3431288832|11586, 3431301120|11682, 3431227392|12022, 3431247872|12103, 3431231488|12577, 3431247872|12658, 3431202816|15161, 3431247872|15241, burj+khalifa, 
3431223296|1, 3431219200|1405, 3431206912|1658, 3431211008|1731, 3431215104|1938, 3431219200|2635, 3431227392|3321, 3431186432|3517, 3431227392|3595, 3431202816|4341, 3431223296|4459, 3431276544|6473, 3431243776|6547, 3431256064|6669, 3431280640|6729, 3431268352|7720, 3431284736|7781, 3431280640|7850, 3431264256|9742, 3431280640|9958, cape+town, 
3431268352|1, 3431264256|1407, 3431251968|1659, 3431256064|1739, 3431260160|1920, 3431264256|2721, 3431260160|2894, 3431268352|3414, 3431227392|3583, 3431268352|3678, 3431264256|4200, 3431268352|4273, 3431264256|6535, 3431260160|6726, 3431256064|6931, 3431260160|7018, 3431247872|7972, 3431260160|8033, 3431243776|10331, 3431260160|10420, 3431211008|11464, burj+khalifa, 
3431182336|1, 3431178240|1169, 3431182336|1217, 3431178240|1395, 3431170048|1650, 3431174144|1928, 3431170048|2291, 3431174144|2366, 3431178240|2619, 3431186432|3282, 3431161856|4353, 3431182336|4501, 3431235584|6672, 3431198720|6953, 3431239680|7035, sydney+harbour, 
3431235584|1, 3431231488|1357, 3431223296|1785, 3431227392|1927, 3431235584|3540, 3431231488|4344, 3431227392|4410, 3431231488|4617, 3431202816|6620, 3431227392|6708, 3431219200|6874, 3431174144|10150, 3431141376|10318, 3431174144|10404, 3431161856|10549, 3431174144|10612, 3431157760|11427, 3431174144|11606, acropolis, 
3431157760|1, 3431153664|1330, 3431145472|1558, 3431149568|1844, 3431157760|3290, 3431145472|3483, 3431157760|3570, 3431161856|4337, 3431157760|4450, 3431084032|4891, 3431157760|4992, 3431211008|6740, 3431219200|6991, 3431206912|7848, 3431219200|7908, 3431202816|10150, 3431219200|10339, 3431223296|12299, 3431219200|12371, sydney+harbour, 
3431194624|1, 3431186432|284, 3431194624|369, 3431190528|1327, 3431182336|1738, 3431186432|1874, 3431194624|3416, 3431100416|3501, 3431153664|3622, 3431194624|3714, 3431251968|5089, 3431194624|5259, 3431182336|6951, 3431186432|7031, 3431174144|7118, 3431178240|8866, 3431174144|8946, 3431161856|10415, 3431174144|10500, 3431133184|11247, 3431116800|11348, eiffel+tower, 
3431096320|1, 3431088128|250, 3431096320|339, 3431092224|1254, 3431088128|1758, 3431084032|2038, 3431088128|2107, 3431055360|2759, 3431088128|2851, 3431096320|3451, 3431092224|4591, 3431088128|6808, 3430993920|6889, 3431153664|6981, 3431120896|7057, 3431153664|7224, 3431157760|7651, 3431141376|10619, 3431157760|10725, 3431075840|11326, 3431108608|11398, 3431104512|14683, 3431108608|14775, 3431063552|15111, 3431108608|15200, petronas+towers, 
3431100416|1, 3431096320|1316, 3431088128|1704, 3431092224|1852, 3431096320|2734, 3431104512|3447, 3431088128|4695, 3431161856|4782, 3431104512|5360, 3431100416|6448, 3431014400|8474, 3431149568|8545, 3431129088|8692, 3431145472|8781, 3431149568|9012, 3431141376|9175, 3431137280|9502, 3431124992|9589, 3431137280|9677, 3431141376|9777, 3431104512|10075, 3431096320|10207, 3431079936|10277, 3431100416|10361, 3431141376|10447, 3431137280|10743, 3431141376|10814, 3431137280|10963, 3431141376|11043, 3431100416|11278, 3431141376|11353, 3431137280|11493, 3431096320|11559, 3431137280|11636, 3431141376|11692, 3431104512|11898, 3431100416|11956, 3431137280|12011, the+great+wall, 
3431124992|1, 3431120896|1361, 3431112704|1796, 3431116800|1865, 3431124992|3319, 3431129088|5689, 3431124992|5947, 3431129088|6043, 3431092224|6874, 3431084032|6952, 3431145472|7040, 3431129088|12199, 3431145472|12313, peking, 
3431129088|1, 3431124992|1356, 3431116800|1775, 3431120896|1854, 3431129088|3462, 3431088128|6832, 3431120896|6936, 3431112704|7416, 3431088128|7746, 3431112704|7816, 3431096320|10991, 3431112704|11145, 3431067648|11311, 3431063552|11376, 3431071744|11443, petronas+towers, 
3431043072|1, 3431038976|1366, 3431034880|1675, 3431038976|1754, 3431030784|1836, 3431034880|1901, 3431038976|2955, 3431047168|3609, 3431022592|4521, 3431043072|4600, 3431092224|6864, 3431096320|6964, 3431079936|7487, 3431096320|7544, 3431084032|7997, 3431096320|8066, 3431079936|10600, 3431096320|10683, 3431006208|11751, 3431026688|11834, 3431047168|11901, acropolis, 
3431038976|1, 3431034880|1377, 3431026688|1859, 3431030784|1925, 3431034880|2841, 3431043072|3522, 3431002112|3614, 3431043072|3703, 3431038976|4205, 3431043072|4288, 3431038976|4487, 3431092224|6487, 3431047168|6589, 3431100416|6688, 3431096320|8876, 3431100416|9004, 3431088128|10413, 3431100416|10511, 3431084032|11114, 3431100416|11199, 3430748160|14517, 3430277120|14583, 3431075840|14665, toronto+canada, 
3431063552|1, 3431059456|1338, 3431055360|1667, 3431059456|1737, 3431051264|1835, 3431055360|1910, 3431051264|2404, 3431055360|2479, 3431059456|2768, 3431067648|3399, 3431002112|3502, 3430961152|3590, 3431002112|3669, 3430969344|4242, 3431002112|4358, 3430969344|6651, 3430998016|6810, 3430985728|11533, 3430998016|11612, 3430952960|15151, 3430998016|15219, taipei+101, 
3430973440|1, 3430969344|1286, 3430961152|1781, 3430965248|1925, 3430973440|3425, 3430899712|4690, 3430973440|4768, 3430969344|5688, 3430973440|5782, 3430961152|6927, 3430973440|7029, 3430969344|7397, 3430973440|7486, 3430940672|8507, 3430912000|8603, 3430944768|8686, 3430912000|9131, 3430899712|12870, 3430895616|12967, 3430912000|13078, 3430789120|14265, 3430854656|14381, 3430809600|15189, 3430854656|15253, empire+state+building, 
3430834176|1, 3430830080|1302, 3430821888|1631, 3430825984|1852, 3430830080|2622, 3430838272|3412, 3430801408|3579, 3430838272|3667, 3430817792|4149, 3430834176|4262, 3430830080|4436, 3430834176|4527, 3430760448|5057, 3430834176|5133, 3430690816|7084, 3430887424|7160, 3430850560|7227, 3430952960|7312, 3430948864|8359, 3430952960|8466, 3430936576|9983, 3430952960|10091, 3430907904|15112, 3430952960|15225, cape+town, 
3430936576|1, 3430932480|1347, 3430928384|1978, 3430932480|2134, 3430928384|2203, 3430924288|2619, 3430928384|2695, 3430895616|2846, 3430932480|2948, 3430940672|3565, 3430903808|3786, 3430940672|3932, 3430936576|4794, 3430940672|4901, 3430866944|5039, 3430940672|5147, 3430907904|6883, 3430940672|6961, 3430928384|11053, 3430940672|11148, sydney+harbour, 
3430936576|1, 3430932480|1123, 3430936576|1200, 3430932480|1369, 3430924288|1680, 3430928384|1899, 3430895616|2680, 3430928384|2770, 3430936576|3400, 3430899712|3503, 3430936576|3615, 3430932480|4174, 3430936576|4255, 3430862848|4847, 3430936576|4937, 3430903808|6112, 3430936576|6240, 3430924288|7309, 3430936576|7398, 3430907904|8237, 3430924288|8319, 3430920192|8403, 3430916096|8570, 3430875136|8647, 3430907904|8718, 3430866944|8804, 3430907904|8883, 3430862848|8944, 3430907904|9026, 3430903808|9695, 3430887424|9788, 3430871040|9891, 3430903808|9960, 3430895616|10040, 3430899712|10099, 3430895616|10166, 3430899712|10229, 3430903808|10305, 3430907904|10501, 3430866944|11059, 3430903808|11136, 3430907904|11204, 3430871040|11270, 3430903808|11339, 3430895616|11407, 3430862848|11489, 3430858752|11548, 3430850560|11649, 3430903808|11725, 3430907904|11921, the+great+wall, 
3430891520|1, 3430887424|1312, 3430879232|1643, 3430883328|1852, 3430891520|3345, 3430887424|4415, 3430895616|4511, 3430891520|4690, 3430895616|4784, 3430899712|6473, 3430907904|6664, 3430912000|6738, 3430899712|10266, 3430912000|10388, sydney+harbour, 
3430895616|1, 3430887424|1378, 3430891520|1460, 3430879232|1527, 3430883328|1609, 3430887424|1924, 3430895616|3269, 3430854656|3363, 3430895616|3463, 3430891520|4022, 3430895616|4106, 3430891520|4206, 3430887424|4464, 3430891520|4553, 3430858752|6571, 3430891520|6667, 3430875136|11453, 3430891520|11559, pyongyang, 
3430879232|1, 3430875136|1355, 3430862848|1514, 3430866944|1577, 3430871040|1861, 3430875136|2660, 3430871040|2835, 3430879232|3354, 3430883328|4385, 3430809600|4886, 3430883328|4963, 3430850560|5801, 3430883328|5907, 3430854656|7293, 3430875136|7373, 3430862848|7539, 3430842368|7758, 3430858752|7832, 3430842368|8250, 3430854656|8327, 3430842368|9009, 3430854656|9092, 3430838272|11209, 3430854656|11287, colosseum+rome, 
3430834176|1, 3430830080|1418, 3430821888|1579, 3430825984|1898, 3430834176|3391, 3430891520|5067, 3430817792|5564, 3430834176|5675, 3430817792|6038, 3430834176|6111, 3430830080|7604, 3430834176|7708, 3430821888|8075, 3430834176|8148, 3430838272|9077, 3430842368|9328, 3430797312|9464, 3430838272|9533, 3430842368|9609, 3430834176|9690, 3430842368|9753, 3430850560|9822, 3430809600|10040, 3430850560|10134, 3430813696|10290, 3430850560|10367, 3430805504|10482, 3430825984|10550, 3430858752|10610, 3430854656|10679, 3430809600|10742, 3430846464|10809, 3430842368|10936, 3430846464|10999, 3430801408|11072, 3430838272|11130, 3430834176|11271, 3430797312|11345, 3430801408|11428, 3430838272|11513, 3430793216|11579, 3430846464|11656, 3430801408|11977, 3430854656|12049, 3430850560|12125, 3430842368|12203, 3430838272|12334, 3430842368|12389, 3430834176|12465, the+great+wall, 
3430813696|1, 3430809600|1192, 3430813696|1279, 3430809600|1357, 3430801408|1765, 3430805504|1897, 3430801408|2674, 3430805504|2727, 3430813696|3332, 3430772736|3527, 3430813696|3619, 3430817792|4395, 3430809600|6660, 3430764544|6749, 3430817792|6820, 3430809600|7080, 3430793216|7413, 3430809600|7482, 3430797312|9702, 3430764544|9783, 3430772736|9890, mirabell+gardens, 
3430752256|1, 3430748160|1375, 3430739968|1690, 3430744064|1949, 3430739968|2722, 3430703104|2874, 3430744064|2959, 3430752256|3744, 3430756352|4262, 3430752256|4583, 3430653952|6754, 3430768640|6843, 3430809600|6931, 3430817792|7015, 3430776832|11439, 3430764544|11516, 3430748160|12175, 3430764544|12277, 3430719488|15187, 3430764544|15246, big+ben, 
3430744064|1, 3430739968|1392, 3430735872|1621, 3430739968|1719, 3430731776|1803, 3430735872|1963, 3430731776|2850, 3430735872|2911, 3430744064|3709, 3430703104|3916, 3430744064|4016, 3430731776|4612, 3430735872|4708, 3430739968|4776, 3430744064|5868, 3430739968|5963, 3430768640|7318, 3430739968|7740, 3430727680|11554, 3430723584|11660, 3430727680|11783, 3430739968|11882, 3430670336|12102, 3430682624|12184, 3430666240|12423, 3430682624|12521, empire+state+building, 
3430670336|1, 3430666240|1296, 3430658048|1678, 3430662144|1844, 3430658048|1929, 3430662144|2006, 3430666240|2770, 3430674432|3390, 3430731776|4886, 3430727680|4972, 3430731776|5057, 3430670336|5158, 3430744064|7994, 3430748160|8075, 3430739968|8196, 3430653952|8578, 3430756352|8685, 3430744064|10316, 3430756352|10399, colosseum+rome, 
3430744064|1, 3430739968|1218, 3430731776|1681, 3430735872|1900, 3430744064|3624, 3430703104|3816, 3430744064|3891, 3430699008|7328, 3430719488|7414, 3430760448|7485, 3430768640|7568, 3430756352|8027, 3430768640|8092, 3430764544|8541, 3430768640|8685, 3430756352|9616, 3430768640|9698, 3430731776|15108, 3430768640|15186, cape+town, 
3430756352|1, 3430752256|1376, 3430744064|1685, 3430739968|1868, 3430748160|1937, 3430744064|2507, 3430748160|2584, 3430756352|3418, 3430715392|3624, 3430756352|3738, 3430752256|4348, 3430756352|4448, 3430723584|7134, 3430756352|7208, 3430731776|7796, 3430756352|7874, 3430739968|10175, 3430756352|10263, 3430711296|15139, 3430756352|15217, taipei+101, 
3430731776|1, 3430727680|1390, 3430715392|1700, 3430719488|1781, 3430723584|1923, 3430731776|3328, 3430699008|7183, 3430731776|7232, 3430703104|10555, pyeongchang, 
3430694912|1, 3430690816|1377, 3430682624|1635, 3430686720|1927, 3430694912|3524, 3430690816|4487, 3430686720|4669, 3430617088|4764, 3430690816|4852, 3430666240|6494, 3430690816|6609, 3430694912|6677, 3430690816|11382, 3430694912|11452, 3430678528|12080, 3430694912|12169, 3430690816|14367, 3430694912|14425, 3430596608|15391, 3429810176|15485, 3429158912|15564, 3430637568|15625, 3430658048|15682, pyongyang, 
3430645760|1, 3430641664|1317, 3430629376|1724, 3430633472|1794, 3430637568|1874, 3430645760|3520, 3430641664|4691, 3430645760|4782, 3430641664|7234, 3430645760|7455, 3430608896|7548, 3430625280|7652, 3430592512|7768, 3430629376|7872, 3430621184|8321, colosseum+rome, 
3430604800|1, 3430600704|1165, 3430604800|1265, 3430600704|1333, 3430592512|1726, 3430596608|1934, 3430592512|2581, 3430596608|2680, 3430604800|3199, 3430567936|3416, 3430604800|3502, 3430612992|6319, 3430629376|6493, 3430617088|10717, 3430629376|10789, 3430612992|11331, 3430629376|11415, singapore, 
3430608896|1, 3430604800|1340, 3430596608|1666, 3430600704|1874, 3430567936|2539, 3430600704|2630, 3430608896|3183, 3430596608|7942, 3430608896|8022, 3430592512|9821, 3430608896|9930, 3430576128|15161, 3430608896|15260, singapore, 
3430596608|1, 3430592512|1374, 3430584320|1753, 3430588416|1910, 3430584320|2627, 3430588416|2697, 3430596608|3283, 3430559744|3466, 3430596608|3563, 3430592512|6196, 3430588416|6479, 3430584320|7469, 3430588416|7565, 3430576128|8932, 3430588416|9033, 3430584320|10013, 3430588416|10103, 3430539264|10282, 3430547456|10358, 3430531072|11129, 3430547456|11226, big+ben, 
3430526976|1, 3430522880|1326, 3430514688|1602, 3430518784|1922, 3430526976|3224, 3430522880|4196, 3430518784|4645, 3430522880|4754, 3430449152|4927, 3430522880|5035, 3430580224|6451, 3430584320|6673, 3430567936|12001, 3430584320|12096, peking, 
3430559744|1, 3430555648|74, 3430559744|1156, 3430551552|1764, 3430555648|2760, 3430449152|3475, 3430547456|3574, 3430563840|3649, 3430535168|7007, 3430559744|7097, 3430551552|8980, 3430547456|9101, 3430514688|9176, 3430551552|9248, 3430518784|9397, 3430547456|9463, 3430510592|9745, 3430522880|9830, 3430535168|9936, 3430539264|10083, 3430498304|10321, 3430539264|10389, 3430498304|10547, 3430535168|10619, 3430539264|10810, 3430498304|10985, 3430539264|11052, 3430502400|11248, 3430539264|11321, 3430498304|11456, 3430539264|11532, 3430490112|11614, 3430539264|11668, 3430498304|11831, 3430539264|11896, 3430535168|11985, 3430506496|12062, 3430539264|12140, 3430535168|12289, 3430494208|12361, 3430535168|12433, 3430539264|12513, 3430498304|12631, 3430539264|12689, 3430535168|12950, 3430494208|13006, 3430535168|13064, the+great+wall, 
3430522880|1, 3430518784|1319, 3430514688|1812, 3430477824|2810, 3430514688|2879, 3430367232|3503, 3430522880|3621, 3430526976|4695, 3430531072|6600, 3430539264|6693, 3430543360|6780, 3430526976|7647, 3430543360|7695, 3430531072|8345, 3430543360|8432, 3430526976|10081, 3430543360|10164, 3430506496|15131, 3430543360|15213, taipei+101, 
3430531072|1, 3430526976|1349, 3430522880|1666, 3430518784|1750, 3430522880|1907, 3430518784|2118, 3430522880|2185, 3430518784|2394, 3430522880|2471, 3430490112|2866, 3430522880|2966, 3430531072|3590, 3430522880|4934, 3430506496|6410, 3430522880|6455, 3430510592|7003, 3430522880|7057, 3430518784|7839, 3430506496|8105, 3430465536|8226, 3430502400|8333, 3430490112|8689, 3430502400|8756, 3430490112|8980, 3430502400|9058, 3430486016|9227, 3430502400|9379, pyramids+of+giza, 
3430486016|1, 3430481920|1340, 3430486016|1927, 3430477824|2019, 3430473728|2281, 3430477824|2351, 3430445056|2818, 3430477824|2907, 3430473728|3073, 3430326272|3581, 3430440960|3682, 3430481920|3778, 3430486016|4565, 3430494208|6923, 3430461440|6996, 3430502400|7106, 3430510592|7255, peking, 
3430490112|1, 3430486016|1344, 3430481920|1930, 3430477824|2448, 3430481920|2545, 3430490112|3649, 3430449152|3774, 3430490112|3838, 3430445056|4989, 3430490112|5053, 3430457344|6061, 3430490112|6146, 3430486016|6489, 3430490112|6592, 3430477824|11789, 3430490112|11880, 3430477824|12049, 3430490112|12129, 3430473728|12207, 3430490112|12339, pyeongchang, 
3430473728|1, 3430469632|1329, 3430461440|1721, 3430465536|1878, 3430473728|3578, 3430395904|3658, 3430432768|3766, 3430473728|3869, 3430469632|7156, 3430473728|7235, 3430445056|7682, 3430436864|7745, 3430440960|7820, 3430412288|9231, 3430408192|9374, 3430395904|11288, 3430408192|11340, 3430395904|11816, 3430408192|11901, 3430297600|12720, 3430363136|12780, empire+state+building, 
3430342656|1, 3430338560|1277, 3430330368|1755, 3430334464|1842, 3430342656|3644, 3430346752|4382, 3430342656|4579, 3430338560|4748, 3430342656|4837, 3430416384|6747, 3430420480|6839, 3430354944|7002, 3430440960|7081, 3430436864|8415, 3430440960|8497, 3430408192|9360, 3430440960|9419, 3430400000|11235, 3430395904|11325, 3430391808|11413, 3430379520|12086, 3430391808|12186, mirabell+gardens, 
3430375424|1, 3430371328|1363, 3430359040|1746, 3430363136|1825, 3430367232|1912, 3430363136|2250, 3430367232|2309, 3430363136|2431, 3430367232|2508, 3430371328|2838, 3430379520|3496, 3430342656|3701, 3430379520|3786, 3430375424|4811, 3430301696|5004, 3430375424|5098, 3430371328|6846, 3430375424|6926, 3430367232|7693, 3430285312|7768, 3430383616|7844, 3430400000|7909, 3430371328|7988, 3430404096|8105, 3430338560|9156, 3430383616|9257, 3430371328|10322, 3430383616|10541, 3430367232|10805, 3430383616|11021, 3430326272|12342, 3430330368|16396, 3430326272|16459, 3430322176|20265, empire+state+building, 
3430297600|1, 3430301696|491, 3430297600|1327, 3430289408|1702, 3430285312|1849, 3430293504|1903, 3430273024|2544, 3430297600|2624, 3430305792|3299, 3430277120|3492, 3430305792|3580, 3430285312|4515, 3430301696|4615, 3430166528|6427, 3430371328|6516, 3430322176|6629, 3430428672|6692, 3430416384|9839, 3430428672|9930, 3430412288|11861, 3430428672|12020, 3430432768|13282, 3430428672|13384, 3430424576|14832, 3430428672|14900, wencelas+square+prague, 
3430416384|1, 3430412288|1126, 3430416384|1207, 3430412288|1349, 3430404096|1574, 3430408192|1878, 3430416384|3379, 3430379520|3499, 3430416384|3570, 3430412288|5856, 3430416384|5972, 3430412288|6392, 3430400000|8611, 3430395904|8733, 3430387712|8817, 3430350848|9141, 3430383616|9217, 3430367232|9437, 3430379520|9597, 3430375424|9941, 3430383616|10023, 3430375424|10247, 3430334464|10330, 3430375424|10386, 3430371328|10447, 3430318080|10686, 3430322176|10762, 3430375424|10876, 3430379520|11037, 3430375424|11133, 3430342656|11184, 3430354944|11252, 3430387712|11334, 3430383616|11520, 3430387712|11593, 3430379520|11668, 3430338560|11727, 3430379520|11797, 3430375424|11867, 3430367232|12014, 3430326272|12078, 3430379520|12145, 3430338560|12211, 3430383616|12271, 3430379520|12336, 3430387712|12400, the+great+wall, 
3430367232|1, 3430363136|1379, 3430354944|1674, 3430359040|1888, 3430354944|2375, 3430359040|2433, 3430367232|3507, 3430346752|3621, 3430367232|3752, 3430363136|4162, 3430371328|4305, 3430375424|6424, 3430387712|6638, 3430371328|10570, 3430387712|10653, peking, 
3430379520|1, 3430375424|1365, 3430367232|1852, 3430371328|1924, 3430338560|2797, 3430371328|2901, 3430350848|3838, 3430379520|3945, 3430375424|9769, 3430379520|9866, 3430367232|11110, 3430379520|11182, 3430363136|11281, 3430379520|11383, singapore, 
3430359040|1, 3430354944|1407, 3430346752|1788, 3430350848|1949, 3430318080|2689, 3430350848|2756, 3430359040|3449, 3430318080|3573, 3430359040|3655, 3430354944|4357, 3430359040|4441, 3430354944|4668, 3430359040|4759, 3430416384|4864, 3430342656|5245, 3430359040|5310, 3430363136|6840, 3430359040|6919, 3430342656|7457, 3430359040|7538, 3430350848|8985, 3430318080|9125, 3430338560|9211, 3430334464|9299, 3430301696|9376, 3430330368|9440, 3430318080|9896, 3430330368|9974, 3430313984|10254, 3430330368|10324, colosseum+rome, 
3430322176|1, 3430318080|1367, 3430313984|1528, 3430318080|1587, 3430313984|1681, 3430309888|1753, 3430313984|1903, 3430293504|2863, 3430313984|2937, 3430322176|3582, 3430318080|3650, 3430281216|3757, 3430322176|3839, 3430318080|4558, 3430322176|4692, 3430277120|6881, 3430330368|6965, 3430346752|7055, 3430338560|8550, 3430346752|8613, 3430330368|11393, 3430346752|11552, taipei+101, 
3430326272|1, 3430322176|1304, 3430313984|1682, 3430318080|1834, 3430285312|2576, 3430318080|2642, 3430326272|3306, 3430297600|3396, 3430326272|3523, 3430309888|4567, 3430326272|4646, 3430313984|6699, 3430301696|7009, 3430297600|8456, 3430301696|8584, 3430211584|10155, 3430256640|10232, 3430264832|10327, 3430252544|10473, 3430264832|10584, 3430252544|10690, 3430264832|10791, mirabell+gardens, 
3430244352|1, 3430240256|1380, 3430236160|1534, 3430240256|1623, 3430236160|1929, 3430232064|2415, 3430236160|2503, 3430199296|2673, 3430240256|2750, 3430121472|3499, 3430248448|3609, 3430244352|4425, 3430268928|6796, 3430252544|6888, 3430313984|6966, 3430297600|8344, 3430313984|8412, 3430309888|9859, 3430313984|9962, 3430301696|10241, 3430313984|10443, 3430297600|10820, 3430313984|10921, 3430309888|11893, 3430313984|11946, 3430281216|15213, 3430313984|15292, sydney+harbour, 
3430293504|1, 3430289408|1369, 3430281216|1790, 3430285312|1889, 3430281216|2160, 3430285312|2209, 3430281216|2367, 3430285312|2434, 3430293504|3420, 3430252544|3537, 3430293504|3625, 3430289408|4057, 3430293504|4241, 3430289408|4599, 3430285312|6573, 3430289408|6646, 3430273024|6934, 3430289408|7031, 3430281216|8053, 3430248448|8351, 3430277120|8447, 3430268928|8651, 3430236160|8798, 3430260736|8856, 3430248448|9337, 3430260736|9394, pyramids+of+giza, 
3430248448|1, 3430244352|1352, 3430236160|1625, 3430240256|1921, 3430236160|2651, 3430240256|2720, 3430248448|3272, 3430211584|3513, 3430248448|3616, 3430244352|4440, 3430248448|4533, 3430244352|4627, 3430248448|4725, 3430207488|6452, 3430248448|6555, 3430256640|6605, 3430252544|8361, 3430256640|8475, 3430211584|9942, 3430219776|10060, 3430203392|11002, 3430219776|11095, acropolis, 
3430195200|1, 3430191104|1294, 3430182912|1574, 3430187008|1864, 3430182912|2316, 3430187008|2397, 3430191104|2657, 3430199296|3295, 3430158336|3480, 3430199296|3587, 3430195200|4650, 3430248448|6355, 3430256640|6558, 3430252544|9345, 3430256640|9452, 3430240256|10892, 3430256640|11012, cape+town, 
3430248448|1, 3430244352|1383, 3430236160|1628, 3430240256|1867, 3430207488|2590, 3430244352|2646, 3430252544|3415, 3430227968|4708, 3430248448|4795, 3430244352|4896, 3430248448|4966, 3430232064|11518, 3430248448|11630, 3430252544|14318, 3430248448|14379, sydney+harbour, 
3430236160|1, 3430232064|1361, 3430223872|1636, 3430227968|1946, 3430195200|2650, 3430227968|2710, 3430223872|3007, 3430232064|3432, 3430199296|4341, 3430236160|4440, 3430207488|6705, 3430203392|6794, 3430236160|6893, 3430211584|7796, 3430236160|7875, 3430191104|15177, 3430236160|15240, singapore, 
3430215680|1, 3430211584|1421, 3430203392|1600, 3430207488|1955, 3430068224|3336, 3430215680|3437, 3430187008|6623, 3430223872|6770, 3430219776|7587, 3430223872|7672, 3430219776|8137, 3430223872|8193, 3430207488|12081, 3430223872|12162, wencelas+square+prague, 
3430215680|1, 3430211584|1348, 3430203392|1707, 3430207488|1940, 3430215680|3468, 3430187008|6485, 3430215680|6557, 3430211584|6757, 3430187008|6985, 3430207488|7053, 3430191104|7348, 3430207488|7412, 3430191104|10471, 3430207488|10551, pyeongchang, 
3430178816|1, 3430174720|1383, 3430166528|1791, 3430170624|1929, 3430166528|2793, 3430174720|3455, 3430137856|3577, 3430174720|3678, 3430170624|4089, 3430174720|4181, 3430178816|4280, 3430174720|4486, 3430178816|4586, 3430236160|5050, 3430178816|5345, 3430170624|7196, 3430166528|7338, 3430158336|7413, 3430150144|7509, 3430133760|9807, 3430150144|9896, 3430113280|14525, 3430125568|14590, pyramids+of+giza, 
3430113280|1, 3430105088|348, 3430113280|428, 3430109184|1280, 3430100992|1845, 3430105088|1916, 3430100992|2282, 3430105088|2354, 3430043648|3498, 3430002688|3713, 3430043648|3801, 3430006784|4702, 3430043648|4778, 3429969920|5365, 3430043648|5440, 3430051840|6908, 3430068224|7097, 3430064128|11421, 3430068224|11509, pyeongchang, 
3430055936|1, 3430051840|1312, 3430043648|1696, 3430047744|1848, 3430043648|2784, 3430047744|2855, 3430055936|3396, 3430047744|4502, 3430006784|7015, 3430051840|7083, 3430006784|7238, 3430051840|7328, 3430035456|10030, 3430051840|10139, cape+town, 
3430043648|1, 3430039552|1347, 3430035456|1640, 3430039552|1737, 3430035456|1825, 3430043648|3452, 3430002688|3636, 3430043648|3726, 3430027264|6605, 3430043648|6693, 3430014976|6878, 3430043648|6940, 3430031360|7970, 3430043648|8039, 3430027264|10397, 3430043648|10518, singapore, 
3430019072|1, 3430014976|1374, 3430006784|1802, 3430010880|1955, 3430006784|2718, 3430010880|2794, 3430019072|3365, 3429978112|3567, 3430019072|3681, 3429986304|6715, 3429990400|6807, 3430019072|6882, 3430023168|6970, 3430010880|8496, 3430023168|8608, 3430010880|9997, 3430023168|10097, 3430006784|11279, 3430023168|11485, wencelas+square+prague, 
3430006784|1, 3430002688|1360, 3429994496|1728, 3429998592|1893, 3429994496|2614, 3429998592|2692, 3430006784|3239, 3429969920|3440, 3430006784|3520, 3430002688|4098, 3430006784|4303, 3430064128|4479, 3430031360|4764, 3430064128|4836, 3430006784|5045, 3429969920|7223, 3429974016|7446, 3429937152|7994, 3429924864|10756, 3429937152|10835, 3429920768|11597, 3429937152|11702, 3429879808|11787, 3429892096|11858, 3429847040|15170, 3429892096|15242, empire+state+building, 
3429871616|1, 3429867520|1378, 3429859328|1661, 3429863424|1945, 3429859328|2297, 3429863424|2366, 3429867520|2636, 3429875712|3270, 3429871616|3365, 3429875712|3458, 3429928960|4559, 3429871616|4959, 3429924864|7101, 3429928960|7192, 3429912576|9479, 3429928960|9570, 3429863424|10674, 3429871616|10750, 3429859328|11961, 3429855232|12053, 3429871616|12141, empire+state+building, 
3429855232|1, 3429851136|1164, 3429855232|1256, 3429851136|1339, 3429842944|1814, 3429847040|1890, 3429851136|2600, 3429859328|3286, 3429838848|4302, 3429855232|4426, 3429781504|4710, 3429855232|4811, 3429859328|5774, 3429855232|5856, 3429941248|6169, 3429937152|6358, 3429871616|6462, 3429974016|6546, 3429969920|9267, 3429974016|9355, 3429957632|11125, 3429974016|11240, 3429937152|15125, 3429974016|15195, pyeongchang, 
3429953536|1, 3429949440|1362, 3429941248|1667, 3429945344|1970, 3429953536|3302, 3429916672|3414, 3429953536|3482, 3429949440|4473, 3429945344|4641, 3429949440|4724, 3429937152|10406, 3429949440|10489, pyeongchang, 
