||class android.content.Context:public abstract java.io.File android.content.Context.getExternalCacheDir()||class java.io.File:public java.io.File java.io.File.getAbsoluteFile()||class java.io.File:public java.io.File java.io.File.getAbsoluteFile()||class java.io.File:public java.io.File java.io.File.getAbsoluteFile()||class java.io.File:public java.io.File java.io.File.getAbsoluteFile()||class java.io.File:public long java.io.File.getFreeSpace()
3451203584|1, 3451191296|745, 3451195392|1305, 3451191296|1369, 3451195392|1446, 3451199488|1611, 3451207680|2198, 3451170816|2332, 3451166720|2411, 3451207680|2496, 3451133952|3111, 3451207680|3177, 3451203584|3880, 3451199488|3954, 3451203584|4030, 3451199488|7306, 3451203584|7399, 3451191296|9109, 3451203584|9169, 3451191296|10207, 3451203584|10254, 3451187200|10309, 3451203584|10469, pyongyang, 
3451125760|1, 3451121664|1372, 3451113472|1489, 3451117568|1948, 3451121664|2257, 3451129856|2788, 3451088896|2880, 3451129856|2966, 3451125760|3520, 3451129856|3606, 3451125760|4468, 3451129856|4530, 3451125760|4599, 3451129856|4687, 3451101184|5263, 3451129856|5344, 3451117568|9340, 3451129856|9406, 3451117568|9549, 3451129856|9611, 3451113472|10213, 3451129856|10359, 3451084800|15085, 3451129856|15142, pyongyang, 
3451125760|1, 3451113472|1413, 3451117568|1943, 3451125760|2785, 3451121664|5107, 3451125760|5174, 3451117568|6381, 3451092992|6527, 3451101184|6626, 3451088896|6794, 3451084800|6883, 3451113472|6956, 3451080704|7029, 3451105280|7074, 3451129856|7148, 3451125760|7211, 3451121664|7287, 3451113472|7355, 3451076608|7464, 3451068416|7516, 3451101184|7567, 3451097088|7639, 3451092992|7676, 3451088896|7749, 3451006976|7793, 3451084800|7873, 3451109376|7933, 3451088896|7998, 3451150336|8074, 3451146240|8131, 3451109376|8420, 3451146240|8474, 3451142144|8550, 3451146240|8596, 3451109376|8757, 3451150336|8819, 3451146240|8882, 3451142144|8945, 3451117568|9044, 3451109376|9095, 3451113472|9155, 3451101184|9205, 3451097088|9266, 3451088896|9317, 3451064320|10962, 3451019264|15105, 3451064320|15156, the+great+wall, 
3451060224|1, 3451052032|336, 3451060224|394, 3451056128|1176, 3451060224|1246, 3451052032|1368, 3451047936|1409, 3451043840|1858, 3451052032|1951, 3451060224|2704, 3450994688|2775, 3450986496|2864, 3450998784|2920, 3451002880|3606, 3450998784|3671, 3451002880|3742, 3450953728|4805, 3451006976|4869, 3450966016|5002, 3451019264|5073, 3451011072|7591, 3450994688|8746, 3451011072|8811, 3450867712|11807, 3450601472|11849, 3450871808|11926, mt.+everest, 
3450839040|1, 3450834944|1386, 3450826752|1524, 3450830848|1892, 3450798080|2295, 3450830848|2372, 3450839040|2941, 3450810368|3019, 3450773504|3102, 3450810368|3188, 3450806272|4013, 3450802176|5407, 3450806272|5475, 3450802176|5541, 3450712064|8644, 3450757120|8730, 3450761216|9100, 3450757120|9168, 3450740736|10502, 3450757120|10571, 3450621952|12581, 3450601472|14243, 3450568704|14381, burj+khalifa, 
3450544128|1, 3450540032|1292, 3450535936|1420, 3450540032|1902, 3450503168|2267, 3450544128|2325, 3450601472|2892, 3450445824|2965, 3450580992|3069, 3450576896|3823, 3450544128|4823, 3450568704|4935, 3450589184|6293, 3450609664|6368, 3450626048|6460, 3450609664|8146, 3450626048|8225, 3450527744|9423, 3450515456|9832, 3450527744|9931, 3450515456|11007, 3450527744|11084, 3450511360|11365, 3450527744|11448, cape+town, 
3450523648|1, 3450519552|1193, 3450511360|1749, 3450515456|1880, 3450519552|2793, 3450478592|3646, 3450519552|3746, 3450490880|6465, 3450519552|6751, 3450507264|11077, 3450519552|11173, 3450507264|11498, 3450519552|11580, 3450474496|15172, 3450519552|15235, toronto+canada, 
3450515456|1, 3450511360|1386, 3450503168|1775, 3450507264|1919, 3450515456|3430, 3450499072|4795, 3450572800|4901, 3450548224|5082, 3450515456|5177, 3450486784|8387, 3450507264|8504, 3450499072|8604, 3450482688|8714, 3450494976|8799, 3450490880|8897, 3450482688|8968, 3450462208|10585, 3450429440|10733, 3450368000|10830, 3450351616|10921, 3450302464|11010, 3450482688|14647, 3450290176|14702, 3450474496|14812, 3450437632|15198, 3450474496|15340, colosseum+rome, 
3450437632|1, 3450433536|1368, 3450425344|1593, 3450429440|1907, 3450425344|2423, 3450429440|2487, 3450425344|2921, 3450433536|3433, 3450368000|3513, 3450355712|3648, 3450368000|3753, 3450372096|4475, 3450368000|7258, 3450376192|7327, 3450372096|7678, 3450368000|8708, 3450372096|8821, 3450327040|11489, eiffel+tower, 
3450298368|1, 3450294272|1068, 3450298368|1621, 3450290176|1708, 3450286080|1925, 3450290176|1989, 3450257408|2663, 3450290176|2730, 3450298368|3464, 3450294272|4395, 3450363904|6386, 3450376192|6699, 3450368000|8366, 3450376192|8520, 3450331136|15176, 3450376192|15266, toronto+canada, 
3450363904|1, 3450355712|338, 3450363904|418, 3450359808|1215, 3450363904|1286, 3450359808|1363, 3450351616|1764, 3450355712|1978, 3450339328|3544, 3450363904|3656, 3450322944|3768, 3450363904|3874, 3450359808|4337, 3450363904|4429, 3450290176|5037, 3450363904|5139, 3450368000|7240, 3450363904|7322, 3450351616|9872, 3450363904|10001, 3450351616|10097, 3450363904|10199, 3450351616|11459, 3450359808|11541, 3450363904|11631, 3450318848|15173, 3450363904|15245, pyeongchang, 
3450343424|1, 3450339328|1330, 3450331136|1755, 3450335232|1826, 3450339328|1910, 3450335232|1978, 3450331136|2711, 3450335232|2792, 3450343424|3405, 3450400768|4670, 3450396672|4771, 3450339328|5174, 3450335232|7069, 3450322944|7343, 3450318848|7500, 3450310656|7653, 3450306560|8408, 3450310656|8503, 3450306560|8901, 3450310656|8989, 3450298368|10051, 3450310656|10147, 3450290176|13311, 3450245120|15154, 3450290176|15226, pyramids+of+giza, 
3450277888|1, 3450273792|1364, 3450265600|1700, 3450269696|1919, 3450204160|3532, 3450163200|3767, 3450200064|3884, 3450204160|3981, 3450200064|4481, 3450204160|4614, 3450212352|6593, 3450179584|6673, 3450212352|6768, 3450228736|6858, 3450224640|7764, 3450228736|7872, 3450212352|11397, 3450228736|11516, pyongyang, 
3450216448|1, 3450212352|1358, 3450208256|1848, 3450204160|1983, 3450208256|2054, 3450216448|3470, 3450187776|6834, 3450216448|6925, 3450212352|8515, 3450216448|8610, 3450212352|9490, 3450216448|9598, 3450200064|10237, 3450216448|10410, 3450212352|15398, taipei+101, 
3450200064|1, 3450195968|1389, 3450187776|1671, 3450191872|1886, 3450159104|2707, 3450191872|2779, 3450187776|2848, 3450195968|3553, 3450159104|3661, 3450195968|3749, 3450122240|5276, 3450195968|5350, 3450187776|6892, 3450179584|7121, 3450130432|10777, 3450138624|10842, 3450126336|11099, 3450138624|11208, 3450142720|11437, 3450138624|11508, petronas+towers, 
3450114048|1, 3450109952|1385, 3450101760|1670, 3450105856|1915, 3450109952|2794, 3450118144|3513, 3450109952|4317, 3450118144|4444, 3450101760|4856, 3450175488|4994, 3450171392|5097, 3450114048|5201, 3450097664|5597, 3450060800|7676, 3450146816|7795, 3450138624|8265, 3450105856|8622, 3450130432|8717, 3450126336|13843, 3449978880|13907, pyramids+of+giza, 
3449966592|1, 3449962496|1358, 3449958400|1863, 3449925632|2690, 3449958400|2758, 3449950208|2833, 3449958400|3307, 3449798656|3393, 3449860096|3493, 3449901056|3582, 3449896960|4282, 3449901056|4376, 3449868288|4463, 3449901056|4570, 3449896960|6750, 3449901056|6809, 3449909248|6873, 3449876480|7111, 3449917440|7196, 3449925632|7269, 3449901056|7744, 3449925632|7813, 3449909248|10732, 3449925632|10826, singapore, 
3449917440|1, 3449913344|1387, 3449905152|1712, 3449909248|1957, 3449905152|2176, 3449909248|2252, 3449876480|2634, 3449909248|2714, 3449917440|3393, 3449884672|4620, 3449917440|4714, 3449913344|5725, 3449909248|6764, 3449896960|10227, 3449909248|10316, 3449892864|10710, 3449909248|10824, mt.+everest, 
3449896960|1, 3449892864|1356, 3449884672|1754, 3449888768|1913, 3449892864|2524, 3449888768|2581, 3449856000|2798, 3449888768|2894, 3449884672|3324, 3449892864|3504, 3449856000|3682, 3449892864|3791, 3449819136|5309, 3449892864|5394, 3449856000|6416, 3449892864|6507, 3449888768|6659, 3449733120|9913, 3449847808|10053, 3449802752|15130, 3449847808|15213, big+ben, 
3449823232|1, 3449819136|1380, 3449810944|1773, 3449815040|1895, 3449782272|2646, 3449815040|2723, 3449823232|3351, 3449819136|4279, 3449745408|4749, 3449819136|4828, 3449810944|6157, 3449716736|6548, 3449864192|6632, 3449860096|8340, 3449864192|8433, 3449815040|10367, 3449798656|11095, 3449815040|11249, burj+khalifa, 
3449790464|1, 3449786368|1280, 3449778176|1752, 3449782272|1874, 3449778176|2223, 3449782272|2294, 3449745408|2624, 3449786368|2702, 3449737216|3347, 3449769984|3443, 3449794560|3543, 3449790464|3804, 3449786368|6727, 3449782272|6987, 3449786368|7074, 3449700352|7658, 3449802752|7761, 3449827328|7832, 3449819136|7918, 3449802752|9726, 3449819136|9820, 3449806848|10452, 3449802752|10554, 3449753600|11037, 3449729024|11107, 3449749504|11193, 3449737216|12154, 3449749504|12255, 3449733120|12787, 3449749504|12857, 3449716736|15159, 3449749504|15235, eiffel+tower, 
3449733120|1, 3449729024|1271, 3449724928|1572, 3449720832|1663, 3449724928|1829, 3449720832|2597, 3449724928|2652, 3449733120|3212, 3449729024|4084, 3449733120|4219, 3449729024|4345, 3449655296|4605, 3449729024|4678, 3449733120|4767, 3449729024|4885, 3449798656|7014, 3449810944|7183, 3449806848|8688, 3449810944|8813, 3449708544|9574, 3449692160|10193, 3449708544|10284, toronto+canada, 
3449696256|1, 3449692160|1307, 3449683968|1713, 3449688064|1889, 3449696256|3206, 3449659392|3404, 3449696256|3502, 3449663488|6473, 3449692160|6567, 3449688064|6740, 3449671680|9341, 3449688064|9416, 3449647104|11230, 3449638912|11298, 3449622528|12161, 3449638912|12232, big+ben, 
3449618432|1, 3449614336|1347, 3449606144|1728, 3449610240|1887, 3449581568|3351, 3449577472|3465, 3449618432|3556, 3449597952|4305, 3449614336|4402, 3449671680|6612, 3449667584|6708, 3449671680|6764, 3449659392|9265, 3449671680|9344, mt.+everest, 
3449659392|1, 3449655296|1423, 3449647104|1752, 3449651200|1906, 3449659392|3254, 3449618432|3376, 3449659392|3459, 3449585664|4793, 3449659392|4887, 3449663488|5712, 3449659392|5810, 3449643008|7102, 3449647104|7308, 3449634816|7543, 3449622528|10315, 3449634816|10380, 3449589760|10701, 3449573376|11086, 3449589760|11269, mirabell+gardens, 
3449569280|1, 3449565184|1371, 3449561088|1616, 3449565184|1683, 3449561088|1928, 3449528320|2801, 3449565184|2878, 3449573376|3544, 3449446400|3608, 3449532416|3721, 3449573376|3796, 3449569280|4527, 3449565184|4643, 3449569280|4800, 3449618432|6868, 3449622528|6932, 3449626624|7109, 3449622528|10148, 3449626624|10245, 3449610240|11863, 3449626624|11949, 3449536512|12046, 3449577472|12123, 3449532416|15174, 3449577472|15261, acropolis, 
3449569280|1, 3449565184|1351, 3449556992|1700, 3449561088|1932, 3449565184|2616, 3449561088|2835, 3449569280|3507, 3449536512|3721, 3449569280|3819, 3449573376|4361, 3449552896|4458, 3449569280|4563, 3449585664|6922, 3449622528|7006, 3449577472|7080, 3449626624|7155, 3449610240|11329, 3449585664|11550, 3449577472|11613, 3449573376|11690, 3449528320|15126, 3449573376|15214, big+ben, 
3449552896|1, 3449548800|1197, 3449552896|1280, 3449548800|1361, 3449540608|1678, 3449544704|1886, 3449511936|2626, 3449544704|2705, 3449552896|3359, 3449548800|3481, 3449511936|3584, 3449552896|3663, 3449548800|4806, 3449556992|4906, 3449610240|5010, 3449552896|5300, 3449548800|6734, 3449552896|6815, 3449540608|7063, 3449552896|7127, 3449597952|8288, 3449589760|8448, 3449585664|8824, 3449544704|8936, 3449577472|8998, 3449561088|9148, 3449577472|9271, 3449581568|11811, 3449577472|11896, 3449532416|15133, 3449577472|15206, colosseum+rome, 
3449556992|1, 3449552896|1308, 3449544704|1805, 3449548800|1902, 3449556992|3401, 3449511936|3534, 3449556992|3654, 3449507840|6324, 3449569280|6406, 3449577472|6504, 3449589760|6599, 3449573376|8228, 3449589760|8284, 3449577472|10203, 3449589760|10290, 3449577472|10575, 3449589760|10679, 3449577472|10806, 3449589760|10879, 3449573376|11158, 3449589760|11268, 3449544704|15156, 3449589760|15240, wencelas+square+prague, 
3449577472|1, 3449573376|1322, 3449565184|1727, 3449569280|1870, 3449565184|2798, 3449569280|2861, 3449475072|3397, 3449577472|3482, 3449573376|6870, 3449561088|10872, 3449573376|10952, 3449556992|11129, 3449573376|11354, 3449536512|15105, 3449573376|15184, mt.+everest, 
3449556992|1, 3449552896|1324, 3449544704|1718, 3449548800|1873, 3449556992|3427, 3449552896|3517, 3449516032|3650, 3449556992|3770, 3449544704|4859, 3449556992|4967, 3449540608|6848, 3449528320|7168, 3449516032|9855, 3449528320|9940, 3449491456|11281, mirabell+gardens, 
3449466880|1, 3449462784|1168, 3449466880|1255, 3449462784|1336, 3449454592|1649, 3449458688|1899, 3449421824|2610, 3449462784|2679, 3449470976|3364, 3449446400|3541, 3449470976|3631, 3449442304|4304, 3449466880|4437, 3449462784|4668, 3449466880|4805, 3449368576|6633, 3449520128|6738, 3449524224|6970, 3449499648|7770, 3449524224|7832, 3449446400|11474, 3449470976|11541, 3449454592|12308, 3449470976|12468, 3449434112|15209, 3449470976|15285, petronas+towers, 
3449446400|1, 3449442304|1378, 3449434112|1688, 3449430016|1828, 3449438208|1894, 3449434112|2201, 3449438208|2245, 3449442304|2599, 3449450496|3296, 3449421824|3546, 3449409536|3634, 3449450496|3736, 3449446400|4480, 3449491456|6411, 3449495552|6532, 3449491456|6620, 3449446400|6772, 3449491456|6865, 3449475072|8537, 3449491456|8608, 3449487360|9712, 3449491456|9821, 3449446400|10674, 3449442304|10810, 3449425920|11416, 3449442304|11574, mirabell+gardens, 
3449430016|1, 3449425920|1132, 3449430016|1234, 3449425920|1360, 3449413632|1682, 3449417728|1754, 3449421824|1925, 3449425920|2668, 3449434112|3325, 3449405440|3555, 3449434112|3639, 3449430016|4502, 3449356288|4974, 3449430016|5066, 3449335808|6974, 3449475072|7079, 3449442304|7152, 3449475072|7247, 3449462784|8028, 3449475072|8088, 3449462784|10037, 3449475072|10114, 3449462784|10556, 3449475072|10645, 3449425920|10877, 3449421824|10936, 3449376768|15147, 3449421824|15237, eiffel+tower, 
3449413632|1, 3449409536|1294, 3449405440|1597, 3449409536|1678, 3449401344|1830, 3449405440|1917, 3449401344|2382, 3449405440|2441, 3449335808|3383, 3449413632|3482, 3449409536|4158, 3449413632|4224, 3449409536|4351, 3449405440|4690, 3449409536|4782, 3449479168|6293, 3449491456|6575, 3449475072|7965, 3449491456|8025, 3449479168|10650, 3449491456|10835, 3449446400|15140, 3449491456|15226, pyeongchang, 
3449466880|1, 3449462784|1296, 3449458688|1518, 3449454592|1586, 3449458688|1840, 3449466880|3235, 3449430016|6411, 3449462784|6495, 3449450496|6877, 3449446400|7316, 3449438208|7824, 3449425920|8991, 3449438208|9056, pyramids+of+giza, 
3449417728|1, 3449409536|330, 3449417728|410, 3449413632|1326, 3449405440|1576, 3449409536|1930, 3449376768|2659, 3449409536|2738, 3449417728|3503, 3449376768|3710, 3449417728|3815, 3449401344|4671, 3449475072|4758, 3449401344|5405, 3449417728|5479, 3449405440|8301, 3449397248|8453, 3449356288|8573, 3449397248|8667, 3449401344|8741, 3449352192|8829, 3449393152|8912, 3449405440|8988, 3449401344|9049, 3449405440|9153, 3449372672|9264, 3449405440|9358, 3449364480|9816, 3449413632|9889, 3449376768|10025, 3449372672|10111, 3449413632|10223, 3449376768|10324, 3449380864|10402, 3449409536|10545, 3449405440|10669, 3449409536|10733, 3449401344|10804, 3449356288|11024, 3449401344|11104, 3449397248|11176, 3449401344|11273, 3449360384|11342, 3449409536|11409, 3449368576|11495, 3449405440|11581, 3449409536|11664, 3449413632|11874, 3449405440|12038, 3449401344|12167, 3449405440|12230, 3449397248|12294, the+great+wall, 
3449393152|1, 3449389056|1346, 3449376768|1693, 3449380864|1759, 3449384960|1918, 3449380864|2191, 3449384960|2271, 3449393152|3345, 3449237504|3420, 3449393152|3506, 3449356288|3583, 3449393152|3725, 3449397248|4528, 3449401344|6788, 3449413632|6954, 3449409536|10460, 3449413632|10546, 3449393152|11083, 3449409536|11202, 3449376768|11460, peking, 
3449364480|1, 3449360384|1341, 3449352192|1807, 3449356288|1881, 3449208832|3403, 3449348096|3527, 3449364480|3604, 3449323520|3670, 3449364480|3746, 3449290752|4772, 3449364480|4862, 3449323520|6535, 3449319424|6617, 3449352192|6697, 3449339904|6873, 3449286656|10123, 3449294848|10205, 3449278464|11184, 3449294848|11279, 3449249792|15143, 3449294848|15218, eiffel+tower, 
3449274368|1, 3449270272|1352, 3449262080|1680, 3449266176|1895, 3449262080|2125, 3449266176|2193, 3449274368|3299, 3449270272|4498, 3449155584|6536, 3449307136|6638, 3449339904|6693, 3449352192|6789, 3449339904|8489, 3449352192|8624, 3449335808|10940, 3449352192|11018, sydney+harbour, 
3449323520|1, 3449319424|1319, 3449311232|1551, 3449315328|1862, 3449221120|3300, 3449286656|3403, 3449323520|3498, 3449311232|4205, 3449282560|6576, 3449311232|6672, 3449286656|7731, 3449311232|7793, 3449307136|8387, 3449311232|8497, 3449298944|10792, 3449311232|10880, 3449032704|15005, 3449311232|15103, taipei+101, 
3449294848|1, 3449290752|1297, 3449286656|1831, 3449139200|3452, 3449217024|3543, 3449245696|3647, 3449241600|4509, 3449245696|6501, 3449212928|6606, 3449241600|6757, 3449237504|7558, 3449241600|7624, 3449229312|9640, 3449241600|9839, 3449225216|12077, 3449241600|12180, singapore, 
3449229312|1, 3449225216|1227, 3449217024|1691, 3449221120|1849, 3449217024|1935, 3449221120|2011, 3449225216|2776, 3449094144|3418, 3449217024|3513, 3449196544|3600, 3449233408|3682, 3449229312|4344, 3449200640|4446, 3449233408|4548, 3449229312|4653, 3449196544|6699, 3449229312|6785, 3449217024|9898, 3449229312|10104, 3449217024|11560, 3449229312|11642, 3449212928|11949, 3449229312|12073, singapore, 
3449217024|1, 3449208832|342, 3449217024|408, 3449212928|1401, 3449249792|1885, 3449208832|1966, 3449217024|3480, 3449180160|3576, 3449217024|3659, 3449212928|4979, 3449217024|5075, 3449188352|6669, 3449176064|6761, 3449200640|6863, 3449188352|10048, 3449106432|10178, 3449155584|10269, acropolis, 
3449139200|1, 3449135104|1397, 3449126912|1710, 3449131008|1905, 3449126912|2274, 3449131008|2343, 3449135104|2700, 3449131008|2877, 3449139200|3403, 3449102336|3508, 3449139200|3602, 3449143296|4474, 3449126912|4958, 3449196544|5087, 3449139200|5386, 3449131008|6864, 3449139200|6944, 3449090048|7714, 3449184256|7830, 3449143296|8034, 3449176064|8142, 3449131008|8375, 3449167872|8472, colosseum+rome, 
3449139200|1, 3449135104|1316, 3449126912|1617, 3449131008|1852, 3449139200|3200, 3449106432|4387, 3449139200|4476, 3449147392|6702, 3449102336|10409, 3449085952|10582, 3449102336|10758, 3449057280|14818, 3448668160|14899, 3449102336|14980, 3449081856|15069, 3449036800|15162, 3449081856|15238, petronas+towers, 
3449073664|1, 3449069568|1373, 3449065472|1519, 3449069568|1598, 3449061376|1665, 3449065472|1739, 3449069568|1874, 3449073664|2624, 3449098240|3318, 3449053184|3433, 3449028608|3505, 3449053184|3604, 3449049088|4529, 3449073664|6688, 3449061376|6768, 3449114624|6832, 3449098240|8191, 3449114624|8264, 3449098240|11302, 3449114624|11481, cape+town, 
3449106432|1, 3449102336|1356, 3449094144|1600, 3449098240|1906, 3449094144|2117, 3449098240|2186, 3449102336|2704, 3449110528|3289, 3449090048|4471, 3449110528|4587, 3449036800|4930, 3449110528|5006, 3449094144|11022, 3449110528|11149, 3449065472|15140, 3449110528|15214, peking, 
3449090048|1, 3449085952|1347, 3449077760|1595, 3449081856|1900, 3449090048|3261, 3449069568|3422, 3449090048|3524, 3449085952|4221, 3449090048|4321, 3449077760|6797, 3449065472|7059, 3449053184|10085, 3449065472|10157, 3448971264|10245, 3449012224|10332, 3448995840|10702, 3449012224|10785, eiffel+tower, 
3448987648|1, 3448983552|1359, 3448975360|1597, 3448979456|1844, 3448975360|2585, 3448979456|2655, 3448987648|3177, 3448983552|4705, 3448958976|7799, 3448983552|7913, 3448971264|8553, 3448983552|8641, 3448881152|8851, 3449044992|8909, 3449036800|9132, 3449040896|9213, 3449032704|9442, pyramids+of+giza, 
3449024512|1, 3449020416|1348, 3449012224|1635, 3449016320|1917, 3448979456|3367, 3449024512|3475, 3449020416|4697, 3449024512|4779, 3448975360|6289, 3448999936|6372, 3449040896|6458, 3449049088|6556, 3449024512|7798, 3449049088|7900, 3449036800|9872, 3449049088|9944, pyongyang, 
3449040896|1, 3449036800|1396, 3449028608|1741, 3449032704|1964, 3449028608|2716, 3449032704|2818, 3449040896|3371, 3449028608|3571, 3449040896|3697, 3449036800|4293, 3449040896|4419, 3449008128|6752, 3449036800|6826, 3449024512|8822, 3449036800|8908, 3449020416|10886, 3449036800|11123, toronto+canada, 
3449016320|1, 3449008128|336, 3449016320|400, 3449012224|1333, 3449004032|1592, 3449008128|1888, 3449012224|2572, 3449020416|3274, 3449012224|3390, 3449020416|3504, 3448983552|4517, 3449020416|4611, 3448995840|6623, 3449020416|6690, 3449008128|10163, 3449020416|10230, 3449004032|10422, 3449020416|10526, peking, 
3448991744|1, 3448893440|1283, 3448496128|1347, 3447939072|1416, 3447488512|1494, 3448942592|1597, 3448946688|1662, 3448934400|1752, 3448938496|1831, 3448942592|1962, 3448950784|3546, 3448909824|3739, 3448950784|3814, 3448918016|6572, 3448950784|6654, 3448938496|10558, 3448950784|10678, 3448938496|12448, 3448950784|12582, pyongyang, 
3448942592|1, 3448938496|1300, 3448930304|1765, 3448934400|1831, 3448942592|3369, 3448901632|3724, 3448942592|3847, 3448934400|6992, 3448926208|7241, 3448913920|10136, 3448926208|10209, 3448872960|10994, 3448889344|11090, 3448872960|11201, 3448889344|11332, acropolis, 
3448864768|1, 3448856576|337, 3448864768|408, 3448860672|1214, 3448864768|1300, 3448860672|1368, 3448856576|1519, 3448860672|1594, 3448852480|1688, 3448856576|1930, 3448860672|2649, 3448868864|3315, 3448840192|3438, 3448827904|3517, 3448868864|3591, 3448864768|4084, 3448868864|4201, 3448864768|4437, 3448905728|7091, 3448901632|7426, 3448885248|8232, 3448901632|8304, 3448848384|11253, eiffel+tower, 
3448840192|1, 3448832000|318, 3448840192|404, 3448836096|1350, 3448827904|1741, 3448832000|1864, 3448840192|3441, 3448803328|3590, 3448840192|3691, 3448815616|4642, 3448836096|4747, 3448725504|6753, 3448909824|6839, 3448926208|6921, 3448909824|10950, 3448926208|11135, 3448889344|15178, 3448926208|15267, wencelas+square+prague, 
3448905728|1, 3448901632|1403, 3448893440|1639, 3448897536|1921, 3448905728|3373, 3448860672|3575, 3448905728|3666, 3448901632|4544, 3448885248|6680, 3448905728|6799, 3448885248|6970, 3448881152|7047, 3448901632|7111, 3448885248|10116, 3448901632|10212, 3448905728|11793, 3448901632|11883, 3448602624|13947, 3448901632|14043, wencelas+square+prague, 
3448889344|1, 3448885248|1358, 3448881152|1453, 3448885248|1522, 3448877056|1699, 3448881152|1922, 3448877056|2208, 3448881152|2272, 3448815616|3396, 3448778752|3488, 3448815616|3580, 3448791040|6726, 3448811520|6862, 3448803328|6932, 3448799232|7629, 3448803328|7708, 3448799232|9591, 3448803328|9678, 3448791040|10801, 3448786944|11017, 3448803328|11112, 3448754176|11342, 3448721408|11488, 3448754176|11622, 3448717312|15133, 3448754176|15220, burj+khalifa, 
3448733696|1, 3448729600|1312, 3448721408|1563, 3448725504|1836, 3448729600|2526, 3448692736|3231, 3448737792|3324, 3448729600|4522, 3448651776|4624, 3448729600|4692, 3448733696|6072, 3448729600|6152, 3448750080|6785, 3448782848|6899, 3448786944|6978, 3448762368|7728, 3448786944|7830, 3448754176|15078, 3448786944|15152, peking, 
3448774656|1, 3448770560|1376, 3448762368|1675, 3448766464|1910, 3448762368|2502, 3448766464|2554, 3448770560|2694, 3448778752|3316, 3448754176|3507, 3448778752|3634, 3448754176|4353, 3448774656|4456, 3448745984|6530, 3448774656|6598, 3448745984|6715, 3448774656|6801, 3448758272|9270, 3448774656|9343, 3448758272|11767, 3448774656|11872, mt.+everest, 
3448762368|1, 3448758272|1145, 3448762368|1237, 3448758272|1325, 3448750080|1759, 3448754176|1843, 3448750080|2701, 3448754176|2770, 3448627200|3511, 3448762368|3579, 3448721408|3699, 3448762368|3780, 3448758272|4359, 3448762368|4462, 3448733696|6468, 3448729600|6579, 3448762368|6733, 3448750080|8073, 3448762368|8137, 3448745984|10287, 3448762368|10490, taipei+101, 
3448754176|1, 3448750080|1375, 3448741888|1604, 3448745984|1988, 3448741888|2250, 3448745984|2337, 3448741888|2694, 3448750080|3426, 3448721408|3597, 3448750080|3697, 3448754176|5269, 3448750080|6043, 3448754176|6114, 3448741888|7437, 3448729600|7785, 3448717312|11077, 3448729600|11168, 3448639488|11260, 3448684544|11351, mirabell+gardens, 
3448655872|1, 3448651776|1376, 3448643584|1760, 3448647680|1916, 3448651776|2616, 3448659968|3358, 3448504320|3457, 3448659968|3539, 3448619008|3635, 3448659968|3753, 3448655872|4217, 3448659968|4301, 3448717312|4603, 3448713216|5062, 3448655872|5200, 3448651776|5893, 3448655872|5991, 3448651776|6618, 3448561664|8548, 3448692736|8623, 3448696832|8691, 3448705024|8844, 3448696832|9066, 3448676352|9156, 3448692736|9230, 3448672256|9373, 3448696832|9432, 3448655872|9511, 3448696832|9582, 3448692736|9869, 3448651776|9934, 3448688640|10006, 3448692736|10066, 3448696832|10253, 3448692736|10316, 3448696832|10401, 3448692736|10533, 3448696832|10604, 3448655872|10670, 3448696832|10733, 3448651776|10815, 3448700928|10876, 3448696832|10950, 3448700928|11026, 3448696832|11105, 3448700928|11232, 3448692736|11308, 3448700928|11379, 3448696832|11460, 3448651776|11522, 3448659968|11600, 3448688640|11646, 3448696832|11705, 3448700928|11780, 3448696832|11860, 3448700928|11916, 3448696832|11984, 3448651776|15133, 3448696832|15222, the+great+wall, 
3448668160|1, 3448664064|1357, 3448655872|1750, 3448659968|1970, 3448647680|3432, 3448668160|3474, 3448639488|3595, 3448627200|3694, 3448668160|3773, 3448672256|4602, 3448627200|4941, 3448672256|5010, 3448680448|7139, 3448664064|11515, 3448680448|11612, 3448639488|12705, burj+khalifa, 
3448631296|1, 3448623104|1306, 3448627200|1388, 3448614912|1763, 3448619008|1852, 3448623104|1918, 3448619008|2044, 3448623104|2119, 3448619008|2537, 3448623104|2607, 3448627200|2815, 3448635392|3476, 3448631296|4583, 3448545280|6329, 3448651776|6401, 3448655872|6487, 3448688640|6595, 3448676352|11186, 3448688640|11250, 3448672256|12006, 3448688640|12090, mt.+everest, 
3448672256|1, 3448668160|1355, 3448664064|1683, 3448668160|1762, 3448659968|1841, 3448664064|1927, 3448672256|3585, 3448659968|3788, 3448672256|3883, 3448668160|4819, 3448672256|5865, 3448668160|5942, 3448655872|6853, 3448659968|6954, 3448623104|7408, 3448655872|7522, 3448619008|7874, 3448631296|7954, 3448647680|8086, 3448614912|8503, 3448639488|8597, 3448627200|9921, 3448639488|9979, 3448627200|10038, 3448639488|10111, 3448623104|10916, 3448639488|10986, 3448352768|14610, 3447775232|14689, 3448557568|14755, colosseum+rome, 
3448537088|1, 3448532992|1317, 3448528896|1881, 3448537088|3437, 3448483840|3549, 3448446976|3661, 3448483840|3772, 3448410112|5072, 3448483840|5194, 3448451072|6728, 3448496128|6836, 3448459264|6910, 3448500224|6999, 3448487936|9440, 3448500224|9526, 3448483840|10702, 3448500224|10840, 3448401920|11270, 3448459264|11340, 3448414208|15180, 3448459264|15250, burj+khalifa, 
3448438784|1, 3448434688|1311, 3448430592|1891, 3448434688|2757, 3448442880|3428, 3448438784|3551, 3448442880|3622, 3448438784|4301, 3448434688|4775, 3448438784|4875, 3448459264|6635, 3448492032|6721, 3448496128|6789, 3448500224|8376, 3448496128|8451, 3448479744|12021, 3448496128|12097, mt.+everest, 
3448483840|1, 3448479744|1318, 3448483840|1874, 3448471552|1951, 3448475648|2019, 3448459264|2955, 3448475648|3030, 3448483840|3387, 3448446976|3552, 3448483840|3645, 3448479744|5992, 3448475648|6184, 3448479744|6277, 3448446976|7621, 3448451072|7703, 3448418304|8542, 3448406016|10517, 3448418304|10626, 3448401920|11668, 3448418304|11847, 3448352768|13191, 3448360960|13271, 3448324096|13351, 3448365056|13453, empire+state+building, 
3448352768|1, 3448348672|1323, 3448340480|1743, 3448336384|1798, 3448344576|1883, 3448348672|2668, 3448356864|3380, 3448328192|4478, 3448352768|4602, 3448442880|6653, 3448410112|6938, 3448479744|7033, 3448455168|7729, 3448479744|7795, 3448467456|9661, 3448479744|9733, 3448434688|15106, 3448479744|15190, wencelas+square+prague, 
3448463360|1, 3448459264|1374, 3448451072|1743, 3448455168|1894, 3448451072|2658, 3448455168|2737, 3448463360|3320, 3448451072|4650, 3448463360|4782, 3448520704|4885, 3448463360|5258, 3448455168|6948, 3448459264|7043, 3448451072|7203, 3448446976|7276, 3448442880|10760, 3448446976|10851, 3448430592|11255, 3448446976|11443, 3448406016|11507, 3448397824|11608, 3448393728|11684, 3448373248|14823, petronas+towers, 
3448348672|1, 3448340480|346, 3448348672|416, 3448344576|1364, 3448340480|1444, 3448344576|1507, 3448340480|1658, 3448344576|1981, 3448311808|2613, 3448348672|2704, 3448373248|3331, 3448332288|3516, 3448373248|3585, 3448352768|4425, 3448369152|4517, 3448418304|6622, 3448422400|6716, 3448418304|8862, 3448422400|8982, 3448381440|10295, 3448369152|10364, 3448352768|10802, 3448369152|10964, petronas+towers, 
3448352768|1, 3448348672|1335, 3448344576|1500, 3448348672|1565, 3448340480|1655, 3448344576|1881, 3448340480|2157, 3448344576|2231, 3448311808|2574, 3448348672|2647, 3448356864|3273, 3448315904|3457, 3448356864|3558, 3448336384|4377, 3448352768|4506, 3448406016|6452, 3448381440|10336, 3448336384|10428, 3448356864|10502, acropolis, 
3448340480|1, 3448336384|1173, 3448340480|1253, 3448336384|1334, 3448328192|1833, 3448332288|1924, 3448328192|2280, 3448332288|2345, 3448336384|2741, 3448344576|3460, 3448307712|3635, 3448344576|3727, 3448340480|4670, 3448254464|6826, 3448360960|6924, 3448401920|7018, 3448385536|11079, 3448401920|11187, 3448356864|15143, 3448401920|15214, toronto+canada, 
3448385536|1, 3448381440|1368, 3448373248|1602, 3448369152|1833, 3448377344|1905, 3448381440|2553, 3448389632|3320, 3448356864|4310, 3448389632|4420, 3448356864|6304, 3448393728|6401, 3448389632|6471, 3448393728|6562, 3448389632|9385, 3448393728|9466, 3448385536|10069, 3448393728|10143, 3448377344|11206, 3448393728|11303, wencelas+square+prague, 
3448369152|1, 3448365056|1090, 3448369152|1164, 3448365056|1316, 3448356864|1541, 3448360960|1838, 3448356864|2361, 3448360960|2415, 3448369152|3275, 3448328192|3485, 3448369152|3591, 3448324096|6580, 3448360960|6677, 3448348672|6750, 3448279040|10639, 3448295424|10703, 3448283136|11111, 3448295424|11178, 3448250368|15136, 3448295424|15207, petronas+towers, 
3448291328|1, 3448287232|1331, 3448279040|1568, 3448283136|1863, 3448287232|2528, 3448291328|3322, 3448295424|3418, 3448258560|3516, 3448295424|3595, 3448291328|4478, 3448197120|6678, 3448348672|6777, 3448356864|6854, 3448340480|10837, 3448356864|11064, toronto+canada, 
3448332288|1, 3448328192|1311, 3448320000|1794, 3448324096|1883, 3448328192|2827, 3448336384|3394, 3448332288|4354, 3448336384|4464, 3448328192|6599, 3448295424|6714, 3448299520|6795, 3448324096|6869, 3448242176|10842, 3448270848|10951, 3448254464|11190, 3448270848|11298, 3448225792|15140, 3448270848|15238, big+ben, 
3448254464|1, 3448250368|1337, 3448242176|1871, 3448246272|1930, 3448172544|3425, 3448217600|3530, 3448254464|3649, 3448250368|4459, 3448233984|4541, 3448250368|4658, 3448307712|6590, 3448274944|6697, 3448311808|6774, 3448295424|9287, 3448311808|9354, 3448299520|11091, 3448311808|11176, 3448307712|11274, 3448311808|11359, 3448299520|11489, 3448311808|11552, 3448295424|11941, 3448311808|12055, taipei+101, 
3448299520|1, 3448295424|1350, 3448287232|1658, 3448291328|1875, 3448295424|2597, 3448291328|2945, 3448299520|3324, 3448303616|4365, 3448299520|4652, 3448303616|4749, 3448229888|4855, 3448303616|4925, 3448291328|11192, 3448303616|11282, 3448291328|12283, 3448287232|12362, 3448303616|12453, sydney+harbour, 
3448287232|1, 3448283136|1394, 3448274944|1620, 3448279040|1902, 3448266752|2566, 3448279040|2651, 3448188928|3248, 3448287232|3297, 3448246272|3426, 3448287232|3538, 3448262656|7795, 3448287232|7883, 3448270848|8970, 3448287232|9045, 3448274944|10968, 3448287232|11039, toronto+canada, 
3448266752|1, 3448262656|1341, 3448254464|1593, 3448258560|1863, 3448266752|3404, 3448225792|3689, 3448266752|3765, 3448233984|4503, 3448266752|4584, 3448193024|5297, 3448266752|5412, 3448254464|7007, 3448242176|7409, 3448156160|11185, 3448188928|11235, 3448143872|15148, 3448188928|15213, eiffel+tower, 
3448180736|1, 3448176640|1377, 3448168448|1602, 3448172544|2003, 3448168448|2191, 3448172544|2275, 3448180736|3295, 3448082432|3404, 3448180736|3517, 3448139776|3584, 3448180736|3679, 3448176640|4433, 3448172544|4704, 3448176640|4826, 3448246272|6396, 3448258560|6591, 3448254464|7573, 3448258560|7652, 3448254464|8859, 3448258560|8933, 3448242176|11981, 3448258560|12173, pyongyang, 
3448238080|1, 3448233984|1402, 3448229888|1549, 3448233984|1633, 3448225792|1710, 3448229888|1910, 3448225792|1999, 3448229888|2079, 3448225792|2407, 3448229888|2468, 3448197120|2642, 3448229888|2730, 3448217600|3369, 3448238080|3457, 3448205312|4741, 3448238080|4950, 3448233984|5133, 3448238080|5203, 3448225792|6695, 3448184832|7142, 3448217600|7247, 3448209408|7470, 3448176640|7670, 3448197120|7779, 3448201216|7897, 3448184832|10630, 3448201216|10731, pyramids+of+giza, 
3448184832|1, 3448180736|1357, 3448172544|1524, 3448176640|1922, 3448143872|2580, 3448176640|2662, 3448184832|3316, 3448242176|4825, 3448238080|5104, 3448184832|5176, 3448160256|7440, 3448168448|7547, 3448127488|7629, 3448143872|7703, 3448086528|11565, 3448098816|11645, 3448086528|12137, 3448098816|12192, 3448082432|12738, 3448098816|12841, 3448053760|15188, 3448098816|15253, empire+state+building, 
3448078336|1, 3448074240|1402, 3448066048|1777, 3448070144|1931, 3448066048|2568, 3448070144|2642, 3448074240|2762, 3448082432|3334, 3448078336|4541, 3448074240|4774, 3448078336|4863, 3448004608|4954, 3448078336|5032, 3447943168|6513, 3448164352|6603, 3448193024|6763, 3448143872|10789, 3448115200|10909, 3448139776|11012, 3448123392|11544, 3448139776|11641, 3448107008|15167, 3448139776|15271, big+ben, 
3448123392|1, 3448119296|1387, 3448111104|1856, 3448115200|1933, 3448111104|2434, 3448115200|2522, 3448111104|2660, 3448115200|2739, 3448123392|3503, 3448086528|3700, 3448082432|3763, 3448123392|3870, 3448119296|4667, 3448123392|4743, 3448119296|4861, 3448139776|6687, 3448143872|6765, 3448176640|6850, 3448127488|11135, 3448123392|11259, 3448107008|12465, 3448123392|12651, burj+khalifa, 
3448107008|1, 3448102912|1363, 3448094720|1858, 3448098816|1935, 3448094720|2268, 3448098816|2334, 3448066048|2736, 3448102912|2813, 3448111104|3472, 3448107008|4515, 3448102912|4812, 3448107008|4907, 3448160256|6900, 3448164352|6978, 3448147968|11683, 3448164352|11784, 3448147968|11867, 3448164352|11962, 3448119296|15149, 3448164352|15270, mt.+everest, 
3448147968|1, 3448143872|1335, 3448135680|1750, 3448139776|1951, 3448135680|2356, 3448139776|2444, 3448107008|2632, 3448139776|2713, 3448147968|3440, 3448143872|4331, 3448147968|4463, 3448143872|6538, 3448147968|6617, 3448135680|6798, 3448147968|6875, 3448123392|7766, 3448147968|7840, 3448135680|10290, 3448147968|10404, cape+town, 
3448127488|1, 3448123392|1344, 3448115200|1606, 3448119296|1899, 3448123392|2549, 3448119296|2608, 3448123392|2692, 3448090624|3324, 3448131584|3434, 3448098816|4522, 3448131584|4646, 3448135680|5279, 3448131584|5369, 3448119296|6618, 3448111104|6969, 3448107008|7883, 3448111104|7968, 3448066048|11302, 3448053760|12342, 3448066048|12426, 3448020992|15156, 3448066048|15269, acropolis, 
3448057856|1, 3448049664|343, 3448057856|404, 3448053760|1337, 3448045568|1733, 3448049664|1904, 3448045568|1991, 3448049664|2050, 3448053760|2679, 3448061952|3361, 3448057856|4335, 3448061952|4448, 3448057856|4575, 3448098816|6879, 3448102912|6973, 3448057856|7653, 3448098816|7720, 3448008704|10240, 3448053760|10313, 3448049664|10416, 3448033280|10619, 3448049664|10714, 3448004608|15148, 3448049664|15229, mirabell+gardens, 
3448041472|1, 3448037376|1319, 3448029184|1726, 3448033280|1890, 3448037376|2710, 3448045568|3345, 3448041472|4175, 3448098816|6707, 3448053760|6777, 3448107008|6859, 3448098816|9809, 3448008704|10023, 3448045568|10112, 3448029184|10924, 3448045568|11058, big+ben, 
3448025088|1, 3448020992|1387, 3448012800|1633, 3448016896|1949, 3448020992|2643, 3448029184|3379, 3448016896|3664, 3448029184|3775, 3448025088|4346, 3448020992|4542, 3448025088|4654, 3448020992|4770, 3448025088|4861, 3448074240|6874, 3448078336|6975, 3448074240|8003, 3448078336|8081, 3448066048|11586, 3448078336|11681, 3448004608|12022, 3448025088|12103, 3448008704|12576, 3448025088|12657, 3447980032|15160, 3448025088|15240, burj+khalifa, 
3448000512|1, 3447996416|1406, 3447984128|1661, 3447988224|1731, 3447992320|1938, 3447996416|2635, 3448004608|3321, 3447963648|3517, 3448004608|3595, 3447980032|4341, 3448000512|4459, 3448053760|6473, 3448020992|6547, 3448033280|6669, 3448057856|6729, 3448045568|7720, 3448061952|7781, 3448057856|7850, 3448041472|9743, 3448057856|9958, cape+town, 
3448045568|1, 3448041472|1407, 3448029184|1660, 3448033280|1739, 3448037376|1920, 3448041472|2721, 3448037376|2894, 3448045568|3414, 3448004608|3583, 3448045568|3678, 3448041472|4200, 3448045568|4274, 3448041472|6535, 3448037376|6726, 3448033280|6932, 3448037376|7018, 3448025088|7972, 3448037376|8033, 3448020992|10332, 3448037376|10420, 3447988224|11464, burj+khalifa, 
3447959552|1, 3447955456|1170, 3447959552|1217, 3447955456|1395, 3447947264|1650, 3447951360|1928, 3447947264|2291, 3447951360|2366, 3447955456|2619, 3447963648|3282, 3447939072|4354, 3447959552|4501, 3448012800|6673, 3447975936|6953, 3448016896|7035, sydney+harbour, 
3448012800|1, 3448008704|1357, 3448000512|1785, 3448004608|1927, 3448000512|3425, 3448012800|3540, 3448008704|4344, 3448004608|4410, 3448008704|4618, 3447980032|6620, 3448004608|6708, 3447996416|6874, 3447951360|10150, 3447918592|10319, 3447951360|10404, 3447939072|10550, 3447951360|10612, 3447934976|11427, 3447951360|11607, acropolis, 
3447934976|1, 3447930880|1330, 3447922688|1559, 3447926784|1844, 3447934976|3291, 3447922688|3484, 3447934976|3570, 3447939072|4338, 3447934976|4450, 3447861248|4891, 3447934976|4992, 3447988224|6741, 3447996416|6991, 3447984128|7848, 3447996416|7908, 3447980032|10151, 3447996416|10340, 3448000512|12300, 3447996416|12371, sydney+harbour, 
3447971840|1, 3447963648|284, 3447971840|369, 3447967744|1327, 3447959552|1737, 3447963648|1873, 3447971840|3416, 3447877632|3500, 3447930880|3621, 3447971840|3713, 3448029184|5088, 3447971840|5258, 3447959552|6951, 3447963648|7030, 3447951360|7117, 3447939072|10415, 3447951360|10499, 3447910400|11246, 3447894016|11347, eiffel+tower, 
3447873536|1, 3447865344|250, 3447873536|339, 3447869440|1254, 3447865344|1762, 3447861248|2039, 3447865344|2107, 3447832576|2759, 3447865344|2851, 3447873536|3452, 3447869440|4592, 3447865344|6808, 3447771136|6889, 3447930880|6981, 3447898112|7058, 3447930880|7224, 3447934976|7651, 3447918592|10619, 3447934976|10725, 3447853056|11326, 3447885824|11399, 3447881728|14684, 3447885824|14776, 3447840768|15111, 3447885824|15201, petronas+towers, 
3447877632|1, 3447873536|1315, 3447865344|1703, 3447869440|1851, 3447873536|2733, 3447881728|3447, 3447865344|4694, 3447939072|4781, 3447881728|5360, 3447877632|6447, 3447791616|8473, 3447926784|8544, 3447898112|8691, 3447922688|8781, 3447926784|9011, 3447918592|9174, 3447914496|9501, 3447902208|9588, 3447914496|9677, 3447918592|9776, 3447881728|10074, 3447844864|10120, 3447873536|10206, 3447857152|10276, 3447877632|10361, 3447918592|10446, 3447914496|10743, 3447918592|10814, 3447914496|10962, 3447918592|11042, 3447877632|11277, 3447918592|11352, 3447914496|11493, 3447873536|11559, 3447914496|11635, 3447918592|11691, 3447881728|11898, 3447877632|11956, 3447914496|12010, the+great+wall, 
3447902208|1, 3447898112|1361, 3447889920|1796, 3447894016|1865, 3447902208|3319, 3447906304|5690, 3447902208|5947, 3447906304|6043, 3447869440|6875, 3447861248|6953, 3447922688|7040, 3447906304|12199, 3447922688|12313, peking, 
3447906304|1, 3447902208|1356, 3447894016|1775, 3447898112|1854, 3447906304|3463, 3447865344|6832, 3447898112|6936, 3447889920|7416, 3447865344|7749, 3447889920|7816, 3447873536|10991, 3447889920|11145, 3447844864|11311, 3447840768|11376, 3447848960|11443, petronas+towers, 
3447820288|1, 3447816192|1366, 3447812096|1675, 3447816192|1755, 3447808000|1837, 3447812096|1901, 3447816192|2956, 3447824384|3609, 3447799808|4522, 3447820288|4600, 3447869440|6864, 3447873536|6964, 3447857152|7488, 3447873536|7545, 3447861248|7997, 3447873536|8066, 3447857152|10600, 3447873536|10683, 3447783424|11751, 3447803904|11834, 3447824384|11901, 3447828480|14455, 3447824384|14520, acropolis, 
3447816192|1, 3447812096|1377, 3447803904|1859, 3447808000|1926, 3447812096|2842, 3447820288|3523, 3447779328|3614, 3447820288|3703, 3447816192|4205, 3447820288|4288, 3447816192|4487, 3447869440|6487, 3447824384|6589, 3447877632|6688, 3447873536|8876, 3447877632|9004, 3447865344|10414, 3447877632|10511, 3447861248|11114, 3447877632|11200, 3447525376|14517, 3447054336|14584, 3447853056|14665, toronto+canada, 
3447840768|1, 3447836672|1336, 3447832576|1665, 3447836672|1735, 3447828480|1833, 3447832576|1908, 3447828480|2402, 3447832576|2477, 3447836672|2766, 3447844864|3398, 3447779328|3500, 3447738368|3588, 3447779328|3667, 3447746560|4240, 3447779328|4356, 3447746560|6649, 3447775232|6808, 3447762944|11532, 3447775232|11610, 3447730176|15150, 3447775232|15217, taipei+101, 
3447750656|1, 3447746560|1286, 3447738368|1781, 3447742464|1926, 3447750656|3425, 3447676928|4690, 3447750656|4769, 3447746560|5689, 3447750656|5782, 3447738368|6928, 3447750656|7029, 3447746560|7397, 3447750656|7486, 3447717888|8507, 3447689216|8603, 3447721984|8686, 3447689216|9132, 3447676928|12870, 3447672832|12967, 3447689216|13078, 3447566336|14266, 3447631872|14382, 3447586816|15189, 3447631872|15253, empire+state+building, 
3447611392|1, 3447607296|1303, 3447599104|1632, 3447603200|1853, 3447607296|2622, 3447615488|3413, 3447578624|3579, 3447615488|3667, 3447595008|4149, 3447611392|4263, 3447607296|4437, 3447611392|4527, 3447537664|5057, 3447611392|5133, 3447615488|6231, 3447611392|6329, 3447468032|7084, 3447664640|7160, 3447627776|7228, 3447730176|7312, 3447726080|8359, 3447730176|8466, 3447713792|9984, 3447730176|10091, 3447685120|15113, 3447730176|15225, cape+town, 
3447713792|1, 3447709696|1348, 3447705600|1978, 3447701504|2620, 3447705600|2695, 3447672832|2847, 3447709696|2948, 3447717888|3566, 3447681024|3787, 3447717888|3932, 3447713792|4795, 3447717888|4901, 3447644160|5039, 3447717888|5147, 3447685120|6883, 3447717888|6962, 3447705600|11053, 3447717888|11149, 3447721984|13453, 3447717888|13545, sydney+harbour, 
3447713792|1, 3447709696|1123, 3447713792|1200, 3447709696|1370, 3447701504|1680, 3447705600|1900, 3447672832|2680, 3447705600|2770, 3447713792|3400, 3447676928|3503, 3447713792|3615, 3447709696|4175, 3447713792|4255, 3447640064|4847, 3447713792|4937, 3447681024|6113, 3447713792|6240, 3447701504|7310, 3447713792|7398, 3447685120|8237, 3447701504|8319, 3447697408|8403, 3447693312|8570, 3447652352|8648, 3447685120|8718, 3447644160|8804, 3447685120|8883, 3447640064|8944, 3447685120|9026, 3447681024|9696, 3447664640|9788, 3447648256|9892, 3447681024|9960, 3447672832|10041, 3447676928|10099, 3447672832|10167, 3447676928|10229, 3447681024|10306, 3447685120|10501, 3447644160|11060, 3447681024|11136, 3447685120|11205, 3447648256|11270, 3447681024|11340, 3447672832|11407, 3447635968|11490, 3447627776|11649, 3447681024|11725, 3447685120|11922, the+great+wall, 
3447668736|1, 3447664640|1311, 3447656448|1642, 3447660544|1852, 3447668736|3345, 3447664640|4415, 3447672832|4510, 3447668736|4689, 3447672832|4785, 3447676928|6472, 3447685120|6664, 3447689216|6738, 3447676928|10266, 3447689216|10387, sydney+harbour, 
3447672832|1, 3447664640|1378, 3447668736|1459, 3447656448|1528, 3447660544|1609, 3447664640|1923, 3447672832|3268, 3447631872|3363, 3447672832|3462, 3447668736|4021, 3447672832|4105, 3447668736|4205, 3447664640|4463, 3447668736|4552, 3447635968|6570, 3447668736|6666, 3447652352|11452, 3447668736|11558, 3447672832|13761, 3447668736|13826, pyongyang, 
3447656448|1, 3447652352|1355, 3447640064|1515, 3447644160|1577, 3447648256|1861, 3447652352|2660, 3447648256|2835, 3447656448|3354, 3447660544|4385, 3447586816|4886, 3447660544|4963, 3447627776|5801, 3447660544|5907, 3447631872|7293, 3447652352|7373, 3447640064|7539, 3447611392|7758, 3447635968|7832, 3447619584|8250, 3447631872|8327, 3447619584|9009, 3447631872|9093, 3447615488|11209, 3447631872|11287, colosseum+rome, 
3447611392|1, 3447607296|1418, 3447599104|1579, 3447603200|1899, 3447611392|3391, 3447668736|5067, 3447595008|5564, 3447611392|5675, 3447595008|6038, 3447611392|6111, 3447607296|7604, 3447611392|7708, 3447599104|8076, 3447611392|8148, 3447615488|9078, 3447619584|9329, 3447574528|9464, 3447615488|9533, 3447619584|9609, 3447611392|9690, 3447619584|9754, 3447627776|9822, 3447586816|10041, 3447627776|10134, 3447590912|10290, 3447627776|10368, 3447582720|10483, 3447603200|10550, 3447635968|10610, 3447631872|10679, 3447586816|10742, 3447623680|10809, 3447619584|10936, 3447623680|10999, 3447578624|11073, 3447615488|11130, 3447611392|11277, 3447574528|11345, 3447611392|11429, 3447615488|11513, 3447570432|11580, 3447623680|11657, 3447578624|11977, 3447631872|12049, 3447627776|12126, 3447619584|12203, 3447615488|12335, 3447619584|12389, 3447611392|12465, the+great+wall, 
3447590912|1, 3447586816|1191, 3447590912|1279, 3447586816|1356, 3447578624|1765, 3447582720|1896, 3447578624|2673, 3447582720|2726, 3447590912|3331, 3447549952|3526, 3447590912|3618, 3447595008|4394, 3447586816|6660, 3447545856|6749, 3447595008|6820, 3447586816|7079, 3447570432|7412, 3447586816|7481, 3447574528|9702, 3447541760|9783, 3447549952|9889, mirabell+gardens, 
3447529472|1, 3447525376|1376, 3447517184|1690, 3447521280|1949, 3447517184|2722, 3447480320|2874, 3447521280|2959, 3447529472|3744, 3447533568|4262, 3447529472|4584, 3447431168|6754, 3447545856|6843, 3447586816|6931, 3447595008|7016, 3447554048|11440, 3447541760|11517, 3447525376|12176, 3447541760|12277, 3447496704|15187, 3447541760|15247, big+ben, 
3447521280|1, 3447517184|1391, 3447513088|1620, 3447517184|1718, 3447508992|1803, 3447513088|1962, 3447508992|2850, 3447513088|2910, 3447521280|3708, 3447480320|3916, 3447521280|4015, 3447508992|4611, 3447513088|4708, 3447517184|4775, 3447545856|7317, 3447517184|7739, 3447504896|11554, 3447500800|11659, 3447504896|11782, 3447517184|11881, 3447447552|12101, 3447459840|12183, 3447443456|12422, 3447459840|12521, empire+state+building, 
3447447552|1, 3447443456|1296, 3447435264|1678, 3447439360|1845, 3447435264|1929, 3447439360|2006, 3447443456|2770, 3447451648|3390, 3447508992|4886, 3447504896|4972, 3447508992|5058, 3447447552|5158, 3447521280|7995, 3447525376|8075, 3447517184|8196, 3447443456|8578, 3447533568|8685, 3447521280|10317, 3447533568|10399, colosseum+rome, 
3447521280|1, 3447517184|1219, 3447508992|1682, 3447513088|1900, 3447521280|3624, 3447480320|3816, 3447521280|3891, 3447476224|7329, 3447496704|7414, 3447537664|7485, 3447545856|7568, 3447541760|7762, 3447545856|7830, 3447533568|8027, 3447545856|8092, 3447541760|8541, 3447545856|8686, 3447533568|9617, 3447545856|9699, 3447508992|15108, 3447545856|15187, cape+town, 
3447533568|1, 3447529472|1376, 3447521280|1685, 3447517184|1868, 3447525376|1938, 3447521280|2507, 3447525376|2584, 3447533568|3418, 3447492608|3624, 3447533568|3738, 3447529472|4348, 3447533568|4448, 3447500800|7134, 3447533568|7208, 3447508992|7796, 3447533568|7874, 3447517184|10175, 3447533568|10264, 3447488512|15140, 3447533568|15217, taipei+101, 
3447508992|1, 3447504896|1390, 3447492608|1701, 3447496704|1782, 3447500800|1923, 3447508992|3328, 3447476224|7183, 3447508992|7232, 3447480320|10556, pyeongchang, 
3447472128|1, 3447468032|1377, 3447459840|1635, 3447463936|1927, 3447472128|3524, 3447468032|4488, 3447463936|4670, 3447394304|4764, 3447468032|4852, 3447443456|6494, 3447468032|6609, 3447472128|6678, 3447468032|11382, 3447472128|11452, 3447455744|12080, 3447472128|12169, 3447468032|14368, 3447472128|14425, 3447373824|15392, 3446587392|15488, 3445936128|15564, 3447414784|15625, 3447435264|15682, pyongyang, 
3447422976|1, 3447418880|1318, 3447406592|1724, 3447410688|1794, 3447414784|1874, 3447422976|3521, 3447418880|4691, 3447422976|4782, 3447418880|7234, 3447422976|7455, 3447386112|7549, 3447402496|7653, 3447369728|7770, 3447406592|7872, 3447398400|8321, 3447390208|8642, 3447398400|8732, colosseum+rome, 
3447382016|1, 3447377920|1165, 3447382016|1266, 3447377920|1333, 3447369728|1726, 3447373824|1944, 3447369728|2581, 3447373824|2680, 3447382016|3199, 3447345152|3417, 3447382016|3502, 3447390208|6319, 3447406592|6493, 3447394304|10717, 3447406592|10790, 3447390208|11331, 3447406592|11415, singapore, 
3447386112|1, 3447382016|1341, 3447373824|1666, 3447377920|1875, 3447345152|2539, 3447377920|2630, 3447386112|3184, 3447373824|7942, 3447386112|8023, 3447369728|9822, 3447386112|9931, 3447353344|15162, 3447386112|15260, singapore, 
3447373824|1, 3447369728|1374, 3447361536|1753, 3447365632|1910, 3447361536|2627, 3447365632|2698, 3447373824|3284, 3447336960|3467, 3447373824|3563, 3447369728|6196, 3447365632|6479, 3447361536|7469, 3447365632|7565, 3447353344|8932, 3447365632|9033, 3447361536|10014, 3447365632|10103, 3447316480|10282, 3447324672|10358, 3447308288|11130, 3447324672|11226, big+ben, 
3447304192|1, 3447300096|1327, 3447291904|1602, 3447296000|1922, 3447304192|3224, 3447300096|4196, 3447296000|4645, 3447300096|4761, 3447226368|4928, 3447300096|5036, 3447357440|6451, 3447361536|6674, 3447345152|12004, 3447361536|12096, peking, 
3447336960|1, 3447332864|73, 3447336960|1155, 3447328768|1764, 3447332864|2759, 3447226368|3475, 3447324672|3574, 3447341056|3648, 3447312384|7006, 3447336960|7096, 3447328768|8979, 3447324672|9100, 3447291904|9176, 3447328768|9248, 3447296000|9396, 3447324672|9462, 3447283712|9745, 3447300096|9830, 3447312384|9935, 3447316480|10083, 3447275520|10320, 3447316480|10388, 3447275520|10546, 3447312384|10618, 3447316480|10809, 3447275520|10985, 3447316480|11051, 3447279616|11247, 3447316480|11320, 3447275520|11455, 3447316480|11531, 3447267328|11613, 3447316480|11667, 3447275520|11830, 3447316480|11895, 3447312384|11984, 3447283712|12062, 3447316480|12141, 3447312384|12290, 3447271424|12361, 3447312384|12433, 3447316480|12512, 3447275520|12630, 3447316480|12688, 3447312384|12949, 3447271424|13005, 3447312384|13063, the+great+wall, 
3447300096|1, 3447296000|1319, 3447291904|1811, 3447255040|2809, 3447291904|2878, 3447144448|3503, 3447300096|3620, 3447304192|4694, 3447308288|6599, 3447316480|6692, 3447320576|6779, 3447304192|7646, 3447320576|7694, 3447308288|8345, 3447320576|8431, 3447304192|10080, 3447320576|10163, 3447283712|15130, 3447320576|15212, taipei+101, 
3447308288|1, 3447304192|1348, 3447300096|1666, 3447296000|1749, 3447300096|1906, 3447296000|2394, 3447300096|2470, 3447267328|2865, 3447300096|2965, 3447308288|3589, 3447300096|4933, 3447283712|6409, 3447300096|6454, 3447287808|7003, 3447300096|7056, 3447296000|7838, 3447283712|8104, 3447242752|8225, 3447279616|8332, 3447267328|8979, 3447279616|9057, 3447263232|9226, 3447279616|9378, pyramids+of+giza, 
3447263232|1, 3447259136|1338, 3447263232|1925, 3447255040|2017, 3447250944|2280, 3447255040|2349, 3447222272|2816, 3447255040|2905, 3447250944|3071, 3447103488|3579, 3447218176|3681, 3447259136|3777, 3447263232|4563, 3447271424|6922, 3447238656|6994, 3447279616|7104, 3447287808|7253, peking, 
3447267328|1, 3447263232|1344, 3447259136|1930, 3447255040|2449, 3447259136|2545, 3447267328|3650, 3447226368|3774, 3447267328|3839, 3447222272|4990, 3447267328|5053, 3447234560|6061, 3447267328|6146, 3447263232|6489, 3447267328|6592, 3447255040|11789, 3447267328|11880, 3447255040|12051, 3447267328|12129, 3447250944|12207, 3447267328|12339, 3447271424|13060, 3447267328|13128, pyeongchang, 
3447250944|1, 3447246848|1329, 3447238656|1721, 3447242752|1878, 3447250944|3578, 3447173120|3658, 3447209984|3767, 3447250944|3869, 3447246848|7156, 3447250944|7235, 3447222272|7682, 3447214080|7745, 3447218176|7820, 3447189504|9231, 3447185408|9374, 3447173120|11288, 3447185408|11340, 3447173120|11816, 3447185408|11901, 3447074816|12720, 3447140352|12781, empire+state+building, 
3447119872|1, 3447115776|1278, 3447107584|1755, 3447111680|1842, 3447119872|3645, 3447123968|4383, 3447119872|4579, 3447115776|4748, 3447119872|4837, 3447193600|6747, 3447197696|6839, 3447132160|7002, 3447218176|7081, 3447214080|8415, 3447218176|8498, 3447205888|9360, 3447218176|9419, 3447177216|11235, 3447173120|11326, 3447169024|11413, 3447156736|12087, 3447169024|12187, mirabell+gardens, 
3447152640|1, 3447148544|1362, 3447136256|1745, 3447140352|1824, 3447144448|1915, 3447140352|2431, 3447144448|2507, 3447148544|2838, 3447156736|3496, 3447119872|3700, 3447156736|3785, 3447152640|4810, 3447078912|5003, 3447152640|5097, 3447148544|6848, 3447152640|6926, 3447144448|7692, 3447062528|7767, 3447160832|7844, 3447177216|7908, 3447148544|7988, 3447181312|8105, 3447115776|9155, 3447160832|9256, 3447148544|10321, 3447160832|10540, 3447144448|10804, 3447160832|11020, 3447103488|12342, 3447099392|20265, empire+state+building, 
3447074816|1, 3447078912|492, 3447074816|1328, 3447066624|1702, 3447062528|1849, 3447070720|1903, 3447046144|2544, 3447074816|2624, 3447083008|3299, 3447054336|3493, 3447083008|3580, 3447062528|4515, 3447078912|4615, 3446943744|6427, 3447148544|6517, 3447099392|6630, 3447205888|6693, 3447193600|9840, 3447205888|9931, 3447189504|11861, 3447205888|12020, 3447201792|14832, 3447205888|14900, wencelas+square+prague, 
3447193600|1, 3447189504|1128, 3447193600|1208, 3447189504|1349, 3447181312|1574, 3447185408|1879, 3447193600|3380, 3447156736|3499, 3447193600|3570, 3447189504|5857, 3447193600|5973, 3447189504|6392, 3447177216|8611, 3447173120|8733, 3447164928|8817, 3447128064|9142, 3447160832|9217, 3447144448|9438, 3447156736|9597, 3447152640|9941, 3447160832|10023, 3447152640|10247, 3447111680|10330, 3447152640|10386, 3447148544|10448, 3447095296|10687, 3447099392|10762, 3447152640|10877, 3447156736|11037, 3447152640|11134, 3447119872|11184, 3447132160|11252, 3447164928|11335, 3447160832|11521, 3447164928|11593, 3447156736|11668, 3447115776|11727, 3447156736|11798, 3447152640|11867, 3447144448|12014, 3447103488|12078, 3447156736|12145, 3447115776|12211, 3447160832|12271, 3447156736|12336, 3447164928|12401, the+great+wall, 
3447144448|1, 3447140352|1379, 3447132160|1674, 3447136256|1889, 3447132160|2375, 3447136256|2434, 3447144448|3507, 3447115776|3622, 3447144448|3752, 3447140352|4162, 3447148544|4305, 3447152640|6425, 3447164928|6638, peking, 
3447156736|1, 3447152640|1365, 3447144448|1852, 3447148544|1924, 3447115776|2797, 3447148544|2901, 3447128064|3839, 3447156736|3945, 3447152640|9770, 3447156736|9866, 3447144448|11111, 3447156736|11182, 3447140352|11282, 3447156736|11383, singapore, 
3447136256|1, 3447132160|1406, 3447123968|1787, 3447128064|1948, 3447095296|2688, 3447128064|2756, 3447136256|3448, 3447095296|3572, 3447136256|3654, 3447132160|4356, 3447136256|4440, 3447132160|4668, 3447136256|4758, 3447193600|4863, 3447119872|5244, 3447136256|5309, 3447140352|6840, 3447136256|6918, 3447119872|7456, 3447136256|7537, 3447128064|8985, 3447095296|9125, 3447115776|9210, 3447111680|9299, 3447078912|9375, 3447107584|9439, 3447095296|9895, 3447107584|9973, 3447091200|10253, 3447107584|10328, colosseum+rome, 
3447099392|1, 3447095296|1366, 3447091200|1527, 3447095296|1587, 3447091200|1681, 3447087104|1752, 3447091200|1902, 3447070720|2864, 3447091200|2936, 3447099392|3581, 3447095296|3649, 3447058432|3756, 3447099392|3838, 3447095296|4573, 3447099392|4692, 3447054336|6880, 3447107584|6965, 3447123968|7055, 3447107584|8549, 3447123968|8612, 3447107584|11393, 3447123968|11552, taipei+101, 
3447103488|1, 3447099392|1306, 3447091200|1682, 3447095296|1834, 3447062528|2576, 3447095296|2642, 3447103488|3306, 3447074816|3396, 3447103488|3523, 3447087104|4567, 3447103488|4647, 3447091200|6700, 3447078912|7009, 3447074816|8456, 3447078912|8591, 3446988800|10156, 3447033856|10232, 3447042048|10327, 3447029760|10473, 3447042048|10585, 3447029760|10690, 3447042048|10792, mirabell+gardens, 
3447021568|1, 3447017472|1379, 3447013376|1534, 3447017472|1622, 3447013376|1928, 3447009280|2415, 3447013376|2502, 3446976512|2672, 3447017472|2750, 3446898688|3499, 3447025664|3609, 3447021568|4425, 3447046144|6796, 3447029760|6887, 3447091200|6966, 3447074816|8343, 3447091200|8411, 3447087104|9858, 3447091200|9961, 3447078912|10240, 3447091200|10442, 3447074816|10820, 3447091200|10921, 3447087104|11893, 3447091200|11945, 3447058432|15212, 3447091200|15292, sydney+harbour, 
3447070720|1, 3447066624|1369, 3447058432|1790, 3447062528|1889, 3447058432|2161, 3447062528|2210, 3447058432|2367, 3447062528|2434, 3447070720|3421, 3447029760|3538, 3447070720|3625, 3447066624|4057, 3447070720|4141, 3447066624|4599, 3447062528|6573, 3447066624|6646, 3447050240|6934, 3447066624|7031, 3447058432|8054, 3447025664|8352, 3447054336|8447, 3447046144|8651, 3447013376|8798, 3447037952|8857, 3447025664|9337, 3447037952|9394, pyramids+of+giza, 
3447025664|1, 3447021568|1351, 3447013376|1624, 3447017472|1920, 3447013376|2650, 3447017472|2720, 3447025664|3271, 3446988800|3512, 3447025664|3616, 3447021568|4439, 3447025664|4532, 3447021568|4626, 3447025664|4724, 3446984704|6451, 3447025664|6554, 3447033856|6604, 3447029760|8360, 3447033856|8474, 3446988800|9942, 3446996992|10060, 3446980608|11001, 3446996992|11094, acropolis, 
3446972416|1, 3446968320|1294, 3446960128|1575, 3446964224|1864, 3446960128|2317, 3446964224|2397, 3446968320|2657, 3446976512|3295, 3446935552|3480, 3446976512|3588, 3446972416|4650, 3447025664|6356, 3447033856|6558, 3447029760|9345, 3447033856|9452, cape+town, 
3447025664|1, 3447021568|1383, 3447013376|1627, 3447017472|1868, 3446984704|2590, 3447021568|2645, 3447029760|3415, 3447005184|4708, 3447025664|4795, 3447021568|4896, 3447025664|4966, 3447009280|11517, 3447025664|11632, 3447029760|14317, 3447025664|14378, sydney+harbour, 
3447013376|1, 3447009280|1362, 3447001088|1637, 3447005184|1946, 3446972416|2650, 3447005184|2710, 3447001088|3007, 3447009280|3432, 3446976512|4341, 3447013376|4440, 3446984704|6705, 3446980608|6794, 3447013376|6893, 3446988800|7797, 3447013376|7875, 3446968320|15177, 3447013376|15241, singapore, 
3446992896|1, 3446988800|1421, 3446980608|1600, 3446984704|1956, 3446980608|2454, 3446984704|2514, 3446845440|3336, 3446992896|3437, 3446964224|6623, 3447001088|6770, 3446996992|7587, 3447001088|7673, 3446996992|8138, 3447001088|8193, 3446984704|12081, 3447001088|12162, wencelas+square+prague, 
3446992896|1, 3446988800|1349, 3446980608|1707, 3446984704|1941, 3446992896|3468, 3446964224|6485, 3446992896|6557, 3446988800|6757, 3446964224|6985, 3446984704|7053, 3446968320|7348, 3446984704|7412, 3446968320|10471, 3446984704|10551, pyeongchang, 
3446956032|1, 3446951936|1382, 3446943744|1790, 3446947840|1929, 3446943744|2792, 3446951936|3454, 3446915072|3576, 3446951936|3677, 3446947840|4088, 3446951936|4181, 3446956032|4281, 3446951936|4485, 3446956032|4585, 3447013376|5050, 3446956032|5344, 3446947840|7196, 3446943744|7337, 3446935552|7412, 3446927360|7508, 3446910976|9806, 3446927360|9896, 3446890496|14524, 3446902784|14589, pyramids+of+giza, 
3446890496|1, 3446882304|349, 3446890496|428, 3446886400|1280, 3446878208|1845, 3446882304|1916, 3446878208|2283, 3446882304|2355, 3446820864|3498, 3446779904|3714, 3446820864|3801, 3446784000|4702, 3446820864|4778, 3446829056|6909, 3446845440|7097, pyeongchang, 
3446833152|1, 3446829056|1313, 3446820864|1697, 3446824960|1849, 3446820864|2785, 3446824960|2855, 3446833152|3397, 3446824960|4502, 3446784000|7015, 3446829056|7083, 3446784000|7239, 3446829056|7329, 3446812672|10030, 3446829056|10139, cape+town, 
3446820864|1, 3446816768|1347, 3446812672|1640, 3446816768|1737, 3446812672|1825, 3446820864|3453, 3446779904|3636, 3446820864|3726, 3446804480|6605, 3446820864|6694, 3446792192|6878, 3446820864|6941, 3446808576|7971, 3446820864|8039, 3446804480|10397, 3446820864|10518, singapore, 
3446796288|1, 3446792192|1375, 3446784000|1804, 3446788096|1956, 3446784000|2719, 3446788096|2795, 3446796288|3365, 3446755328|3567, 3446796288|3682, 3446763520|6715, 3446767616|6807, 3446796288|6883, 3446800384|6970, 3446788096|8497, 3446800384|8608, 3446788096|9997, 3446800384|10098, 3446784000|11280, 3446800384|11485, wencelas+square+prague, 
3446784000|1, 3446779904|1361, 3446771712|1728, 3446775808|1893, 3446771712|2615, 3446775808|2692, 3446784000|3239, 3446747136|3441, 3446784000|3520, 3446779904|4098, 3446784000|4303, 3446841344|4479, 3446808576|4764, 3446841344|4836, 3446784000|5045, 3446747136|7224, 3446751232|7446, 3446714368|7994, 3446702080|10756, 3446714368|10835, 3446697984|11598, 3446714368|11702, 3446657024|11788, 3446669312|11858, 3446624256|15171, 3446669312|15242, empire+state+building, 
3446648832|1, 3446644736|1378, 3446636544|1662, 3446640640|1945, 3446636544|2297, 3446640640|2366, 3446644736|2636, 3446652928|3271, 3446648832|3366, 3446652928|3459, 3446706176|4559, 3446648832|4959, 3446702080|7101, 3446706176|7192, 3446689792|9480, 3446706176|9570, 3446640640|10674, 3446648832|10750, 3446636544|11962, 3446632448|12054, 3446648832|12141, empire+state+building, 
3446632448|1, 3446628352|1164, 3446632448|1257, 3446628352|1339, 3446620160|1814, 3446624256|1891, 3446628352|2601, 3446636544|3287, 3446616064|4302, 3446632448|4426, 3446558720|4710, 3446632448|4811, 3446636544|5775, 3446632448|5857, 3446718464|6169, 3446714368|6358, 3446648832|6463, 3446751232|6546, 3446747136|9267, 3446751232|9355, 3446734848|11125, 3446751232|11240, 3446714368|15125, 3446751232|15196, pyeongchang, 
3446730752|1, 3446726656|1363, 3446718464|1667, 3446722560|1970, 3446730752|3302, 3446693888|3414, 3446730752|3483, 3446726656|4473, 3446722560|4641, 3446726656|4725, 3446714368|10406, 3446726656|10490, pyeongchang, 
