||class android.content.Context:public abstract java.lang.Object android.content.Context.getSystemService(java.lang.String)||class android.telephony.TelephonyManager:public int android.telephony.TelephonyManager.getDataActivity()
3|1940, 0|5939, 3|6959, 0|7969, 2|11011, 3|11982, 0|12984, http://www.instagram.com, 
3|1556, 0|7584, 3|11580, 0|12567, http://www.netflix.com, 
3|2074, 1|4076, 0|5091, 3|11107, 0|12078, http://www.google.com, 
3|1679, http://www.sina.com.cn, 
0|122, 2|1227, 3|2134, 0|8131, 3|10157, 0|12144, http://www.yahoo.com, 
3|1702, 0|6689, 2|8686, 0|9685, 3|11687, 0|12689, http://www.netflix.com, 
3|2194, 0|4209, 3|7176, 0|8187, 3|11204, 0|12186, http://www.live.com, 
3|1710, 0|12728, http://www.sohu.com, 
3|2022, 0|10038, 2|11077, 3|12068, 0|13073, http://www.amazon.com, 
3|2558, 0|8569, 3|10576, 0|13612, http://www.amazon.com, 
3|2858, 0|4835, 3|7873, 0|8876, 2|9859, 0|10871, 3|12865, 0|13867, http://www.live.com, 
3|2206, 0|13171, http://www.amazon.com, 
3|2477, 0|10434, 3|12461, 0|13428, http://www.yandex.ru, 
3|2687, 0|4728, 3|7702, 0|8747, 3|12738, 0|13728, http://www.wikipedia.org, 
3|3001, 0|11035, 3|12027, 0|14009, http://www.qq.com, 
3|2276, 0|11293, 3|12278, 0|13321, http://www.imgur.com, 
3|2491, 0|6527, 3|7538, 0|8504, 3|12543, 0|13513, http://www.linkedin.com, 
3|2804, 0|4795, 3|7815, 0|8785, 3|12815, 0|13840, http://www.wikipedia.org, 
2|2047, 3|3055, 0|9089, 2|10064, 3|11115, 0|14091, http://www.amazon.com, 
3|2266, 0|4285, 3|7288, 1|8273, 0|9292, 3|12271, 0|13272, http://www.facebook.com, 
3|2576, 0|10623, 3|12620, 0|13597, http://www.amazon.com, 
3|2840, 0|10841, 2|11885, 3|12849, 0|13880, http://www.yahoo.com, 
3|2145, 0|4200, 3|5151, 0|6170, 3|7158, 0|9173, 3|12179, 0|13175, http://www.facebook.com, 
3|2439, 0|4387, 3|7385, 0|8400, 3|12417, 0|13435, http://www.facebook.com, 
3|2677, 2|3706, 3|4665, 1|9687, 0|10690, 3|12703, 0|13688, http://www.reddit.com, 
2|2010, 3|2993, 0|10029, 3|12029, 0|14010, http://www.qq.com, 
3|2430, 2|14378, http://www.sina.com.cn, 
0|1299, 3|2351, 0|13342, http://www.imgur.com, 
3|2429, 0|9392, 3|10386, 0|13413, http://www.amazon.com, 
3|2533, 0|4564, 3|7563, 0|8559, 3|12576, 0|13570, 2|14573, http://www.live.com, 
0|833, 3|2864, 0|7861, 3|11877, 0|13882, http://www.netflix.com, 
3|2183, 0|14168, http://www.jd.com, 
3|2495, 0|13427, http://www.yahoo.com, 
3|2659, 0|8658, 3|12672, 0|13656, http://www.qq.com, 
3|2939, 2|3966, 3|4962, 0|8974, 3|11956, 0|13957, http://www.reddit.com, 
3|2231, 0|11250, 3|12275, 0|13244, http://www.yahoo.com, 
2|2478, 3|3542, 0|6535, 3|7502, 0|8498, 3|12530, 0|13516, http://www.360.cn, 
3|2805, 0|13832, http://www.jd.com, 
3|3063, 0|6048, 3|7064, 0|9060, 3|12074, 0|14051, http://www.360.cn, 
3|2274, 0|4297, 3|7312, 0|8290, 3|12293, 0|13311, http://www.wikipedia.org, 
3|2607, 0|8571, 3|12606, 0|13594, http://www.netflix.com, 
3|2887, 2|13916, 0|14894, http://www.sina.com.cn, 
2|729, 0|1772, 3|2749, 0|10746, 3|12753, 2|13746, 0|14755, http://www.baidu.com, 
2|973, 0|1973, 2|3030, 3|3998, 0|8990, 3|12021, 2|14019, http://www.360.cn, 
0|266, 3|2304, 0|6316, 3|12311, 2|13303, 0|14295, http://www.google.com, 
2|520, 3|2527, 0|10554, 3|12581, 0|13570, http://www.amazon.com, 
3|2849, 0|3819, 3|4838, 0|10849, 2|11887, 3|12856, 2|13854, http://www.reddit.com, 
0|146, 2|2197, 3|3168, 0|11152, 3|12151, 0|13157, http://www.yahoo.com, 
3|3405, 2|6422, 3|7462, 1|10477, 0|11423, 3|12424, http://www.tmall.com, 
0|586, 3|2634, 0|6600, 3|7629, 0|8616, 3|12639, 0|13619, http://www.vk.com, 
3|2931, 0|6861, 3|12905, 0|13901, http://www.google.com, 
3|2888, 0|10901, 3|12932, 0|13895, http://www.yandex.ru, 
3|2886, 0|5834, 3|7869, 0|8854, 3|12829, 0|13839, http://www.facebook.com, 
3|2755, 0|4768, 3|7771, 0|8775, 3|12766, 0|13763, http://www.live.com, 
3|2775, 0|6757, 3|7756, 0|11807, 3|12791, http://www.tmall.com, 
0|452, 3|2452, 2|3474, 3|4503, 0|14489, http://www.jd.com, 
2|2342, 3|3327, 0|4331, 3|7357, 0|9346, 3|12326, 0|13371, http://www.wikipedia.org, 
3|3209, 0|5261, 3|6259, 0|13273, http://www.yahoo.com, 
2|2313, 3|3254, 0|5281, 3|6242, 0|12277, 3|13285, http://www.tmall.com, 
0|1, 3|3022, 0|5042, 3|8050, 0|9031, 3|13023, 0|14015, http://www.wikipedia.org, 
3|3359, 0|4411, 3|5377, 0|10405, 3|11383, 0|12425, 3|13422, 0|14419, http://www.reddit.com, 
3|3480, 0|14509, http://www.imgur.com, 
3|3554, 0|14581, http://www.imgur.com, 
3|3605, 0|4578, 3|5641, 0|10592, 3|11606, 0|14628, http://www.reddit.com, 
3|2955, 0|14913, http://www.imgur.com, 
3|2992, 2|14921, 0|15907, http://www.sina.com.cn, 
2|425, 0|1436, 3|3471, 0|6450, 3|7482, 0|14482, http://www.sohu.com, 
3|3606, 2|5623, 3|6641, 0|7638, 3|13623, 0|14614, http://www.google.com, 
3|2817, 0|5809, 3|6834, 2|12858, 3|13864, 1|14875, 0|15904, http://www.tmall.com, 
2|2655, 3|3689, 1|6672, 3|7679, 1|8629, 0|9693, 3|12671, 0|14673, http://www.360.cn, 
3|2905, 0|5906, 3|7961, 0|8918, 3|12953, 0|13979, http://www.facebook.com, 
3|3090, 0|7120, 3|8133, 0|9139, 3|13157, 0|14113, http://www.vk.com, 
3|3378, 0|5345, 3|6333, 0|7379, 3|8341, 0|9364, 3|13362, 0|14357, http://www.facebook.com, 
3|3524, 0|14542, http://www.jd.com, 
2|2751, 3|3690, 0|14705, http://www.qq.com, 
3|3297, 0|6338, 3|8319, 0|9323, 3|13319, 0|14363, http://www.live.com, 
3|3441, 2|15489, http://www.sina.com.cn, 
0|1021, 3|3106, 2|9061, 0|10053, 3|13087, 0|14068, http://www.netflix.com, 
3|3278, 0|7267, 3|8250, 0|9283, 3|13251, 0|14265, http://www.vk.com, 
3|3461, 0|12440, 3|13400, 2|14442, http://www.baidu.com, 
3|3609, 2|5552, 3|6557, 0|8594, 2|12565, 3|13592, 2|14581, 0|15596, http://www.google.com, 
3|2711, 0|4689, 3|7699, 0|8718, 3|12692, 2|13715, 0|14724, http://www.wikipedia.org, 
2|927, 0|1950, 3|2912, 0|9932, 3|12924, 0|13934, http://www.netflix.com, 
2|1187, 0|2214, 3|3145, 0|6235, 3|7197, 2|14239, 0|15255, http://www.yahoo.com, 
3|3223, 1|7218, 3|8180, 0|9215, 3|13198, 0|14216, http://www.linkedin.com, 
3|3453, 0|14437, http://www.qq.com, 
3|3649, 0|9671, 2|12639, 3|13670, 0|14675, http://www.vk.com, 
3|2924, 0|9817, 3|12852, 0|13823, http://www.instagram.com, 
3|3098, 0|6075, 3|8090, 0|9063, 3|13105, 0|14088, http://www.live.com, 
3|3328, 0|5347, 3|6363, 0|7353, 3|8332, 0|15399, http://www.tmall.com, 
3|3429, 0|5389, 3|7447, 0|15421, http://www.yahoo.com, 
3|3577, 0|10562, 3|13534, 0|14555, http://www.amazon.com, 
3|3678, 0|15665, http://www.sina.com.cn, 
2|166, 0|1160, 3|3192, 0|5196, 3|8211, 2|9199, 0|10265, 3|13242, 0|14251, http://www.wikipedia.org, 
3|3439, 2|5477, 3|7550, 0|15472, http://www.sohu.com, 
3|3658, 0|5687, 3|6698, 0|15741, http://www.tmall.com, 
3|3370, 0|5393, 3|8384, 0|9402, 3|13392, 0|14426, http://www.wikipedia.org, 
3|3571, 0|11564, 3|13596, 0|14603, http://www.yandex.ru, 
2|2723, 3|3792, 0|5733, 3|6741, 0|7777, 3|12799, 0|13814, http://www.google.com, 
3|3049, 0|4001, 3|5017, 2|7043, 3|8031, 0|11052, 2|12028, 3|13059, 0|15059, http://www.qq.com, 
3|3209, 1|7142, 0|8186, 3|13190, 0|14185, http://www.google.com, 
3|3382, 0|4417, 3|5387, 0|10423, 3|11381, 0|14425, http://www.reddit.com, 
3|3434, 0|5411, 3|6419, 0|9403, 3|13431, 0|14438, http://www.instagram.com, 
3|3554, 0|9569, 3|13599, 0|14603, http://www.vk.com, 
3|3735, 1|6803, 3|7833, http://www.tmall.com, 
0|614, 3|3633, 0|4594, 3|5601, 0|10630, 3|11639, 2|12646, 3|13610, 0|14618, http://www.reddit.com, 
3|2705, 0|7773, 3|12779, 0|13804, http://www.google.com, 
3|2943, 2|14984, 3|15943, http://www.sina.com.cn, 
2|392, 0|1379, 3|3441, 0|11427, 3|13424, 0|14441, http://www.yandex.ru, 
3|3631, 0|11665, 2|12681, 3|13654, 0|14677, http://www.yandex.ru, 
3|2881, 0|13854, http://www.imgur.com, 
2|2977, 3|4087, 0|8999, 3|13045, 0|14999, http://www.360.cn, 
3|3125, 0|16093, http://www.sina.com.cn, 
2|444, 0|1538, 3|3518, 1|8466, 2|9477, 0|10505, 2|11468, 3|13493, 0|14481, http://www.linkedin.com, 
3|2759, 0|5699, 2|6697, 3|7688, 1|8673, 0|9692, 2|10726, 0|11708, 3|12733, 0|13731, http://www.live.com, 
3|2899, http://www.imgur.com, 
0|825, 2|2818, 3|3875, 0|5895, 3|7911, 0|14906, 3|15878, http://www.sohu.com, 
0|877, 3|1872, 0|8926, 2|12903, 3|13928, 0|14933, http://www.linkedin.com, 
3|3097, 0|5075, 3|6067, 0|9088, 3|13122, 0|14087, http://www.instagram.com, 
2|1336, 0|2326, 3|3338, 0|9334, 3|13347, 0|14360, http://www.netflix.com, 
3|3468, 0|5516, 3|6489, http://www.tmall.com, 
0|381, 3|3406, 0|4439, 2|5423, 3|6408, 2|10394, 3|11384, 0|12400, 3|13432, 0|14402, http://www.reddit.com, 
3|3538, 0|11563, 2|12587, 3|13607, 0|14618, http://www.yandex.ru, 
2|2774, 3|3730, 0|9799, 3|12750, 0|14788, http://www.vk.com, 
3|2973, 0|10992, 3|12965, 0|13955, http://www.yandex.ru, 
3|3180, 0|7200, 3|8212, 0|9188, 3|13187, 0|14184, http://www.vk.com, 
3|3299, 2|4341, 3|5388, 0|14360, http://www.jd.com, 
3|3479, 0|14481, http://www.jd.com, 
3|3551, 0|5497, 3|7521, 0|9531, 3|13533, 0|14533, http://www.live.com, 
3|2653, 0|14700, http://www.imgur.com, 
3|3412, 0|6424, 3|7359, 0|15412, http://www.sohu.com, 
3|436, 0|1440, 3|3479, 0|14458, http://www.qq.com, 
3|3565, 0|11576, 3|13567, 0|14597, http://www.yandex.ru, 
3|2770, 1|8778, 0|9775, 3|12767, 0|13773, http://www.netflix.com, 
2|2933, 3|3966, 2|8982, 3|10000, 0|11975, 3|12983, 0|13991, http://www.linkedin.com, 
3|3168, 0|9109, 3|13131, 0|14142, http://www.qq.com, 
3|3366, 2|6406, 3|7446, 0|14388, http://www.sohu.com, 
3|4542, 0|9496, 3|13466, 0|14498, http://www.360.cn, 
3|3687, 0|5681, 3|6644, 0|9678, 3|11665, 0|13686, http://www.instagram.com, 
3|2888, 0|3862, 3|4921, 0|14881, http://www.jd.com, 
2|2873, 3|3888, 0|8858, 3|12888, 0|14876, http://www.vk.com, 
3|3083, 2|14054, http://www.baidu.com, 
0|122, 2|1124, 3|3212, 0|12139, 3|13182, 2|14150, http://www.baidu.com, 
0|340, 2|1379, 3|3440, 2|5381, 0|6373, 2|7366, 3|8370, 0|9354, 2|12410, 3|13413, 2|14378, 0|15411, http://www.facebook.com, 
2|2581, 3|3584, 2|4595, 3|5617, 0|14607, http://www.jd.com, 
2|2712, 3|3740, 2|8770, 0|9762, 3|12750, 0|14774, http://www.linkedin.com, 
2|932, 0|1936, 2|3040, 3|3919, 0|11944, 3|12959, 2|14982, http://www.baidu.com, 
0|70, 2|1055, 3|3073, 0|9066, 2|12052, 3|13085, 0|14110, 2|15109, http://www.linkedin.com, 
0|1327, 3|3342, 0|6353, 2|7336, 3|8400, 0|14345, http://www.sohu.com, 
3|3338, 2|4427, 0|5353, 3|6407, 0|14377, http://www.sohu.com, 
3|3516, 1|6468, 3|7515, 2|9506, 0|10498, 2|12583, 3|13525, 0|14527, http://www.360.cn, 
3|3698, 0|8742, 2|11736, 3|12763, 0|13719, http://www.linkedin.com, 
3|3028, 0|6011, 3|6947, 0|9966, 3|12967, 0|13963, http://www.instagram.com, 
3|3125, 2|7129, 3|8130, 2|11114, 3|12142, 2|14110, http://www.baidu.com, 
0|217, 2|1272, 0|2283, 3|3306, 2|5217, 0|6271, 3|7279, 0|9267, 3|13278, 0|14241, http://www.instagram.com, 
3|3496, 1|6476, 3|7506, 0|9512, 3|13481, 2|14482, 0|15540, http://www.360.cn, 
3|3723, 0|5772, 3|6721, 0|9668, 2|12716, 3|13698, 0|14712, http://www.instagram.com, 
3|2938, 0|5916, 3|7887, 0|8878, 3|12882, 2|13885, 0|14930, http://www.facebook.com, 
2|1108, 0|2146, 2|3125, 3|4194, 2|14156, http://www.baidu.com, 
0|2241, 3|3226, 0|12208, 3|13173, 2|14227, http://www.baidu.com, 
