||class android.os.Process:public static final native long android.os.Process.getElapsedCpuTime()
23395|1, 23403|45, 23437|95, 23464|142, 23474|184, 23482|224, 23490|270, 23498|317, 23506|355, 23513|395, 23520|434, 23529|477, 23537|516, 23545|561, 23552|599, 23560|638, 23568|686, 23575|726, 23583|767, 23590|803, 23597|844, 23604|883, 23612|925, 23619|964, 23627|1007, 23635|1044, 23643|1089, 23650|1132, 23657|1171, 23665|1213, 23673|1256, 23681|1297, 23689|1336, 23697|1374, 23704|1410, 23712|1450, 23720|1494, 23727|1532, 23734|1574, 23742|1614, 23749|1654, 23756|1694, 23763|1731, 23771|1769, 23778|1807, 23786|1857, 23794|1896, 23801|1936, 23809|1976, 23820|2015, long_swipe, 
23840|1, 23851|41, 23858|77, 23864|120, 23872|159, 23879|198, 23886|235, 23893|272, 23901|311, 23908|353, 23915|402, 23924|452, 23932|495, 23939|536, 23947|576, 23955|617, 23962|659, 23970|702, 23978|750, 23986|799, 23994|852, 24002|900, 24010|949, 24018|991, 24025|1030, 24033|1069, 24040|1108, 24047|1146, 24054|1183, 24061|1221, 24068|1259, 24076|1298, 24083|1337, 24090|1375, 24097|1412, 24105|1449, 24112|1486, 24119|1529, 24126|1567, 24134|1608, 24141|1648, 24148|1689, 24156|1732, 24163|1776, 24172|1815, 24179|1857, 24186|1896, 24194|1936, 24201|1973, 24208|2010, 24215|2047, 24222|2086, 24230|2128, 24237|2167, 24245|2206, 24256|2251, long_press_character, 
24265|1, 24273|44, 24280|84, 24287|124, 24294|166, 24301|204, 24308|242, 24316|282, 24323|323, 24330|366, 24338|417, 24346|469, 24353|505, 24360|544, 24368|585, 24375|625, 24383|664, 24390|701, 24398|745, 24406|785, 24413|824, 24420|859, 24427|896, 24434|930, 24440|966, 24448|1008, 24456|1055, 24463|1094, 24471|1137, 24478|1180, 24486|1223, 24509|1269, 24533|1313, 24566|1369, 24574|1408, 24581|1447, 24589|1486, 24597|1529, 24605|1570, 24612|1611, 24620|1652, 24627|1691, 24635|1731, 24643|1773, 24650|1813, 24658|1852, 24665|1894, 24673|1934, 24680|1975, 24687|2014, 24694|2051, 24702|2092, 24709|2133, 24717|2178, 24729|2223, short_swipe, 
24739|1, 24746|42, 24754|80, 24762|117, 24769|161, 24777|197, 24784|237, 24791|280, 24799|319, 24806|361, 24814|411, 24822|458, 24829|497, 24837|537, 24844|577, 24851|621, 24860|672, 24867|720, 24875|767, 24883|810, 24891|855, 24899|905, 24908|956, 24915|997, 24922|1035, 24929|1070, 24936|1108, 24943|1147, 24951|1188, 24958|1224, 24966|1264, 24973|1301, 24980|1339, 24987|1376, 24994|1423, 25002|1461, 25009|1502, 25017|1543, 25025|1583, 25033|1625, 25040|1671, 25047|1712, 25055|1759, 25062|1799, 25070|1841, 25077|1883, 25084|1921, 25092|1960, 25099|1997, 25106|2037, 25114|2075, 25121|2123, 25129|2163, 25140|2209, long_press_character, 
25151|1, 25158|42, 25166|85, 25173|126, 25180|168, 25188|208, 25195|249, 25202|296, 25209|341, 25217|382, 25225|426, 25233|475, 25240|520, 25247|559, 25254|595, 25262|635, 25269|675, 25277|713, 25284|756, 25291|791, 25298|828, 25306|864, 25313|906, 25320|944, 25327|983, 25334|1020, 25341|1055, 25348|1096, 25355|1137, 25363|1178, 25370|1215, 25377|1255, 25385|1300, 25392|1338, 25400|1381, 25408|1423, 25415|1465, 25423|1512, 25431|1562, 25438|1603, 25446|1641, 25453|1685, 25461|1726, 25468|1767, 25476|1811, 25484|1851, 25492|1888, 25499|1930, 25506|1969, 25513|2007, 25520|2044, 25527|2083, 25562|2135, 25598|2183, 25610|2230, short_swipe, 
25621|1, 25629|39, 25636|75, 25643|113, 25650|153, 25658|193, 25665|232, 25673|271, 25680|317, 25687|358, 25695|412, 25703|454, 25711|491, 25718|530, 25726|568, 25734|610, 25742|656, 25750|703, 25758|743, 25766|783, 25773|822, 25780|860, 25787|900, 25794|937, 25801|975, 25808|1012, 25815|1047, 25823|1087, 25830|1124, 25837|1160, 25844|1199, 25852|1236, 25859|1278, 25866|1317, 25873|1354, 25880|1394, 25887|1435, 25895|1474, 25903|1514, 25910|1550, 25917|1590, 25925|1631, 25932|1671, 25939|1710, 25947|1749, 25955|1789, 25962|1829, 25970|1869, 25977|1908, 25984|1946, 25991|1985, 25999|2027, 26006|2072, 26013|2111, 26020|2150, 26028|2190, 26040|2237, long_swipe, 
26050|1, 26057|40, 26065|81, 26072|121, 26080|162, 26087|200, 26094|241, 26101|279, 26108|317, 26116|360, 26123|414, 26131|458, 26139|491, 26146|526, 26153|560, 26160|594, 26167|630, 26175|664, 26182|699, 26189|736, 26197|770, 26204|809, 26211|853, 26219|894, 26227|948, 26234|992, 26242|1030, 26249|1066, 26256|1105, 26263|1141, 26271|1178, 26278|1213, 26285|1249, 26292|1286, 26299|1323, 26307|1362, 26315|1400, 26322|1442, 26329|1482, 26336|1523, 26344|1563, 26351|1603, 26359|1646, 26367|1689, 26374|1728, 26383|1782, 26390|1822, 26398|1863, 26405|1903, 26413|1942, 26421|1981, 26428|2021, 26435|2061, 26443|2101, 26450|2139, 26460|2184, tap_regular_character, 
26471|1, 26478|40, 26486|82, 26493|119, 26500|160, 26530|205, 26568|259, 26575|295, 26583|334, 26590|369, 26599|417, 26607|468, 26615|509, 26623|543, 26630|577, 26637|615, 26645|658, 26652|699, 26659|738, 26667|777, 26674|813, 26682|849, 26689|884, 26696|923, 26703|958, 26710|994, 26717|1027, 26725|1064, 26732|1102, 26740|1138, 26747|1177, 26754|1213, 26761|1251, 26768|1289, 26776|1332, 26783|1373, 26791|1412, 26798|1453, 26806|1492, 26813|1533, 26822|1573, 26829|1616, 26837|1658, 26845|1698, 26853|1735, 26860|1776, 26868|1816, 26876|1853, 26883|1896, 26890|1934, 26897|1974, 26904|2013, 26912|2052, 26920|2093, 26927|2131, 26934|2173, 26946|2218, short_swipe, 
26956|1, 26964|44, 26971|83, 26979|121, 26986|162, 26993|201, 27001|238, 27008|277, 27016|318, 27023|360, 27031|405, 27039|448, 27047|491, 27054|525, 27061|562, 27068|602, 27076|644, 27083|681, 27090|720, 27098|759, 27105|800, 27112|835, 27119|873, 27127|913, 27133|947, 27141|987, 27148|1023, 27155|1058, 27162|1095, 27169|1132, 27177|1168, 27184|1205, 27192|1242, 27199|1280, 27206|1317, 27213|1353, 27220|1390, 27228|1426, 27235|1465, 27242|1501, 27249|1540, 27257|1582, 27265|1623, 27272|1663, 27280|1707, 27288|1749, 27296|1794, 27304|1836, 27311|1874, 27318|1913, 27326|1954, 27333|1994, 27341|2036, 27348|2075, 27356|2115, 27364|2157, 27371|2203, 27383|2245, short_swipe, 
27394|1, 27401|42, 27408|83, 27416|126, 27423|165, 27451|211, 27473|255, 27495|318, 27503|358, 27510|404, 27518|455, 27525|492, 27533|531, 27541|571, 27548|611, 27556|652, 27564|693, 27571|737, 27579|779, 27587|821, 27595|865, 27603|914, 27611|964, 27619|1012, 27627|1056, 27634|1096, 27642|1137, 27650|1179, 27657|1220, 27664|1261, 27672|1301, 27679|1339, 27687|1377, 27694|1421, 27702|1460, 27710|1501, 27717|1543, 27725|1581, 27732|1620, 27740|1659, 27748|1700, 27755|1742, 27763|1787, 27770|1830, 27778|1873, 27785|1914, 27792|1954, 27799|1994, 27806|2034, 27813|2070, 27821|2110, 27829|2158, 27839|2200, 27848|2242, long_press_character, 
27860|1, 27867|44, 27875|82, 27882|121, 27889|161, 27896|200, 27904|239, 27912|281, 27919|327, 27927|369, 27935|416, 27943|458, 27951|496, 27958|535, 27965|574, 27973|614, 27981|661, 27990|701, 27997|743, 28004|784, 28011|823, 28018|863, 28025|901, 28032|936, 28040|975, 28047|1015, 28054|1057, 28061|1100, 28070|1140, 28077|1180, 28085|1222, 28092|1263, 28100|1306, 28108|1347, 28116|1391, 28124|1432, 28131|1471, 28139|1513, 28146|1554, 28154|1594, 28161|1634, 28169|1673, 28176|1716, 28184|1758, 28191|1797, 28198|1835, 28205|1878, 28212|1919, 28220|1959, 28227|2001, 28234|2043, 28242|2080, 28249|2120, 28256|2160, 28267|2203, long_swipe, 
28278|1, 28284|41, 28292|81, 28299|121, 28306|165, 28346|218, 28368|269, 28376|310, 28383|351, 28391|398, 28400|447, 28407|485, 28415|531, 28423|572, 28430|613, 28438|661, 28445|705, 28455|750, 28463|798, 28471|843, 28479|891, 28487|938, 28496|983, 28503|1025, 28511|1065, 28519|1106, 28526|1147, 28533|1189, 28541|1231, 28548|1271, 28556|1313, 28563|1355, 28571|1397, 28579|1436, 28587|1478, 28594|1516, 28602|1557, 28610|1596, 28618|1637, 28626|1674, 28633|1715, 28640|1754, 28648|1794, 28655|1833, 28663|1874, 28670|1914, 28677|1950, 28685|1988, 28692|2027, 28699|2065, 28706|2103, 28714|2146, 28721|2184, 28733|2234, long_press_character, 
28743|1, 28750|42, 28758|85, 28765|125, 28773|163, 28780|203, 28787|240, 28794|282, 28802|325, 28809|364, 28817|410, 28825|457, 28833|500, 28840|539, 28848|577, 28855|614, 28863|658, 28870|693, 28877|730, 28885|768, 28892|805, 28900|839, 28906|875, 28914|909, 28921|953, 28929|990, 28936|1029, 28943|1068, 28950|1108, 28957|1150, 28964|1191, 28972|1231, 28980|1271, 28987|1308, 28995|1347, 29002|1385, 29010|1420, 29017|1457, 29024|1494, 29032|1533, 29040|1574, 29047|1616, 29054|1654, 29062|1694, 29069|1735, 29077|1782, 29085|1824, 29092|1864, 29099|1907, 29107|1947, 29114|1987, 29121|2025, 29129|2063, 29135|2102, 29143|2146, 29190|2205, short_swipe, 
29208|1, 29215|42, 29223|84, 29230|122, 29237|159, 29245|200, 29252|238, 29260|277, 29267|316, 29275|357, 29282|398, 29291|442, 29298|482, 29306|524, 29312|561, 29320|598, 29328|650, 29336|693, 29343|736, 29351|778, 29358|817, 29366|859, 29373|902, 29380|943, 29387|984, 29395|1023, 29402|1063, 29410|1106, 29419|1148, 29427|1189, 29435|1228, 29443|1267, 29450|1312, 29457|1351, 29465|1389, 29473|1429, 29480|1467, 29487|1505, 29495|1544, 29507|1586, 29514|1625, 29522|1666, 29529|1707, 29537|1747, 29545|1788, 29553|1828, 29560|1868, 29567|1909, 29574|1947, 29582|1987, 29589|2025, 29596|2066, 29604|2106, 29611|2144, 29617|2181, 29629|2226, long_swipe, 
29642|1, 29649|39, 29657|78, 29664|117, 29672|155, 29679|195, 29686|237, 29694|276, 29702|316, 29709|356, 29716|398, 29725|444, 29732|485, 29740|525, 29747|562, 29755|600, 29763|642, 29770|686, 29778|723, 29784|764, 29792|805, 29799|848, 29806|889, 29814|931, 29821|973, 29829|1018, 29837|1060, 29844|1101, 29852|1143, 29859|1184, 29867|1224, 29875|1261, 29882|1300, 29889|1337, 29896|1375, 29903|1421, 29910|1464, 29918|1503, 29926|1544, 29934|1586, 29975|1642, 29994|1688, 30002|1730, 30010|1773, 30018|1814, 30026|1853, 30033|1889, 30040|1929, 30047|1967, 30055|2011, 30063|2052, 30071|2091, 30078|2131, 30085|2170, 30096|2213, long_swipe, 
30107|1, 30114|39, 30121|76, 30129|115, 30136|154, 30143|192, 30151|231, 30158|270, 30165|313, 30173|351, 30180|388, 30188|431, 30198|479, 30205|515, 30212|552, 30219|589, 30227|634, 30234|672, 30241|709, 30249|744, 30256|781, 30263|823, 30271|868, 30278|904, 30285|944, 30293|980, 30299|1016, 30306|1050, 30314|1088, 30321|1126, 30328|1162, 30336|1199, 30343|1237, 30351|1274, 30359|1313, 30367|1358, 30374|1398, 30381|1440, 30389|1479, 30396|1519, 30404|1559, 30411|1599, 30418|1637, 30426|1676, 30433|1716, 30441|1758, 30449|1804, 30456|1853, 30464|1908, 30471|1950, 30479|1989, 30486|2028, 30493|2066, 30500|2104, 30508|2144, 30515|2180, 30522|2218, 30534|2261, short_swipe, 
30544|1, 30551|42, 30558|81, 30566|120, 30573|163, 30581|203, 30589|242, 30596|283, 30604|326, 30611|370, 30619|419, 30627|460, 30634|499, 30642|537, 30649|574, 30656|614, 30663|646, 30670|683, 30694|728, 30722|771, 30736|811, 30743|850, 30751|902, 30759|947, 30768|989, 30775|1034, 30782|1070, 30790|1117, 30797|1155, 30805|1195, 30812|1233, 30819|1273, 30826|1311, 30833|1350, 30841|1390, 30848|1429, 30855|1466, 30862|1504, 30869|1543, 30877|1590, 30884|1631, 30892|1669, 30900|1708, 30907|1749, 30915|1787, 30922|1826, 30929|1863, 30937|1902, 30944|1939, 30952|1977, 30959|2015, 30966|2059, 30974|2101, 30981|2143, 30989|2180, 31001|2222, tap_shift, 
31011|1, 31018|39, 31026|80, 31034|119, 31041|160, 31049|199, 31056|238, 31063|279, 31070|319, 31078|360, 31086|408, 31094|453, 31102|491, 31109|529, 31116|564, 31123|598, 31131|635, 31138|670, 31145|709, 31152|746, 31159|778, 31167|820, 31174|853, 31181|891, 31189|938, 31197|978, 31205|1020, 31212|1058, 31220|1096, 31227|1143, 31234|1187, 31243|1229, 31251|1271, 31258|1311, 31266|1351, 31273|1392, 31280|1429, 31287|1466, 31294|1505, 31301|1543, 31309|1587, 31316|1626, 31324|1668, 31331|1705, 31339|1746, 31347|1791, 31354|1831, 31362|1868, 31369|1905, 31377|1942, 31404|1989, 31433|2038, 31440|2078, 31448|2118, 31456|2161, 31467|2204, tap_regular_character, 
31478|1, 31485|38, 31493|80, 31500|117, 31507|156, 31514|198, 31522|236, 31529|274, 31537|316, 31544|354, 31551|398, 31558|435, 31566|484, 31573|521, 31581|558, 31588|604, 31595|641, 31603|685, 31611|721, 31618|758, 31625|792, 31632|828, 31639|865, 31646|902, 31653|943, 31660|983, 31667|1023, 31675|1062, 31682|1101, 31690|1144, 31697|1186, 31705|1226, 31712|1265, 31720|1305, 31728|1346, 31735|1393, 31742|1434, 31750|1474, 31757|1515, 31766|1556, 31773|1597, 31781|1640, 31788|1680, 31796|1720, 31803|1760, 31812|1813, 31819|1852, 31826|1893, 31834|1933, 31841|1973, 31849|2012, 31857|2052, 31864|2093, 31871|2133, 31879|2173, 31890|2216, short_swipe, 
31901|1, 31908|42, 31916|83, 31924|124, 31931|163, 31938|202, 31946|242, 31954|284, 31961|329, 31968|369, 31976|412, 31984|457, 31992|498, 31999|535, 32006|574, 32014|612, 32021|659, 32029|711, 32037|752, 32044|793, 32076|846, 32098|893, 32107|933, 32114|974, 32121|1014, 32129|1057, 32137|1101, 32145|1139, 32152|1181, 32160|1224, 32167|1264, 32174|1304, 32182|1344, 32189|1383, 32197|1427, 32204|1473, 32212|1512, 32219|1553, 32227|1589, 32234|1629, 32242|1674, 32250|1713, 32257|1753, 32264|1800, 32271|1840, 32279|1882, 32286|1922, 32294|1959, 32301|2000, 32309|2043, 32316|2084, 32324|2126, 32331|2165, 32338|2207, 32351|2257, long_swipe, 
32360|1, 32368|40, 32376|78, 32383|119, 32391|160, 32399|201, 32407|240, 32414|283, 32422|324, 32430|368, 32437|414, 32446|462, 32454|506, 32461|544, 32469|583, 32476|628, 32484|679, 32491|722, 32498|761, 32506|799, 32513|840, 32520|883, 32528|925, 32535|963, 32542|1003, 32550|1043, 32558|1086, 32566|1128, 32574|1178, 32581|1219, 32588|1256, 32596|1294, 32603|1332, 32610|1372, 32617|1412, 32625|1452, 32632|1497, 32639|1536, 32647|1575, 32654|1613, 32661|1656, 32669|1697, 32677|1745, 32723|1808, 32732|1852, 32739|1889, 32746|1927, 32754|1966, 32761|2003, 32769|2045, 32776|2096, 32785|2142, 32792|2183, 32804|2230, long_swipe, 
32814|1, 32821|41, 32829|80, 32836|123, 32843|161, 32851|201, 32859|241, 32866|280, 32873|318, 32880|359, 32888|408, 32896|453, 32904|495, 32911|535, 32920|577, 32927|616, 32935|666, 32942|711, 32950|763, 32957|814, 32965|865, 32973|912, 32980|955, 32988|998, 32995|1035, 33002|1072, 33010|1113, 33017|1151, 33025|1195, 33033|1241, 33040|1279, 33048|1321, 33057|1367, 33065|1416, 33073|1459, 33081|1501, 33089|1548, 33097|1590, 33104|1631, 33112|1672, 33119|1712, 33127|1754, 33135|1800, 33143|1841, 33150|1883, 33158|1924, 33166|1969, 33173|2013, 33181|2054, 33188|2092, 33196|2132, 33203|2170, 33214|2210, long_press_character, 
33225|1, 33232|43, 33239|83, 33246|121, 33253|162, 33261|201, 33268|240, 33276|282, 33303|330, 33329|378, 33336|424, 33345|472, 33353|519, 33362|558, 33370|596, 33377|636, 33385|689, 33393|745, 33401|785, 33408|826, 33416|866, 33423|905, 33431|946, 33438|993, 33446|1032, 33453|1069, 33461|1107, 33468|1144, 33475|1186, 33482|1226, 33489|1267, 33497|1308, 33504|1351, 33512|1397, 33520|1438, 33527|1475, 33535|1513, 33542|1553, 33549|1598, 33556|1640, 33564|1679, 33571|1720, 33579|1759, 33586|1804, 33594|1844, 33601|1885, 33608|1922, 33616|1961, 33623|2000, 33631|2038, 33638|2079, 33646|2119, 33653|2163, 33661|2201, 33672|2243, long_swipe, 
33682|1, 33689|40, 33697|80, 33705|121, 33712|162, 33719|207, 33727|248, 33734|288, 33741|328, 33749|367, 33756|405, 33765|448, 33772|490, 33780|533, 33787|573, 33795|619, 33803|667, 33811|712, 33819|758, 33827|803, 33836|850, 33844|897, 33852|941, 33888|992, 33903|1036, 33910|1074, 33918|1111, 33925|1151, 33932|1190, 33939|1228, 33947|1267, 33954|1306, 33962|1343, 33969|1383, 33977|1426, 33985|1468, 33992|1508, 34000|1550, 34008|1591, 34015|1631, 34023|1674, 34030|1721, 34038|1761, 34045|1798, 34053|1836, 34060|1877, 34068|1914, 34075|1955, 34082|1992, 34089|2029, 34096|2065, 34104|2113, 34111|2152, 34118|2190, 34126|2228, 34137|2270, long_press_character, 
34147|1, 34154|39, 34162|81, 34169|119, 34176|158, 34183|197, 34191|234, 34198|270, 34205|311, 34213|353, 34220|397, 34228|449, 34235|493, 34243|539, 34250|574, 34257|613, 34265|649, 34272|685, 34279|722, 34286|757, 34294|793, 34301|829, 34308|864, 34315|899, 34323|935, 34331|978, 34338|1016, 34346|1060, 34355|1106, 34362|1147, 34369|1190, 34376|1231, 34383|1270, 34415|1318, 34433|1361, 34441|1409, 34449|1449, 34457|1489, 34464|1528, 34471|1571, 34479|1608, 34486|1647, 34493|1686, 34500|1725, 34508|1762, 34515|1801, 34523|1837, 34530|1877, 34538|1919, 34545|1959, 34552|1996, 34559|2037, 34567|2077, 34574|2115, 34582|2153, 34589|2190, 34597|2230, 34604|2268, 34611|2308, 34623|2358, tap_shift, 
34632|1, 34640|42, 34647|81, 34654|121, 34662|167, 34670|210, 34677|250, 34684|289, 34692|328, 34699|366, 34706|408, 34713|447, 34721|488, 34728|535, 34736|583, 34744|621, 34750|655, 34758|699, 34765|736, 34774|782, 34781|824, 34789|864, 34796|910, 34804|957, 34811|997, 34819|1038, 34827|1077, 34834|1120, 34842|1161, 34849|1202, 34856|1240, 34864|1281, 34871|1321, 34878|1362, 34886|1399, 34901|1441, 34934|1493, 34942|1534, 34950|1573, 34957|1612, 34965|1651, 34973|1688, 34980|1726, 34988|1770, 34995|1807, 35002|1847, 35009|1889, 35017|1930, 35024|1968, 35032|2009, 35039|2047, 35046|2083, 35053|2121, 35061|2159, 35068|2198, 35075|2239, 35083|2280, 35091|2319, 35102|2360, long_swipe, 
35113|1, 35120|41, 35128|78, 35135|117, 35142|156, 35149|197, 35157|237, 35164|277, 35171|313, 35178|352, 35186|400, 35194|448, 35201|491, 35208|527, 35216|567, 35224|617, 35232|656, 35239|692, 35246|728, 35253|765, 35260|804, 35268|843, 35274|880, 35282|917, 35289|952, 35296|986, 35303|1023, 35310|1060, 35318|1097, 35325|1132, 35332|1167, 35339|1202, 35346|1238, 35353|1286, 35360|1328, 35384|1374, 35406|1416, 35414|1453, 35422|1494, 35429|1537, 35438|1581, 35445|1624, 35452|1662, 35460|1703, 35468|1743, 35475|1787, 35482|1824, 35490|1861, 35497|1898, 35504|1936, 35512|1974, 35519|2012, 35527|2052, 35534|2090, 35542|2133, 35549|2174, 35557|2213, 35564|2252, 35571|2291, 35579|2334, 35586|2374, 35593|2414, 35601|2455, 35608|2495, 35615|2531, 35624|2574, 35634|2618, short_swipe, 
35645|1, 35652|38, 35659|78, 35667|114, 35675|150, 35682|194, 35690|232, 35696|272, 35704|312, 35711|355, 35719|393, 35726|431, 35733|471, 35741|511, 35748|551, 35756|593, 35764|642, 35772|688, 35779|728, 35786|765, 35793|802, 35802|866, 35811|917, 35837|965, 35858|1014, 35866|1053, 35873|1094, 35881|1130, 35888|1174, 35896|1220, 35905|1268, 35913|1310, 35920|1349, 35928|1394, 35936|1434, 35943|1473, 35950|1511, 35958|1548, 35966|1587, 35974|1627, 35981|1664, 35989|1704, 35997|1764, 36006|1820, 36014|1867, 36022|1909, 36029|1950, 36037|1992, 36045|2032, 36052|2072, 36060|2111, 36067|2167, 36075|2207, 36083|2252, 36090|2290, 36097|2327, 36105|2371, 36112|2414, 36120|2455, 36127|2497, 36135|2538, 36143|2579, 36150|2619, 36163|2662, tap_shift, 
36173|1, 36180|40, 36188|82, 36195|125, 36202|165, 36210|206, 36217|247, 36224|297, 36232|337, 36239|378, 36246|416, 36283|475, 36290|514, 36298|550, 36306|587, 36313|624, 36321|665, 36329|705, 36336|744, 36344|780, 36351|830, 36360|885, 36369|941, 36377|984, 36385|1025, 36393|1073, 36401|1119, 36409|1170, 36417|1212, 36424|1249, 36431|1287, 36438|1326, 36446|1362, 36454|1399, 36461|1439, 36468|1477, 36476|1513, 36483|1549, 36490|1587, 36497|1624, 36504|1660, 36511|1696, 36518|1735, 36525|1771, 36533|1810, 36541|1851, 36548|1888, 36556|1938, 36563|1977, 36571|2015, 36578|2052, 36585|2092, 36592|2129, 36600|2167, 36608|2207, 36615|2244, 36622|2285, 36630|2325, 36637|2362, 36645|2400, 36652|2440, 36671|2483, 36698|2531, 36705|2569, 36713|2607, 36723|2645, 36733|2700, long_swipe, 
36743|1, 36750|42, 36757|80, 36765|120, 36772|159, 36779|200, 36787|240, 36794|280, 36801|320, 36809|359, 36816|399, 36824|435, 36831|475, 36838|523, 36846|562, 36854|601, 36862|639, 36870|679, 36878|724, 36886|767, 36894|824, 36903|889, 36911|933, 36919|976, 36928|1024, 36936|1074, 36944|1118, 36951|1164, 36960|1210, 36968|1256, 36975|1306, 36984|1354, 36992|1393, 36999|1431, 37006|1467, 37013|1503, 37021|1541, 37028|1582, 37035|1617, 37042|1655, 37050|1695, 37069|1740, 37093|1789, 37101|1829, 37109|1870, 37117|1908, 37124|1948, 37132|1986, 37139|2026, 37146|2064, 37154|2105, 37161|2149, 37169|2193, 37177|2231, 37184|2271, 37192|2326, 37200|2369, 37207|2409, 37215|2452, 37222|2494, 37230|2532, 37238|2577, 37250|2621, long_press_character, 
37260|1, 37267|43, 37274|84, 37282|128, 37289|168, 37296|207, 37304|245, 37311|284, 37319|321, 37326|361, 37334|408, 37342|448, 37350|487, 37357|525, 37364|563, 37372|601, 37379|645, 37387|685, 37395|726, 37403|766, 37411|809, 37419|867, 37455|928, 37463|968, 37471|1010, 37479|1055, 37486|1094, 37494|1145, 37502|1187, 37509|1227, 37517|1266, 37524|1305, 37532|1346, 37539|1383, 37547|1421, 37554|1459, 37561|1497, 37569|1534, 37576|1572, 37584|1608, 37591|1648, 37598|1687, 37606|1726, 37614|1766, 37622|1812, 37630|1852, 37638|1891, 37645|1931, 37653|1969, 37660|2009, 37667|2046, 37675|2083, 37683|2122, 37690|2160, 37698|2200, 37706|2237, 37713|2276, 37720|2313, 37728|2352, 37736|2392, 37743|2430, 37751|2484, 37759|2531, 37766|2569, 37791|2618, short_swipe, 
37817|1, 37824|40, 37832|80, 37839|121, 37846|165, 37854|205, 37861|248, 37868|288, 37876|332, 37884|374, 37891|415, 37898|455, 37906|500, 37914|547, 37922|588, 37929|627, 37937|670, 37945|712, 37952|751, 37960|795, 37968|856, 37977|909, 37985|954, 37993|1000, 38000|1049, 38009|1096, 38017|1144, 38025|1193, 38033|1235, 38041|1287, 38049|1336, 38057|1384, 38065|1423, 38072|1462, 38080|1500, 38087|1537, 38095|1576, 38102|1612, 38109|1648, 38123|1690, 38153|1731, 38190|1777, 38222|1819, 38249|1861, 38271|1909, 38279|1956, 38287|1995, 38294|2034, 38302|2071, 38309|2108, 38317|2148, 38325|2185, 38333|2224, 38340|2263, 38348|2302, 38355|2337, 38362|2373, 38370|2414, 38378|2455, 38385|2497, 38393|2547, 38401|2592, 38413|2641, long_press_character, 
38423|1, 38430|39, 38437|77, 38444|116, 38452|153, 38459|191, 38467|229, 38475|267, 38482|308, 38490|348, 38497|388, 38505|426, 38512|471, 38520|514, 38528|552, 38535|592, 38543|641, 38551|682, 38559|722, 38566|760, 38574|799, 38582|855, 38591|906, 38599|951, 38607|993, 38615|1041, 38623|1100, 38631|1159, 38639|1204, 38647|1251, 38654|1298, 38662|1347, 38670|1391, 38677|1431, 38684|1482, 38691|1534, 38699|1573, 38706|1614, 38714|1656, 38721|1693, 38729|1732, 38736|1772, 38744|1820, 38751|1862, 38759|1903, 38766|1945, 38774|1985, 38781|2023, 38789|2061, 38796|2097, 38803|2135, 38811|2171, 38819|2213, 38826|2253, 38833|2293, 38841|2332, 38849|2384, 38857|2430, 38865|2476, 38872|2519, 38879|2572, 38891|2616, long_press_character, 
38901|1, 38908|45, 38915|89, 38923|132, 38930|175, 38937|215, 38944|259, 38952|299, 38959|344, 38967|391, 38974|430, 38981|469, 38989|506, 38996|546, 39004|585, 39012|624, 39020|666, 39027|707, 39035|746, 39043|790, 39050|835, 39059|890, 39067|956, 39075|1001, 39083|1041, 39091|1090, 39099|1139, 39107|1184, 39114|1230, 39122|1274, 39130|1327, 39138|1386, 39145|1423, 39152|1459, 39159|1494, 39166|1540, 39176|1580, 39184|1618, 39191|1655, 39198|1691, 39206|1728, 39213|1769, 39221|1813, 39229|1852, 39236|1892, 39243|1932, 39251|1972, 39258|2016, 39265|2055, 39273|2107, 39280|2148, 39287|2186, 39295|2224, 39303|2262, 39310|2300, 39317|2343, 39325|2386, 39333|2430, 39340|2472, 39348|2511, 39356|2552, 39364|2599, 39376|2654, long_press_character, 
39388|1, 39396|40, 39403|77, 39410|118, 39418|157, 39425|194, 39433|232, 39441|272, 39448|311, 39456|353, 39463|392, 39471|439, 39479|479, 39486|517, 39494|555, 39502|593, 39509|633, 39517|674, 39525|714, 39532|750, 39539|793, 39547|855, 39556|905, 39563|959, 39571|1003, 39579|1042, 39586|1084, 39593|1125, 39601|1166, 39609|1206, 39616|1245, 39624|1285, 39631|1324, 39640|1365, 39648|1405, 39655|1450, 39664|1495, 39671|1536, 39679|1577, 39687|1621, 39694|1666, 39702|1720, 39712|1783, 39755|1843, 39797|1900, 39811|1943, 39818|1983, 39826|2029, 39834|2073, 39842|2117, 39850|2158, 39858|2199, 39866|2241, 39873|2281, 39881|2320, 39889|2361, 39896|2402, 39904|2443, 39912|2488, 39920|2536, 39927|2575, 39935|2616, 39947|2659, tap_regular_character, 
39957|1, 39964|42, 39972|79, 39979|117, 39986|154, 39993|191, 40000|233, 40007|273, 40015|317, 40023|357, 40030|397, 40038|434, 40045|470, 40052|509, 40059|549, 40067|586, 40075|625, 40082|664, 40089|701, 40097|747, 40105|789, 40113|839, 40121|897, 40129|939, 40137|981, 40144|1025, 40152|1065, 40160|1105, 40168|1146, 40175|1189, 40182|1247, 40190|1292, 40198|1338, 40206|1380, 40213|1421, 40221|1464, 40228|1505, 40235|1545, 40243|1586, 40251|1632, 40258|1691, 40266|1755, 40275|1809, 40283|1849, 40290|1889, 40298|1932, 40305|1973, 40312|2014, 40320|2055, 40328|2097, 40335|2136, 40343|2183, 40351|2223, 40359|2267, 40366|2304, 40374|2342, 40381|2381, 40389|2419, 40397|2459, 40404|2496, 40411|2534, 40419|2584, 40431|2630, tap_shift, 
40441|1, 40448|41, 40456|85, 40463|123, 40470|162, 40478|200, 40485|239, 40492|277, 40500|318, 40508|362, 40516|402, 40523|440, 40531|477, 40538|515, 40546|554, 40553|591, 40561|633, 40568|671, 40576|719, 40584|761, 40592|807, 40600|867, 40609|920, 40617|962, 40624|1004, 40632|1045, 40639|1088, 40647|1128, 40654|1175, 40662|1217, 40669|1259, 40676|1306, 40684|1348, 40692|1391, 40699|1429, 40707|1468, 40714|1507, 40723|1552, 40731|1605, 40739|1649, 40747|1688, 40755|1732, 40763|1792, 40772|1843, 40780|1883, 40787|1926, 40795|1966, 40802|2024, 40809|2075, 40817|2115, 40825|2157, 40833|2202, 40841|2249, 40849|2291, 40856|2331, 40864|2375, 40872|2427, 40880|2473, 40887|2514, 40895|2557, 40903|2599, 40915|2646, tap_regular_character, 
40925|1, 40933|38, 40941|76, 40948|134, 40956|176, 40963|218, 40970|259, 40977|297, 40984|337, 40991|380, 40999|421, 41006|472, 41014|519, 41021|560, 41029|606, 41036|649, 41044|694, 41052|735, 41060|774, 41068|821, 41078|894, 41086|941, 41093|983, 41101|1023, 41109|1065, 41117|1105, 41124|1146, 41132|1186, 41140|1235, 41148|1277, 41156|1317, 41164|1359, 41171|1400, 41209|1454, 41258|1520, 41266|1566, 41273|1611, 41281|1656, 41289|1701, 41298|1757, 41306|1804, 41314|1850, 41322|1891, 41330|1931, 41338|1978, 41346|2020, 41354|2060, 41361|2099, 41368|2145, 41376|2186, 41384|2230, 41392|2269, 41400|2311, 41408|2352, 41416|2393, 41423|2430, 41431|2472, 41439|2513, 41447|2553, 41454|2592, 41467|2639, tap_shift, 
41477|1, 41485|40, 41492|78, 41499|116, 41506|155, 41514|191, 41521|229, 41528|272, 41536|312, 41544|352, 41551|390, 41559|430, 41567|472, 41575|513, 41582|557, 41590|606, 41597|651, 41605|697, 41613|738, 41620|780, 41628|822, 41636|882, 41644|945, 41652|987, 41660|1027, 41667|1067, 41674|1110, 41682|1155, 41689|1193, 41696|1241, 41703|1281, 41710|1324, 41717|1370, 41725|1409, 41732|1450, 41740|1491, 41747|1539, 41756|1591, 41764|1650, 41772|1694, 41780|1737, 41789|1797, 41797|1847, 41805|1898, 41813|1937, 41821|1977, 41828|2020, 41836|2059, 41843|2100, 41851|2140, 41859|2179, 41867|2219, 41874|2265, 41882|2306, 41889|2345, 41897|2385, 41904|2424, 41912|2462, 41919|2503, 41927|2542, 41935|2582, 41942|2624, 41954|2670, tap_shift, 
41964|1, 41971|56, 41979|101, 41987|142, 41994|183, 42002|222, 42009|263, 42016|301, 42024|339, 42032|379, 42039|416, 42047|456, 42054|495, 42061|535, 42068|576, 42075|618, 42083|659, 42090|702, 42098|740, 42105|778, 42112|820, 42120|881, 42129|932, 42137|980, 42144|1023, 42152|1068, 42159|1108, 42168|1157, 42176|1206, 42184|1249, 42192|1292, 42200|1335, 42208|1378, 42215|1424, 42223|1465, 42231|1508, 42238|1553, 42246|1592, 42253|1633, 42261|1673, 42269|1714, 42277|1770, 42287|1830, 42295|1876, 42303|1919, 42311|1958, 42318|1997, 42325|2036, 42334|2077, 42341|2117, 42349|2157, 42357|2197, 42365|2245, 42373|2299, 42381|2338, 42389|2377, 42396|2414, 42404|2454, 42412|2495, 42419|2536, 42427|2576, 42435|2615, 42447|2661, tap_shift, 
42457|1, 42465|46, 42472|84, 42479|123, 42487|161, 42495|202, 42502|241, 42509|280, 42517|320, 42525|361, 42532|402, 42539|443, 42547|483, 42555|523, 42563|560, 42615|626, 42649|674, 42658|715, 42666|755, 42673|797, 42681|851, 42690|900, 42698|942, 42706|979, 42713|1017, 42720|1060, 42729|1104, 42736|1141, 42744|1180, 42751|1217, 42758|1256, 42766|1294, 42773|1331, 42781|1371, 42788|1407, 42795|1445, 42802|1482, 42809|1522, 42816|1559, 42823|1599, 42831|1642, 42838|1678, 42846|1717, 42853|1755, 42860|1795, 42868|1835, 42875|1870, 42882|1913, 42889|1950, 42896|1986, 42903|2024, 42910|2064, 42918|2106, 42925|2143, 42932|2179, 42939|2221, 42947|2260, 42954|2304, 42961|2341, 42968|2377, 42976|2415, 42983|2455, 42991|2498, 42998|2542, 43007|2587, 43014|2631, 43026|2675, short_swipe, 
43036|1, 43044|40, 43051|81, 43058|118, 43065|156, 43073|193, 43081|232, 43088|271, 43095|307, 43102|345, 43110|383, 43117|425, 43124|473, 43131|518, 43139|563, 43147|606, 43155|650, 43162|690, 43170|730, 43177|767, 43185|821, 43194|882, 43203|926, 43211|967, 43218|1008, 43226|1049, 43233|1089, 43240|1132, 43248|1181, 43255|1218, 43263|1258, 43270|1298, 43278|1340, 43286|1382, 43294|1423, 43302|1460, 43309|1498, 43317|1535, 43325|1577, 43333|1617, 43341|1657, 43348|1702, 43356|1759, 43366|1818, 43374|1873, 43382|1914, 43390|1952, 43397|1994, 43405|2033, 43412|2072, 43420|2110, 43427|2153, 43435|2193, 43443|2235, 43451|2273, 43458|2309, 43466|2350, 43473|2389, 43480|2426, 43488|2465, 43496|2503, 43503|2541, 43511|2579, 43518|2617, 43530|2661, tap_shift, 
43541|1, 43548|45, 43556|90, 43563|129, 43571|168, 43578|210, 43586|250, 43593|290, 43600|332, 43608|373, 43615|412, 43623|451, 43630|491, 43637|527, 43645|572, 43652|613, 43659|666, 43667|705, 43674|746, 43681|783, 43689|838, 43698|903, 43706|952, 43713|992, 43721|1042, 43728|1081, 43736|1120, 43743|1163, 43751|1201, 43758|1239, 43766|1278, 43773|1321, 43781|1362, 43788|1402, 43796|1441, 43804|1480, 43811|1519, 43818|1559, 43826|1601, 43833|1643, 43841|1684, 43849|1733, 43858|1791, 43880|1854, 43917|1907, 43946|1951, 43957|2006, 43965|2052, 43973|2096, 43980|2132, 43988|2179, 43996|2224, 44004|2266, 44011|2306, 44019|2344, 44026|2382, 44034|2421, 44042|2461, 44050|2502, 44057|2542, 44065|2579, 44074|2624, 44084|2668, tap_regular_character, 
44093|1, 44100|38, 44108|76, 44115|115, 44123|160, 44131|203, 44139|246, 44146|287, 44153|329, 44161|369, 44168|408, 44176|449, 44183|491, 44190|533, 44198|575, 44206|617, 44214|658, 44221|701, 44229|743, 44237|784, 44245|830, 44254|889, 44262|928, 44269|967, 44277|1005, 44284|1048, 44291|1092, 44299|1130, 44307|1174, 44315|1211, 44322|1251, 44330|1291, 44338|1335, 44345|1378, 44353|1418, 44361|1460, 44368|1498, 44376|1538, 44384|1578, 44392|1617, 44400|1658, 44408|1703, 44415|1759, 44424|1808, 44432|1847, 44439|1883, 44447|1932, 44455|1975, 44462|2014, 44470|2056, 44478|2096, 44485|2138, 44493|2177, 44501|2218, 44509|2260, 44516|2300, 44524|2341, 44532|2389, 44540|2430, 44547|2470, 44555|2512, 44563|2553, 44570|2592, 44582|2636, tap_regular_character, 
44592|1, 44599|41, 44607|84, 44615|136, 44621|173, 44628|209, 44636|246, 44643|288, 44650|328, 44657|368, 44665|410, 44673|453, 44680|494, 44687|534, 44695|574, 44702|620, 44709|659, 44716|706, 44724|745, 44731|780, 44739|821, 44747|878, 44756|936, 44765|989, 44772|1033, 44779|1079, 44787|1121, 44794|1163, 44802|1204, 44809|1248, 44817|1294, 44825|1339, 44832|1382, 44840|1426, 44848|1469, 44855|1515, 44864|1557, 44872|1600, 44880|1640, 44887|1679, 44895|1719, 44903|1774, 44913|1836, 44921|1880, 44929|1921, 44936|1961, 44944|2001, 44952|2043, 44959|2084, 44967|2124, 44974|2164, 44982|2205, 44990|2254, 44997|2300, 45005|2343, 45012|2383, 45020|2427, 45027|2482, 45035|2523, 45043|2562, 45050|2605, 45062|2657, tap_regular_character, 
45073|1, 45080|41, 45088|85, 45095|125, 45111|172, 45156|228, 45177|276, 45185|327, 45193|372, 45201|411, 45208|452, 45216|490, 45223|532, 45230|570, 45237|611, 45245|652, 45253|693, 45261|732, 45269|792, 45276|831, 45284|898, 45293|949, 45301|997, 45308|1036, 45315|1077, 45322|1116, 45330|1155, 45337|1196, 45344|1242, 45352|1284, 45359|1323, 45367|1372, 45375|1410, 45382|1456, 45390|1496, 45397|1538, 45405|1586, 45413|1638, 45420|1686, 45428|1736, 45436|1798, 45444|1848, 45452|1890, 45459|1931, 45467|1969, 45475|2007, 45483|2048, 45490|2087, 45498|2126, 45506|2166, 45514|2207, 45521|2247, 45529|2293, 45537|2334, 45544|2382, 45552|2425, 45560|2463, 45567|2501, 45574|2541, 45582|2583, 45589|2620, 45597|2659, 45609|2701, tap_regular_character, 
45619|1, 45626|38, 45634|76, 45641|115, 45648|152, 45655|188, 45662|225, 45670|263, 45677|302, 45685|356, 45693|395, 45700|436, 45708|474, 45716|513, 45723|554, 45731|594, 45739|630, 45746|670, 45754|710, 45761|755, 45769|800, 45777|859, 45786|918, 45793|962, 45801|1001, 45809|1048, 45816|1096, 45824|1143, 45832|1183, 45839|1222, 45847|1265, 45854|1310, 45862|1357, 45869|1402, 45877|1445, 45884|1484, 45892|1521, 45899|1563, 45907|1605, 45915|1645, 45922|1690, 45930|1743, 45939|1798, 45948|1861, 45956|1907, 45964|1948, 45972|1990, 45979|2032, 45987|2072, 45994|2111, 46002|2152, 46010|2195, 46018|2235, 46026|2278, 46034|2316, 46041|2354, 46048|2394, 46056|2436, 46064|2477, 46072|2516, 46080|2565, 46087|2604, 46099|2649, tap_shift, 
46109|1, 46116|42, 46124|80, 46132|120, 46139|164, 46147|202, 46154|244, 46162|285, 46169|324, 46176|373, 46183|425, 46190|470, 46198|520, 46206|571, 46215|617, 46222|660, 46230|704, 46238|749, 46245|799, 46252|854, 46262|911, 46270|953, 46305|1004, 46340|1054, 46354|1097, 46362|1140, 46370|1181, 46378|1224, 46385|1263, 46393|1307, 46401|1357, 46409|1406, 46416|1443, 46424|1483, 46431|1522, 46439|1561, 46447|1604, 46454|1647, 46462|1697, 46471|1759, 46480|1807, 46488|1848, 46495|1894, 46503|1937, 46511|1978, 46518|2021, 46526|2069, 46533|2110, 46541|2151, 46549|2190, 46557|2235, 46564|2274, 46572|2313, 46579|2354, 46587|2394, 46595|2433, 46602|2478, 46610|2518, 46617|2557, 46625|2600, 46637|2642, tap_shift, 
46647|1, 46654|39, 46662|78, 46669|118, 46676|166, 46684|207, 46691|248, 46698|291, 46706|331, 46713|375, 46721|416, 46728|456, 46736|496, 46743|535, 46751|572, 46758|623, 46766|662, 46774|704, 46781|747, 46790|794, 46797|845, 46807|904, 46815|952, 46823|993, 46830|1036, 46837|1082, 46845|1121, 46852|1161, 46859|1203, 46867|1244, 46875|1296, 46883|1339, 46890|1381, 46897|1421, 46905|1463, 46912|1505, 46919|1548, 46928|1592, 46935|1639, 46942|1680, 46950|1726, 46959|1778, 46967|1831, 46975|1879, 46982|1923, 46990|1972, 46997|2013, 47005|2054, 47012|2094, 47019|2133, 47026|2179, 47034|2217, 47041|2266, 47049|2311, 47057|2353, 47065|2394, 47073|2438, 47081|2483, 47088|2523, 47096|2582, 47104|2627, 47116|2671, tap_regular_character, 
47126|1, 47134|46, 47142|91, 47150|135, 47157|192, 47165|235, 47173|285, 47181|329, 47189|381, 47197|426, 47205|472, 47213|527, 47221|570, 47229|612, 47238|655, 47246|701, 47254|744, 47263|801, 47272|862, 47281|913, 47288|956, 47297|998, 47305|1041, 47312|1081, 47320|1136, 47328|1177, 47336|1220, 47344|1267, 47352|1313, 47360|1357, 47368|1399, 47376|1442, 47383|1484, 47391|1530, 47438|1589, 47465|1649, 47474|1698, 47483|1768, 47492|1822, 47500|1861, 47508|1904, 47516|1946, 47524|1989, 47532|2031, 47540|2073, 47548|2117, 47556|2158, 47565|2207, 47572|2246, 47580|2287, 47588|2337, 47596|2385, 47604|2429, 47613|2476, 47621|2522, 47629|2570, 47642|2615, tap_regular_character, 
