||class android.content.Context:public abstract java.lang.Object android.content.Context.getSystemService(java.lang.String)||class android.app.usage.NetworkStatsManager:public android.app.usage.NetworkStats$Bucket android.app.usage.NetworkStatsManager.querySummaryForDevice(int,java.lang.String,long,long) throws java.lang.SecurityException,android.os.RemoteException||class android.app.usage.NetworkStats$Bucket:public long android.app.usage.NetworkStats$Bucket.getTxPackets()
4918|1, 4927|151, 4929|545, 4934|760, 4939|851, 4942|989, 4943|1459, 4945|1550, 4947|1641, 4955|1734, 4972|1820, 4994|1945, 5026|2044, 5060|2134, 5084|2234, 5090|2310, 5096|2411, 5097|2482, 5098|3382, 5100|3538, 5109|3624, 5112|4569, 5122|4666, 5129|4768, 5132|4885, 5133|5000, 5134|5151, 5137|5261, 5140|5385, 5148|5489, 5167|5600, 5177|5690, 5178|5767, 5184|5840, 5189|5921, 5195|5974, 5196|6934, 5197|6999, 5217|7615, 5227|7695, 5229|7873, 5231|9370, 5232|9422, 5233|9536, org.mozilla.firefox, 
5241|1184, 5247|1282, 5248|1359, 5250|1539, 5252|1664, 5253|1937, 5256|1993, 5260|2044, 5262|2101, 5264|2158, 5265|2208, 5267|2254, 5269|2312, 5275|2366, 5277|2420, 5278|2616, 5279|2779, 5282|2832, 5283|4928, 5286|4989, 5292|5126, 5294|5251, 5298|5307, 5300|5360, 5302|5737, 5303|5789, 5307|5838, 5319|5942, 5320|5995, 5322|6050, 5324|6109, 5328|9982, 5335|10056, 5336|11084, 5339|11242, 5342|11311, 5343|11743, 5344|11824, 5346|11886, 5351|11953, 5352|12035, com.airbnb.android, 
5353|878, 5355|1070, 5356|1192, 5359|1387, 5363|1498, 5364|1588, 5365|1671, 5369|2075, 5380|2203, 5387|2298, 5409|2428, 5415|2631, 5417|2733, 5426|2839, 5430|2940, 5431|3037, 5433|3125, 5434|3203, 5435|3288, 5439|3379, 5447|3488, 5454|3664, 5455|3736, 5463|4331, 5470|4913, 5472|4988, 5473|5248, 5480|5656, 5484|5987, 5488|6857, 5493|6976, 5500|7103, 5503|7193, 5504|7968, 5505|8060, 5509|8156, 5510|8256, 5512|8349, 5513|8487, 5514|8831, 5516|8898, 5520|8971, 5526|9079, 5529|9221, 5531|10138, 5535|10255, 5551|10401, 5553|10470, 5554|12125, 5555|12185, 5558|12378, 5559|12495, de.prosiebensat1digital.prosieben, 
5560|810, 5561|877, 5563|1031, 5564|2846, 5595|2994, 5609|3143, 5610|3398, 5613|3487, 5618|3571, 5619|3714, 5620|4673, 5621|4819, 5628|4939, 5629|5092, 5630|7324, 5631|7384, 5633|7432, 5636|7491, 5639|7545, 5645|7638, 5648|9391, 5656|9997, 5658|10067, 5659|10124, org.chromium.chrome, 
5660|1496, 5662|1556, 5665|1621, 5667|1713, 5672|1907, 5674|1977, 5679|2033, 5680|2090, 5682|2150, 5691|2226, 5693|2352, 5694|2588, 5696|2657, 5698|2825, 5700|2936, 5708|3014, 5710|3123, 5715|3185, 5720|3260, 5725|3340, 5731|3421, 5736|3476, 5737|3539, 5744|3618, 5747|3665, 5755|3721, 5757|3813, 5758|3868, 5763|3922, 5764|4000, 5765|4063, 5774|4122, 5775|4191, 5777|4308, 5779|4358, 5782|4421, 5785|4477, 5787|4531, 5788|4654, 5791|4723, 5793|4827, 5801|4948, 5807|5051, 5810|5127, 5812|5201, 5814|5672, 5815|5774, 5821|10087, 5826|10136, 5830|10246, com.moshbit.studo, 
5831|1649, 5850|1742, 5885|1841, 5911|1967, 5945|2128, 5963|2234, 5974|2321, 5976|2425, 5982|2492, 5985|3042, 5986|3116, 5987|5848, 5988|5992, 5989|6049, 5992|6535, 5994|6905, 5999|7011, 6004|7122, 6007|7208, 6010|7282, 6011|7339, 6014|7398, 6017|7458, 6022|7523, 6025|7588, 6035|10121, 6053|10184, com.fsck.k9, 
6054|2279, 6059|2409, 6077|2483, 6081|2544, 6082|2594, 6084|2705, 6087|10207, 6093|10307, com.instagram.android, 
6094|1496, 6095|1580, 6097|1788, 6098|1923, 6105|1986, 6108|2054, 6113|2117, 6116|2212, 6121|2292, 6147|2426, 6149|2527, 6158|2652, 6160|2758, 6162|2912, 6171|3087, 6173|3268, 6174|3834, 6179|10049, 6185|10109, 6189|10157, 6190|11977, 6191|12120, 6192|12304, 6193|12361, 6199|12476, 6200|12800, 6202|12871, de.pilot.newyorker.android, 
6206|1, 6207|118, 6208|167, 6211|229, 6212|287, 6223|338, 6227|399, 6228|641, 6229|1765, 6230|1842, 6232|1937, 6234|1998, 6235|2061, 6236|2258, 6243|2344, 6247|2427, 6252|2485, 6275|2549, 6277|3455, 6279|3515, 6280|4457, 6283|4529, 6289|4599, 6319|4668, 6331|4767, 6333|4955, 6336|5043, 6355|5119, 6357|5182, 6358|5246, 6359|5312, 6360|5389, 6363|5464, 6364|5544, 6366|5997, 6371|6078, 6372|6268, 6373|6342, 6376|6420, 6377|6696, 6388|6782, 6389|7326, 6390|7398, 6391|7911, 6392|7987, 6395|8084, 6396|8270, 6406|8338, 6440|8432, 6487|8507, 6490|8594, 6491|9056, 6501|9155, 6524|9268, 6535|9357, 6537|9443, 6541|9544, 6553|9642, 6556|9749, 6557|9865, 6563|9982, 6575|10081, 6587|10180, 6611|10320, 6626|10377, 6639|10429, 6640|10479, 6641|10534, de.spiegel.android.app.spon, 
6643|1767, 6649|1862, 6652|1950, 6653|2094, 6654|10007, com.isis_papyrus.raiffeisen_pay_eyewdg, 
6655|1475, 6656|1578, 6661|1681, 6662|1772, 6664|1860, 6666|1928, 6667|1980, 6668|2039, 6669|2104, 6670|2162, 6671|2226, 6673|2312, 6679|2401, 6681|2478, 6684|2574, 6686|2668, 6687|2906, 6688|2970, 6689|3036, 6690|3134, 6691|4169, 6692|4328, 6694|10118, 6696|10169, com.duckduckgo.mobile.android, 
6697|1584, 6699|1663, 6701|1740, 6702|1806, 6703|1968, 6705|2047, 6709|2108, 6712|2168, 6714|2235, 6722|2298, 6742|2372, 6744|3116, 6746|3235, 6747|4001, 6749|4085, 6755|4151, 6791|4233, 6797|4323, 6798|5695, 6800|5836, 6803|5911, 6805|5979, 6807|6057, 6808|6289, 6810|6359, 6829|6448, 6830|6819, 6835|6901, 6841|6974, 6842|7068, 6843|7373, 6847|7453, 6858|7530, 6884|7617, 6890|7703, 6892|7768, 6893|7843, 6894|7917, 6901|7989, 6903|8086, 6906|8163, 6908|8327, 6911|8403, 6923|8492, 6941|8587, 6969|8672, 6970|8827, 6972|8978, 6994|9063, 6995|9174, 6997|9262, 6998|9346, 7001|9547, 7005|9643, 7026|9750, 7035|9861, 7040|9948, 7045|10053, 7048|10270, 7061|10383, 7064|10441, 7068|10491, 7069|10597, de.spiegel.android.app.spon, 
7070|1557, 7071|1687, 7072|1749, 7075|1812, 7077|1877, 7086|1941, 7088|2013, 7089|2074, 7091|2133, 7095|2190, 7096|2240, 7099|2296, 7105|2365, 7106|2414, 7107|2467, 7109|2524, 7112|2585, 7113|2643, 7120|2775, 7122|2970, 7123|3433, 7126|4754, 7130|4828, 7142|4913, 7143|5006, 7151|5073, 7152|5444, 7153|5514, 7155|5593, 7158|5676, 7159|5736, 7161|5807, 7165|5864, 7169|5915, 7171|6237, 7176|6297, 7178|6397, 7179|6553, 7181|6902, 7182|9103, 7187|10217, 7193|10265, 7197|10371, com.paypal.android.p2pmobile, 
7198|53, 7199|104, 7200|937, 7204|1509, 7216|1647, 7218|1770, 7226|1841, 7227|1910, 7230|2444, 7234|10099, 7240|10158, 7241|12129, 7242|12286, 7244|12509, 7250|12619, 7251|12855, de.pilot.newyorker.android, 
7253|1, 7257|59, 7258|167, 7259|225, 7262|296, 7264|354, 7265|409, 7267|462, 7277|520, 7280|598, 7281|738, 7285|2036, 7293|2161, 7295|2249, 7300|2349, 7302|2442, 7305|2530, 7308|2602, 7316|2681, 7317|2746, 7319|2798, 7320|2854, 7321|2903, 7323|2968, 7325|10005, 7331|10065, org.indywidualni.fblite, 
7332|1411, 7335|1474, 7338|1547, 7340|1652, 7341|1737, 7343|1804, 7350|1873, 7351|1938, 7352|1996, 7353|2069, 7355|2223, 7359|2302, 7365|2373, 7370|2448, 7378|2533, 7379|2600, 7380|2666, 7383|2818, 7386|2903, 7389|2970, 7393|3053, 7394|3120, 7397|3195, 7405|3262, 7407|3335, 7408|3746, 7418|3830, 7419|3909, 7425|4006, 7431|4100, 7432|4716, 7435|4775, 7447|4865, 7450|4983, 7456|5072, 7463|5168, 7468|5264, 7471|5337, 7477|5444, 7481|5514, 7482|5582, 7486|5721, 7487|5867, 7491|6181, 7497|6266, 7502|6374, 7504|6458, 7506|6543, 7510|6622, 7514|6676, 7519|6780, 7524|6864, 7526|6933, 7529|7010, 7530|7066, 7535|7128, 7545|7181, 7546|7288, 7547|7510, 7559|10299, 7562|10348, 7570|10397, 7574|10452, de.mcdonalds.mcdonaldsinfoapp, 
7575|1308, 7576|1381, 7577|2230, 7582|2321, 7585|2423, 7591|2518, 7597|2644, 7598|2724, 7602|2828, 7606|2899, 7612|3012, 7621|3089, 7626|3173, 7631|3252, 7638|3383, 7641|3690, 7645|3763, 7648|3833, 7650|3977, 7652|4039, 7653|5117, 7654|5189, 7658|5259, 7659|5378, 7664|5447, 7675|5502, 7676|5560, 7677|6006, 7679|6099, 7681|6150, 7689|6207, 7690|6259, 7696|6314, 7702|6373, 7703|6422, 7704|6525, 7712|10084, 7721|10148, com.waze, 
7724|289, 7725|1942, 7727|2009, 7738|2116, 7744|2196, 7746|2896, 7747|3587, 7748|3637, 7754|10173, com.instagram.android, 
7755|1848, 7756|1909, 7758|2087, 7764|2335, 7767|2438, 7770|2508, 7776|2569, 7778|2624, 7782|2682, 7784|2740, 7787|2807, 7788|2865, 7790|2976, 7791|3036, 7798|3199, 7806|3336, 7813|3407, 7816|3466, 7821|3542, 7823|3626, 7824|3691, 7827|3962, 7830|4032, 7835|4108, 7837|4167, 7840|4290, 7842|4421, 7843|6952, 7844|7010, 7846|7062, 7850|7146, 7851|7208, 7854|7765, 7856|7839, 7858|7908, 7862|7970, 7867|8034, 7869|8096, 7873|8156, 7880|8234, 7884|8312, 7888|8394, 7892|8485, 7895|8549, 7897|8668, 7898|8727, 7899|8788, 7900|8851, 7902|8916, 7910|8986, 7914|9052, 7917|9130, 7922|9191, 7927|9255, 7929|9322, 7933|9400, 7938|10144, 7946|10202, 7948|10323, org.zwanoo.android.speedtest, 
7953|1448, 7965|1582, 7967|1673, 7973|1771, 7978|1867, 7980|2135, 7984|10032, 7990|10106, 7991|12289, 7993|12519, 7999|12690, de.pilot.newyorker.android, 
8000|1, 8002|122, 8006|177, 8007|347, 8009|463, 8012|519, 8025|642, 8027|702, 8028|891, 8029|1997, 8030|2055, 8035|2147, 8038|2212, 8046|2332, 8048|2461, 8052|2545, 8056|2652, 8061|2729, 8070|2827, 8081|2901, 8084|2972, 8085|3035, 8086|3327, 8087|3437, 8088|3514, 8089|4275, 8122|4328, 8130|4777, 8131|4833, 8141|4899, 8142|5017, 8143|5123, 8144|9068, 8145|9172, 8148|9231, 8151|9287, 8152|9339, 8155|9395, 8156|9518, 8161|9874, 8170|10011, 8180|10074, com.waze, 
8181|939, 8182|1712, 8183|2198, 8184|2264, 8187|2324, 8191|2387, 8196|2444, 8198|2525, 8199|2577, 8200|2816, 8202|2954, 8206|3041, 8212|3125, 8214|3205, 8220|3263, 8222|3431, 8225|3515, 8228|3584, 8233|3647, 8235|3709, 8236|3778, 8237|5097, 8238|6449, 8239|6585, 8241|6647, 8245|6714, 8246|6773, 8249|7117, 8250|7188, 8256|7248, 8259|7330, 8261|7394, 8263|7464, 8270|7528, 8273|7592, 8275|7655, 8278|7713, 8281|7768, 8284|7828, 8286|7890, 8287|8010, 8289|8078, 8290|8143, 8298|8209, 8302|8284, 8309|8345, 8314|8404, 8317|8460, 8319|8527, 8321|9901, 8325|10071, 8330|10358, 8340|10412, org.zwanoo.android.speedtest, 
8341|1700, 8342|1781, 8344|1975, 8352|2301, 8355|2375, 8360|2446, 8364|2507, 8368|2568, 8369|2676, 8370|2746, 8371|2863, 8373|3066, 8380|3158, 8386|3244, 8392|3319, 8394|3390, 8395|3448, 8399|3569, 8402|3638, 8407|3736, 8409|3792, 8410|3907, 8411|6562, 8413|6625, 8416|6687, 8417|6757, 8418|6812, 8423|7205, 8424|7269, 8430|7325, 8434|7390, 8437|7457, 8443|7523, 8448|7589, 8451|7652, 8454|7721, 8457|7786, 8460|7851, 8462|7918, 8463|7982, 8464|8048, 8465|8112, 8467|8176, 8476|8248, 8478|8316, 8481|8375, 8485|8434, 8491|8495, 8494|8558, 8495|8653, 8500|10094, 8503|10182, 8512|10372, 8518|10431, org.zwanoo.android.speedtest, 
8519|1243, 8525|1434, 8527|1533, 8529|1599, 8535|1671, 8537|1723, 8538|1847, 8540|2032, 8542|2100, 8555|2197, 8567|2277, 8573|2354, 8575|2429, 8576|2499, 8578|2588, 8581|2682, 8585|2762, 8587|2845, 8588|3480, 8589|3740, 8590|4386, 8593|4575, 8596|4643, 8598|4724, 8603|4829, 8615|4923, 8617|5006, 8621|5102, 8628|5195, 8630|5272, 8635|5387, 8641|5508, 8643|5765, 8647|5842, 8658|5914, 8660|5995, 8664|6076, 8672|6185, 8675|6346, 8678|6415, 8680|6611, 8685|6777, 8698|10021, 8707|10075, 8710|10179, de.mcdonalds.mcdonaldsinfoapp, 
8714|1485, 8718|1608, 8728|1745, 8735|1858, 8737|1958, 8740|2461, 8741|9347, 8745|10094, 8751|10166, 8752|11881, 8754|12088, 8756|12169, 8762|12257, 8763|12492, 8765|12604, 8769|12719, 8770|12778, 8772|12874, de.pilot.newyorker.android, 
8775|1, 8785|59, 8789|126, 8790|209, 8791|381, 8792|1631, 8795|1784, 8797|1864, 8798|2094, 8805|2183, 8806|2239, 8813|2306, 8823|2368, 8836|2442, 8837|2557, 8838|2624, 8839|3335, 8840|3385, 8843|4198, 8849|4265, 8861|4335, 8893|4430, 8897|4511, 8899|4703, 8901|4771, 8933|4838, 8934|4906, 8935|5584, 8937|5657, 8940|5726, 8942|5815, 8944|5898, 8946|6112, 8955|6184, 8959|6257, 8960|7247, 8987|7332, 8992|7403, 8994|7953, 9001|8054, 9024|8141, 9033|8225, 9043|8300, 9049|8379, 9052|8456, 9055|8532, 9067|8613, 9072|8685, 9080|8757, 9113|8850, 9117|8943, 9123|9037, 9124|9587, 9133|9683, 9147|9781, 9168|9878, 9171|9962, 9174|10045, 9176|10139, 9181|10222, 9192|10385, 9202|10444, 9203|10549, 9205|12665, de.spiegel.android.app.spon, 
9207|1482, 9211|1560, 9212|2142, 9213|2255, 9214|6899, com.whatsapp, 
9215|1600, 9217|1686, 9219|1768, 9220|1844, 9221|1966, 9224|2046, 9228|2108, 9229|2158, 9231|2218, 9242|2284, 9259|2342, 9260|2478, 9261|2537, 9262|3238, 9263|3288, 9264|4088, 9267|4148, 9273|4209, 9312|4326, 9313|4407, 9316|4572, 9318|4639, 9320|4703, 9321|4786, 9323|4848, 9324|4918, 9325|5569, 9327|5716, 9330|5787, 9332|5860, 9333|5973, 9335|6274, 9338|6346, 9355|6423, 9356|6714, 9379|6868, 9380|7374, 9383|7447, 9390|7525, 9412|7630, 9421|7699, 9422|8030, 9424|8173, 9432|8426, 9444|8509, 9473|8594, 9475|8672, 9477|8958, 9500|9032, 9501|9219, 9503|9349, 9505|9441, 9509|9545, 9528|9644, 9540|9757, 9546|9846, 9550|9943, 9559|10059, 9565|10148, 9569|10235, 9570|10313, 9582|10413, 9594|10465, 9595|10514, 9596|10567, de.spiegel.android.app.spon, 
9599|1179, 9613|1310, 9616|1408, 9617|1499, 9619|1590, 9620|1726, 9621|1954, 9624|2047, 9629|2103, 9630|2158, 9631|2206, 9632|2257, 9634|2321, 9637|2380, 9642|2437, 9643|2501, 9644|2558, 9645|2707, 9649|2910, 9651|5095, 9653|5174, 9658|5250, 9659|5306, 9660|5363, 9664|5488, 9666|5539, 9668|6017, 9669|6072, 9673|6122, 9685|6236, 9686|6298, 9688|6357, 9690|6416, 9698|10138, 9699|11304, 9701|11384, 9704|11457, 9705|11814, 9706|11954, 9707|12021, 9710|12089, 9714|12156, com.airbnb.android, 
9716|1065, 9717|1187, 9718|1519, 9720|1644, 9722|1759, 9723|1931, 9728|2033, 9733|2108, 9739|2205, 9749|2283, 9762|2381, 9763|2479, 9766|2585, 9770|2689, 9772|2949, 9774|3039, 9776|3135, 9783|3406, 9784|3501, 9791|3921, 9795|4039, 9801|4116, 9845|4237, 9852|4581, 9853|4662, 9860|5201, 9861|5342, 9867|5455, 9876|5556, 9878|5676, 9879|6755, 9880|7106, 9903|7338, 9904|7623, 9906|7811, 9910|7906, 9937|8012, 9956|8121, 9974|8204, 9975|8366, 9978|8473, 9992|8559, 10024|8666, 10029|8772, 10035|8876, 10036|9277, 10037|9390, 10043|9630, 10057|9742, 10061|9839, 10067|9955, 10071|10084, 10073|10222, 10085|10484, 10090|10544, 10091|10671, de.spiegel.android.app.spon, 
10092|104, 10094|679, 10095|743, 10096|881, 10097|1873, 10098|1949, 10100|2130, 10106|2326, 10107|2392, 10109|2531, 10111|2917, 10112|2981, 10113|3046, 10116|3137, 10117|3226, 10128|3298, 10134|3378, 10137|3460, 10148|3519, 10154|3616, 10156|3684, 10168|3775, 10170|3918, 10176|4011, 10182|4086, 10184|4142, 10185|4520, 10186|4590, 10201|5813, 10202|5867, 10226|6569, 10229|7039, 10230|7242, 10234|10141, 10242|10240, 10246|10296, de.zalando.mobile, 
10247|1621, 10252|1773, 10254|1880, 10258|2098, 10260|2161, 10265|2221, 10266|2280, 10273|2333, 10277|2431, 10279|2510, 10280|2807, 10282|3125, 10283|3215, 10285|3471, 10286|3558, 10289|3655, 10292|3792, 10298|3854, 10305|3913, 10309|3985, 10314|4056, 10319|4161, 10325|4277, 10343|4529, 10348|4642, 10355|4734, 10359|4794, 10362|4854, 10364|4911, 10365|4971, 10366|5129, 10368|5219, 10369|5297, 10370|10191, 10380|10374, 10382|10487, com.moshbit.studo, 
10383|1788, 10384|1868, 10386|2292, 10393|2492, 10395|2703, 10398|2955, 10400|3028, 10408|3134, 10412|3198, 10417|3277, 10421|3365, 10430|3475, 10435|3542, 10442|3630, 10443|3691, 10482|3865, 10484|3977, 10487|4372, 10488|4547, 10489|4680, 10494|10503, 10500|10594, 10502|10740, de.zalando.mobile, 
10503|3484, 10508|3606, 10542|3739, 10549|3913, 10550|4258, 10551|4339, 10553|4408, 10558|4519, 10559|4604, 10560|5941, 10561|6016, 10568|6134, 10569|6345, 10571|7910, 10573|7990, 10577|8061, 10579|8143, 10581|8206, 10583|8293, 10586|10013, 10594|11099, 10595|11215, org.chromium.chrome, 
10596|2605, 10597|2676, 10602|2765, 10608|2897, 10612|2984, 10617|3164, 10621|3284, 10622|3400, 10625|3526, 10626|3628, 10630|3749, 10636|3850, 10640|3924, 10641|3999, 10642|4291, 10643|4407, 10644|4510, 10645|4584, 10648|4673, 10655|4758, 10658|4829, 10659|5546, 10665|5609, 10692|5697, 10700|6281, 10701|6347, 10711|6439, 10712|6498, 10713|6644, 10727|10827, 10730|10904, com.waze, 
10731|2549, 10733|2635, 10737|2721, 10746|2857, 10747|2982, 10748|3116, 10751|3228, 10755|3345, 10756|3446, 10759|3555, 10762|3641, 10769|3710, 10771|3799, 10772|4184, 10773|4322, 10774|4451, 10775|5371, 10807|5533, 10815|6090, 10816|6218, 10827|6293, 10828|6418, 10829|6496, 10834|10776, 10844|10862, com.waze, 
10846|2218, 10848|2313, 10852|2403, 10853|2507, 10856|2604, 10857|2675, 10858|2822, 10859|2890, 10861|2980, 10863|3069, 10865|3188, 10871|3295, 10872|3401, 10878|3522, 10879|3943, 10881|4084, 10882|4298, 10883|5665, 10884|5771, 10886|10868, 10888|10933, com.duckduckgo.mobile.android, 
10889|2399, 10890|2484, com.whatsapp, 
10891|2441, 10895|3217, 10896|6734, 10897|6937, 10898|7002, 10900|7070, 10905|7140, 10906|7537, 10907|7669, 10911|7741, 10912|7956, 10914|8253, 10915|8325, 10916|8393, com.whatsapp, 
10918|2966, 10920|3167, 10926|3397, 10927|3666, 10929|3888, 10930|4070, 10932|5230, 10934|5336, 10936|5394, 10941|5449, 10942|5578, 10946|5635, 10949|5687, 10950|5794, 10952|5851, 10955|5980, 10956|6522, 10957|6778, 10958|6834, 10959|6891, 10960|7068, 10963|10636, 10965|10771, 10969|10829, com.twitter.android, 
10970|2183, 10972|2264, 10983|2343, 10988|2407, 10989|2467, 10991|2890, 10993|10361, 10997|10423, com.instagram.android, 
10998|1189, 11001|1267, 11004|1355, 11006|1447, 11008|1511, 11011|1575, 11016|1641, 11018|1701, 11019|1818, 11020|1986, 11022|2052, 11028|2130, 11038|2199, 11042|2272, 11043|2327, 11046|2573, 11052|2689, 11063|2763, 11064|2844, 11066|2942, 11067|3018, 11068|3081, 11069|3341, 11071|3899, 11072|4196, 11074|4264, 11077|4324, 11079|4408, 11081|4566, 11083|4651, 11090|4724, 11097|4823, 11100|4908, 11101|5013, 11104|5303, 11110|5394, 11121|5511, 11122|5611, 11127|5696, 11132|5766, 11133|5822, 11136|5938, 11137|5991, 11142|6098, 11143|6284, 11144|6492, 11155|9991, 11166|10090, 11168|10141, 11170|10194, 11171|10613, 11172|10665, de.mcdonalds.mcdonaldsinfoapp, 
11173|2455, 11178|2569, 11213|2712, 11222|2829, 11228|2943, 11229|3034, 11230|3100, 11231|3807, 11232|3906, 11234|3997, 11239|4091, 11240|4172, 11241|5723, 11242|5775, 11243|6861, 11244|6913, 11246|7013, 11250|7088, 11252|7139, 11258|7196, 11261|8984, 11269|10051, 11270|10119, org.chromium.chrome, 
11272|1856, 11274|8164, 11275|11409, 11277|11462, com.whatsapp, 
11279|1508, 11281|1614, 11285|1722, 11286|1809, 11289|1892, 11290|1957, 11292|2105, 11294|2178, 11296|2259, 11298|2340, 11304|2440, 11305|2528, 11309|2606, 11310|2693, 11311|2925, 11312|2988, 11314|3099, 11315|4099, 11316|4333, 11318|10149, 11320|10195, com.duckduckgo.mobile.android, 
11321|1704, 11324|1830, 11327|1917, 11329|2012, 11332|2105, 11337|2293, 11339|2713, 11343|3082, 11347|3385, 11351|3457, 11357|3554, 11360|3639, 11363|3892, 11367|4274, 11383|4355, 11412|4438, 11414|4527, 11442|4632, 11463|4699, 11468|4772, 11469|6017, 11474|6168, 11481|6235, 11484|6311, 11492|6376, 11501|7185, 11512|7286, 11525|7384, 11528|7502, 11529|7638, 11537|7744, 11539|7820, 11541|7877, 11544|7952, 11548|8040, 11551|8107, 11556|8170, 11562|8235, 11577|8306, 11586|8381, 11593|8437, 11597|8531, 11600|8604, 11602|8880, 11606|9003, 11608|9060, 11611|9132, 11612|10051, 11613|10114, 11628|10361, 11645|10428, 11647|10658, org.mozilla.firefox, 
11648|1829, com.whatsapp, 
11649|1445, 11650|1534, 11652|1619, 11656|1713, 11657|1795, 11660|1881, 11661|1940, 11663|2061, 11664|2128, 11665|2284, 11666|2371, 11667|2480, 11669|2572, 11675|2663, 11679|2768, 11681|2845, 11682|2917, 11684|2981, 11685|3107, 11686|4205, 11687|4361, 11689|4533, 11691|10161, 11693|10216, com.duckduckgo.mobile.android, 
11694|1486, 11696|1699, 11700|1772, 11701|1834, 11702|1890, 11704|1952, 11705|2015, 11707|2153, 11710|2250, 11716|2326, 11719|2405, 11722|2485, 11725|2567, 11726|2779, 11728|3018, 11729|3128, 11730|3988, 11731|4073, 11733|10151, 11734|10198, 11735|10261, com.duckduckgo.mobile.android, 
11746|1766, 11794|1900, 11811|2030, 11836|2160, 11866|2303, 11875|2388, 11883|2455, 11884|2509, 11889|2567, 11890|3167, 11893|3256, 11894|5835, 11896|5930, 11897|5984, 11902|6211, 11912|6279, 11931|6338, 11940|6390, 11942|6442, 11943|6504, 11944|6696, 11947|6820, 11950|6902, 11953|6954, 11955|7014, 11958|7087, 11961|7150, 11962|7199, 11964|7250, 11967|7306, 11968|7358, 11970|7408, 11972|7458, 11974|7512, 11975|7570, 11985|10084, 12003|10151, com.fsck.k9, 
12004|1417, 12007|1579, 12012|1663, 12013|1870, 12014|2166, 12019|2256, 12028|2362, 12050|2479, 12053|2558, 12057|2704, 12065|2860, 12068|2973, 12069|3106, 12072|3182, 12074|3319, 12077|3400, 12081|3467, 12084|3544, 12085|3616, 12086|5061, 12087|5363, 12088|8114, 12089|8177, 12093|8235, 12101|8305, 12103|8363, 12105|8431, 12107|8570, 12108|8806, 12110|8900, 12112|9009, 12116|9096, 12118|9246, 12119|9420, 12121|9987, 12125|10072, 12143|10267, 12145|10331, 12146|10626, 12148|10678, 12151|10738, 12152|10971, 12153|11085, 12154|11219, de.prosiebensat1digital.prosieben, 
12156|1872, 12158|1937, 12160|2002, 12165|2067, 12166|2140, 12172|2204, 12177|2281, 12178|2345, 12182|2414, 12186|2478, 12187|2533, 12188|2591, 12190|2651, 12191|2714, 12192|2770, 12194|3586, 12196|5127, 12202|5214, 12210|5283, 12215|5358, 12221|5471, 12223|5552, 12224|5800, 12227|5877, 12230|5947, 12231|6017, 12233|6137, 12237|6208, 12242|6362, 12245|6426, 12253|6914, 12255|6987, 12256|7557, 12260|10306, 12266|10369, 12268|10485, com.paypal.android.p2pmobile, 
12269|1797, 12271|2214, 12272|2473, 12279|2570, 12286|2653, 12288|2774, 12289|2966, 12291|3421, 12297|3554, 12306|3621, 12313|3701, 12322|3798, 12325|3934, 12328|4183, 12331|4330, 12336|4398, 12338|4466, 12339|4607, 12341|5682, 12343|7175, 12345|7251, 12348|7318, 12349|7392, 12350|7457, 12353|7749, 12356|7837, 12362|7905, 12366|7969, 12369|8056, 12371|8135, 12380|8212, 12383|8279, 12387|8353, 12390|8498, 12393|8570, 12395|8643, 12396|8795, 12397|8866, 12398|8940, 12401|9011, 12410|9078, 12413|9143, 12417|9226, 12427|9321, 12432|9413, 12437|10426, 12447|10490, org.zwanoo.android.speedtest, 
12449|1480, 12450|1577, 12451|1668, 12454|2012, 12474|2213, 12482|2421, 12488|2539, 12491|2637, 12493|2718, 12495|2808, 12504|2908, 12508|3020, 12509|4753, 12510|5015, 12511|5115, 12512|5855, 12513|6701, 12516|6802, 12523|6912, 12551|7029, 12559|7118, 12560|7636, 12564|7728, 12565|7845, 12568|8210, 12571|8292, 12572|8392, 12574|8479, 12575|8587, 12577|9169, 12581|9488, 12584|9586, 12588|10658, 12590|10762, 12598|10854, 12601|10996, 12615|11168, 12625|11268, 12630|11340, de.prosiebensat1digital.prosieben, 
12631|2831, 12634|2925, 12638|3012, 12639|3086, 12640|3237, 12642|3449, 12647|3582, 12652|3726, 12656|3843, 12657|4038, 12660|4146, 12661|4268, 12665|4369, 12673|4467, 12675|4544, 12676|4615, 12678|5018, 12685|5135, 12691|5227, 12694|5304, 12695|5494, 12697|5575, 12701|6544, 12705|6625, 12706|6709, 12711|6779, 12712|6874, 12734|6961, 12737|7640, 12739|7702, 12749|7772, 12751|7839, 12758|7915, 12759|7987, 12760|8057, 12766|11028, 12777|11103, com.waze, 
12778|1660, 12783|1784, 12785|1914, 12790|2602, 12799|2739, 12819|2945, 12825|3088, 12827|3185, 12828|3280, 12838|3405, 12843|3598, 12845|3827, 12852|3921, 12856|4032, 12857|5387, 12858|5759, 12862|8132, 12864|8220, 12867|8779, 12870|8863, 12871|8972, 12873|9051, 12874|9154, 12875|10101, 12876|10294, 12892|11110, 12894|11186, 12895|11437, 12896|11508, 12899|11692, 12900|11839, 12901|11911, de.prosiebensat1digital.prosieben, 
12912|1662, 12920|1772, 12922|1913, 12925|2063, 12926|2616, 12929|2703, 12934|2772, 12938|2847, 12941|2913, 12947|2985, 12949|3059, 12950|3149, 12952|3336, 12955|3522, 12956|5679, 12959|5790, 12965|5921, 12967|6017, 12973|6109, 12975|7133, 12978|7200, 12984|7267, 12992|7342, 12993|7411, 12998|7478, 13006|10875, 13007|12292, 13012|12489, 13014|13108, 13015|13218, 13018|13350, 13022|13424, 13023|13767, 13024|13836, com.airbnb.android, 
13025|1, 13026|2492, 13033|2633, 13040|2757, 13044|2902, 13047|3022, 13051|3186, 13060|3302, 13061|3408, 13064|3489, 13065|3589, 13066|3713, 13067|4554, 13070|4644, 13074|4721, 13076|5236, 13083|5937, 13084|6024, 13091|6573, 13092|6671, 13099|7356, 13100|7454, 13107|8028, 13112|8617, 13114|10718, 13120|10798, org.indywidualni.fblite, 
13122|324, 13123|392, 13124|467, 13125|2343, 13126|2462, com.whatsapp, 
13127|2048, 13130|2152, 13133|2270, 13134|2362, 13137|2442, 13138|2521, 13139|2598, 13140|2693, 13142|2767, 13143|2852, 13146|2959, 13151|3069, 13153|3157, 13160|3303, 13161|3770, 13163|3918, 13164|4107, 13165|5419, 13166|5618, 13168|10923, 13170|10987, com.duckduckgo.mobile.android, 
13172|2193, 13174|2404, 13180|2575, 13181|2650, 13182|2912, 13185|2990, 13190|3069, 13191|3139, 13198|3220, 13199|3310, 13201|3394, 13202|3610, 13203|3961, 13205|4060, 13210|4159, 13216|4260, 13221|4335, 13224|4430, 13226|4500, 13229|4718, 13232|4831, 13237|4928, 13239|5006, 13240|5097, 13241|7682, 13244|7839, 13247|7921, 13248|8001, 13249|8092, 13254|8603, 13258|8700, 13265|8782, 13267|8861, 13273|8948, 13279|9030, 13283|9111, 13288|9198, 13291|9297, 13293|9380, 13294|9480, 13296|9575, 13299|9675, 13308|9781, 13312|9874, 13321|9988, 13327|10090, 13328|10208, 13333|10937, 13343|11031, org.zwanoo.android.speedtest, 
13346|2238, 13350|2355, 13351|2471, 13359|2671, 13360|2829, 13362|2951, 13364|3318, 13368|3704, 13369|3959, 13370|4054, 13371|4288, 13375|4388, 13380|4478, 13383|4564, 13385|4658, 13389|5257, 13394|5440, 13395|5529, 13411|5615, 13442|5702, 13449|5818, 13463|5909, 13493|6000, 13525|6099, 13531|6186, 13551|6275, 13553|6365, 13555|6450, 13556|7755, 13557|8029, 13558|8215, 13559|8527, 13563|8610, 13564|8688, 13566|9342, 13577|9472, 13584|9578, 13587|9738, 13588|9990, 13589|10150, 13592|10461, 13594|10579, 13604|10796, 13616|10908, 13624|11015, 13631|11168, 13662|11297, 13664|11464, org.mozilla.firefox, 
13665|2361, 13671|2453, 13674|2539, 13675|2638, 13676|10949, com.isis_papyrus.raiffeisen_pay_eyewdg, 
13678|1512, 13687|1669, 13695|1795, 13696|1928, 13698|2034, 13699|2131, 13700|2780, 13703|2854, 13707|2921, 13710|3005, 13715|3077, 13720|3143, 13722|3208, 13723|3275, 13724|3362, 13725|3492, 13729|3749, 13730|3839, 13732|5911, 13734|5995, 13740|6083, 13742|6172, 13746|6260, 13749|6333, 13750|6408, 13752|7265, 13755|7337, 13761|7405, 13770|7475, 13772|7548, 13774|7615, 13777|10795, 13782|10863, 13783|11878, 13784|11963, 13789|12074, 13791|12672, 13794|12746, 13804|12846, 13805|13096, com.airbnb.android, 
13807|1322, 13812|1496, 13814|1606, 13815|1692, 13829|1851, 13835|2015, 13839|2141, 13857|2343, 13864|2462, 13875|2574, 13876|2664, 13880|2899, 13881|3345, 13891|3436, 13897|3543, 13901|3633, 13902|3750, 13905|3861, 13908|4050, 13910|4173, 13911|6159, 13918|6320, 13920|6475, 13925|6570, 13928|6655, 13930|7611, 13935|7693, 13948|7781, 13949|7865, 13951|7955, 13953|8039, 13959|10872, 13967|10936, 13969|12188, 13974|12273, 13975|12906, 13979|13020, 13982|13114, 13983|13185, com.airbnb.android, 
13985|2363, 13987|2579, 13990|2763, 13991|2864, 13998|2977, 14000|3165, 14001|3500, 14004|3840, 14008|3952, 14014|4362, 14020|4497, 14022|4596, 14031|4701, 14037|4840, 14047|5021, 14053|5183, 14069|5339, 14077|5441, 14109|5617, 14117|5983, 14124|6678, 14125|6765, 14132|7311, 14134|7422, 14138|7674, 14141|8274, 14142|8441, 14148|10846, 14153|10938, 14155|11017, 14157|14001, de.zalando.mobile, 
14158|1, 14159|74, 14161|2240, 14163|2450, 14169|2549, 14170|2697, 14171|2797, 14173|2903, 14181|3051, 14182|3127, 14188|3237, 14190|3323, 14191|3437, 14192|3659, 14194|4026, 14200|4132, 14206|4244, 14214|4374, 14216|4483, 14222|4888, 14227|5012, 14230|5139, 14231|7858, 14234|7959, 14237|8034, 14239|8115, 14242|8600, 14245|8704, 14253|8782, 14257|8872, 14264|8963, 14270|9043, 14275|9131, 14278|9210, 14281|9290, 14283|9368, 14285|9450, 14286|9539, 14291|9642, 14299|9758, 14307|9873, 14314|10008, 14317|10124, 14322|10982, 14326|11064, 14332|11138, org.zwanoo.android.speedtest, 
14333|3626, 14348|3744, 14374|3883, 14379|4000, 14383|4116, 14388|4241, 14389|4344, 14390|5290, 14391|5370, 14393|5445, 14398|5538, 14399|5702, 14400|7971, 14401|8045, 14403|8122, 14407|8202, 14409|8268, 14415|8333, 14418|10093, 14426|10839, 14427|10941, org.chromium.chrome, 
14433|3166, 14447|3272, 14475|3402, 14476|3529, 14478|3647, 14485|3763, 14486|3840, 14487|4802, 14488|4868, 14490|4945, 14496|5111, 14497|7505, 14498|7577, 14500|7643, 14504|7725, 14506|7796, 14512|7861, 14515|9591, 14523|10829, 14524|10913, org.chromium.chrome, 
14525|1942, 14528|2085, 14532|2186, 14533|2309, 14535|2390, 14537|2458, 14538|2546, 14539|2620, 14540|2700, 14541|2776, 14543|2882, 14545|2980, 14550|3068, 14551|3170, 14553|3253, 14557|3347, 14558|3440, 14559|3637, 14561|3710, 14562|3792, 14563|5409, 14564|5518, 14565|9517, 14566|9590, 14568|11034, 14570|11105, com.duckduckgo.mobile.android, 
14571|2203, 14577|2327, 14580|2443, 14581|2524, 14582|10836, com.isis_papyrus.raiffeisen_pay_eyewdg, 
14584|2811, 14589|2897, 14591|2973, 14592|3117, 14594|3342, 14599|3465, 14603|3585, 14604|3693, 14607|3793, 14611|3900, 14612|4019, 14616|4155, 14625|4270, 14638|4368, 14643|4451, 14645|4898, 14648|5026, 14649|5207, 14650|5376, 14652|5479, 14653|6391, 14656|6495, 14659|6581, 14661|6660, 14662|6729, 14669|6799, 14678|6908, 14679|7299, 14682|7531, 14684|7599, 14694|7671, 14696|7736, 14702|7814, 14703|7879, 14704|8024, 14712|10801, 14721|10902, com.waze, 
14725|2553, 14729|2636, 14733|2755, 14735|2834, 14739|2939, 14742|3049, 14745|3228, 14751|3308, 14755|3383, 14757|3453, 14758|3535, 14759|3598, 14760|3694, 14762|10731, 14768|10816, 14769|11160, 14770|11511, org.indywidualni.fblite, 
14772|2208, 14774|2386, 14780|2539, 14781|2611, 14783|2761, 14784|3241, 14785|3693, 14789|3896, 14801|3966, 14804|4035, 14806|4098, 14808|4175, 14810|4282, 14822|4392, 14829|4468, 14833|4534, 14835|4609, 14840|5079, 14911|5205, 14912|5294, 14915|7350, 14916|7495, 14919|10718, 14927|10823, 14929|10895, 14930|12101, 14931|12177, 14937|12256, 14938|12329, 14939|12475, 14943|12551, 14944|12615, 14945|12779, 14948|12919, 14949|12983, 14950|13196, de.zalando.mobile, 
14951|1776, 14953|1863, 14957|1972, 14959|2081, 14962|2302, 14968|2373, 14970|2454, 14971|2528, 14972|2612, 14973|2989, 14976|3103, 14989|3218, 14996|3306, 14997|3427, 15000|3526, 15003|3711, 15009|3844, 15021|3941, 15023|4038, 15026|4130, 15027|4928, 15028|5198, 15029|6324, 15032|6392, 15036|6483, 15038|6593, 15039|6678, 15042|6830, 15055|6979, 15058|7097, 15063|7193, 15069|7304, 15073|7391, 15081|7529, 15090|7660, 15091|7812, 15093|8017, 15099|8106, 15103|8211, 15104|8303, 15109|8409, 15116|8525, 15122|8600, 15124|8744, 15128|8959, 15132|9024, 15144|10817, 15146|10891, 15155|10959, 15159|11025, de.mcdonalds.mcdonaldsinfoapp, 
15162|2401, 15166|2502, 15172|2612, 15177|2723, 15180|2834, 15182|2946, 15188|3044, 15192|3110, 15194|3179, 15195|3246, 15198|3316, 15206|10816, org.indywidualni.fblite, 
15207|2523, 15208|2591, com.whatsapp, 
15210|758, 15212|1197, 15230|2113, 15272|2260, 15294|2383, 15319|2595, 15345|2750, 15359|2861, 15360|3000, 15365|3079, 15366|6620, 15371|6778, 15376|6844, 15379|6911, 15382|6978, 15385|7041, 15388|7105, 15391|7176, 15394|7243, 15397|7306, 15399|7383, 15400|10745, 15429|10856, com.fsck.k9, 
15431|653, 15432|2308, 15435|2415, 15441|2516, 15446|2614, 15450|2695, 15452|2796, 15455|2917, 15465|3017, 15466|3090, 15469|3160, 15472|3230, 15474|10712, 15480|10790, 15483|12667, org.indywidualni.fblite, 
15486|1524, 15504|1727, 15506|1830, 15508|1961, 15511|2111, 15512|2476, 15513|2579, 15519|2664, 15521|2734, 15524|2811, 15527|2882, 15531|2957, 15535|3036, 15536|3214, 15540|3392, 15542|5651, 15544|5749, 15550|5861, 15552|5941, 15558|6019, 15561|6873, 15565|6950, 15577|7014, 15578|7083, 15580|7154, 15582|7226, 15586|10849, 15591|10927, 15592|12003, 15597|12123, 15598|12729, 15599|12813, 15601|12909, 15605|12994, 15609|13091, 15613|13165, com.airbnb.android, 
15615|1586, 15618|1891, 15620|2085, 15625|2182, 15626|2285, 15629|2382, 15630|2479, 15635|2606, 15639|2753, 15643|2870, 15649|2975, 15653|3101, 15655|3226, 15656|3444, 15666|3581, 15667|3790, 15668|3907, 15669|4035, 15677|4595, 15685|5151, 15687|5276, 15694|5703, 15695|5784, 15702|6352, 15703|6568, 15706|6639, 15708|10619, 15710|10829, com.duckduckgo.mobile.android, 
15711|1937, com.whatsapp, 
15712|1871, 15713|1933, 15715|2108, 15721|2302, 15722|2370, 15724|2506, 15725|2822, 15726|2894, 15727|2997, 15729|3096, 15733|3169, 15740|3270, 15742|3323, 15751|3400, 15759|3505, 15762|3572, 15770|3679, 15774|3767, 15785|3873, 15787|3961, 15788|4030, 15826|4109, 15829|4186, 15832|6651, 15833|6816, 15836|10251, 15842|10324, 15844|10385, 15846|10447, de.zalando.mobile, 
15847|2502, 15853|2571, 15864|2679, 15867|2743, 15869|2869, 15871|10464, 15875|10521, com.instagram.android, 
15876|1856, 15878|2072, 15884|2516, 15885|2589, 15887|2797, 15888|3006, 15890|3093, 15896|3170, 15899|3258, 15903|3319, 15909|3384, 15911|3469, 15915|3525, 15922|3620, 15925|3677, 15932|3738, 15934|3815, 15935|3960, 15957|4042, 15974|4132, 15976|4222, 15979|4382, 15980|4539, 15983|10085, 15991|10147, 15993|10255, de.zalando.mobile, 
15994|1199, 15995|1259, 16000|1357, 16002|1452, 16003|1522, 16011|1583, 16012|1644, 16013|1706, 16014|1797, 16016|1979, 16018|2090, 16027|2158, 16028|2208, 16033|2294, 16037|2386, 16040|2464, 16045|2542, 16052|2633, 16061|2709, 16064|2784, 16065|2848, 16066|2911, 16067|3299, 16068|3524, 16069|4232, 16071|4295, 16075|4350, 16076|4418, 16077|4484, 16078|4557, 16082|4639, 16092|4726, 16095|4814, 16098|4902, 16104|5008, 16110|5105, 16115|5233, 16120|5378, 16122|5510, 16124|5575, 16136|5662, 16139|5746, 16141|5817, 16146|5880, 16151|5931, 16152|5981, 16159|6031, 16163|6080, 16166|6135, 16167|6203, 16168|6559, 16181|10043, 16191|10092, 16193|10143, de.mcdonalds.mcdonaldsinfoapp, 
16194|1807, 16195|1881, 16200|1955, 16204|2033, 16205|2101, 16207|2184, 16208|2272, 16209|2350, 16212|2421, 16213|2477, 16215|2528, 16221|2584, 16224|2632, 16226|2737, 16227|2790, 16228|2852, 16230|9984, 16236|10040, org.indywidualni.fblite, 
16237|1386, 16238|1462, 16240|1526, 16244|1602, 16245|1689, 16249|1866, 16250|1946, 16254|2005, 16257|2057, 16258|2116, 16266|2180, 16269|2246, 16271|2367, 16272|2605, 16275|2994, 16280|3099, 16282|3251, 16283|3334, 16286|3413, 16292|3470, 16298|3531, 16299|3584, 16307|3638, 16313|3699, 16318|3829, 16322|3944, 16326|4039, 16337|4136, 16344|4245, 16345|4331, 16346|4390, 16350|4454, 16353|4508, 16354|4565, 16356|4734, 16357|9803, 16358|9974, 16365|10144, 16366|10196, 16368|10301, com.moshbit.studo, 
16372|1765, 16375|1843, 16380|2016, 16383|2162, 16385|2393, 16387|2960, 16391|3279, 16395|3387, 16400|3468, 16405|3542, 16407|3621, 16408|3778, 16411|3875, 16413|4171, 16420|4255, 16431|4321, 16453|4416, 16462|4493, 16493|4570, 16531|4664, 16542|4733, 16557|4802, 16561|4868, 16564|4927, 16565|4978, 16568|6097, 16569|6170, 16570|6501, 16574|6562, 16577|6623, 16579|7147, 16583|7258, 16592|7342, 16601|7429, 16603|7644, 16605|7769, 16606|7834, 16610|7907, 16617|7990, 16632|8057, 16646|8138, 16652|8202, 16663|8283, 16669|8363, 16675|8470, 16676|9410, 16677|9514, 16679|9724, 16681|9780, 16696|10323, 16710|10388, 16712|10601, org.mozilla.firefox, 
16713|1928, 16719|2453, 16754|2618, 16760|2748, 16764|2846, 16769|2937, 16770|3014, 16771|3780, 16772|3847, 16779|3976, 16780|4082, 16781|5668, 16782|5776, 16784|5830, 16789|5882, 16790|5993, 16792|6051, 16793|6120, 16794|6172, 16796|6336, 16797|6390, 16798|6454, 16799|6516, 16801|6862, 16802|6915, 16805|6971, 16807|7026, 16812|7093, 16814|7159, 16818|7212, 16821|9012, 16829|10055, 16830|10126, org.chromium.chrome, 
16831|2113, 16834|2199, 16837|2271, 16839|2327, 16840|2525, 16841|2621, 16844|2725, 16851|2800, 16852|2896, 16853|2976, 16857|3050, 16860|3122, 16861|3214, 16867|3311, 16873|3369, 16875|3428, 16876|3499, 16878|3784, 16879|3884, 16882|3946, 16887|4026, 16891|4083, 16894|4143, 16895|4294, 16897|4381, 16900|4866, 16901|4919, 16904|4973, 16906|5028, 16907|5143, 16914|5194, 16923|5256, 16924|5329, 16927|5714, 16929|5766, 16938|5817, 16939|5871, 16941|5925, 16948|5983, 16949|6034, 16950|6144, 16958|10028, 16967|10080, com.waze, 
16968|1877, 16973|2050, 16979|2148, 16982|2314, 16985|2417, 16987|2486, 16990|2552, 16996|2609, 16999|2655, 17001|2763, 17002|2819, 17004|2893, 17008|10117, 17012|10171, org.indywidualni.fblite, 
17013|1985, 17016|2067, 17018|2167, 17019|2425, 17023|2507, 17027|2592, 17029|2658, 17034|2730, 17050|2803, 17059|2897, 17060|2964, 17061|3258, 17062|3327, 17063|4894, 17066|4967, 17084|5061, 17111|5198, 17116|5312, 17118|5396, 17120|5486, 17133|5576, 17134|5768, 17136|5865, 17138|5941, 17141|6026, 17143|6104, 17144|6248, 17147|6741, 17155|6829, 17161|6965, 17163|7121, 17164|8291, 17176|8400, 17197|8498, 17220|8606, 17222|8692, 17223|8842, 17227|8922, 17229|8993, 17234|9094, 17253|9200, 17266|9300, 17277|9480, 17290|9560, 17293|10023, 17295|10106, 17303|10189, 17336|10283, 17350|10378, 17352|10469, 17365|10676, 17374|10732, 17375|10846, de.spiegel.android.app.spon, 
17376|2134, 17378|2212, 17381|2294, 17388|2379, 17392|2525, 17397|2656, 17398|2754, 17401|2839, 17402|2926, 17408|3018, 17416|3105, 17417|3228, 17418|3506, 17419|3596, 17420|3795, 17421|4591, 17454|4717, 17462|5206, 17463|5315, 17474|5390, 17475|5510, 17476|5569, 17481|10230, 17491|10299, 17493|12671, com.waze, 
17497|2071, 17506|2245, 17511|2392, 17517|2519, 17522|2610, 17526|2981, 17527|3060, 17529|10801, 17535|10870, 17536|12962, 17537|13031, 17539|13189, 17545|13339, de.pilot.newyorker.android, 
17546|92, 17548|171, 17552|247, 17553|316, 17554|394, 17557|464, 17559|544, 17574|700, 17575|845, 17577|5839, 17579|5904, 17581|5970, 17586|6116, 17590|6264, 17593|6332, 17595|6394, 17598|6465, 17600|6562, 17602|6641, 17604|10888, 17606|11046, 17608|11116, com.twitter.android, 
17609|1752, 17612|1825, 17615|1945, 17617|2066, 17623|2213, 17627|2303, 17630|2371, 17633|2443, 17639|2522, 17640|2594, 17641|2673, 17643|2750, 17644|2840, 17645|2911, 17647|3201, 17648|3272, 17650|3807, 17651|3926, 17653|4032, 17659|4145, 17662|4229, 17670|4303, 17676|4375, 17682|4482, 17685|4691, 17688|4839, 17702|5005, 17707|5119, 17715|5248, 17716|5335, 17718|5407, 17719|10511, 17728|10774, 17730|10911, com.moshbit.studo, 
17731|1888, 17736|1986, 17738|2104, 17739|2290, 17742|2960, 17748|3095, 17773|3296, 17781|3417, 17792|3657, 17794|3796, 17798|3891, 17799|3976, 17800|4069, 17804|4169, 17811|4256, 17812|4452, 17813|5938, 17814|6267, 17816|9335, 17824|9431, 17829|9514, 17832|9602, 17834|9727, 17835|10102, 17838|10242, 17840|10341, 17843|10445, 17846|10537, 17847|10769, 17857|11302, 17863|11392, 17865|11460, 17866|11783, 17868|11866, 17871|11937, 17872|12279, 17873|12350, 17874|12525, de.prosiebensat1digital.prosieben, 
17876|5232, 17877|5298, 17878|5368, 17883|5436, 17887|5582, 17890|5653, 17893|5726, 17894|5801, 17895|5869, 17898|5939, 17899|6005, 17901|10784, 17903|10942, 17905|11018, com.twitter.android, 
17908|1656, 17915|1796, 17925|1976, 17928|2162, 17931|2385, 17932|2890, 17935|2977, 17940|3052, 17942|3135, 17946|3207, 17952|3280, 17956|3359, 17957|3638, 17961|4121, 17962|4202, 17964|4369, 17965|6038, 17966|6127, 17973|6240, 17976|6333, 17979|6417, 17982|6514, 17984|7470, 17985|7540, 17989|7605, 18001|7673, 18002|7743, 18004|7809, 18006|7885, 18007|9398, 18017|10920, 18018|12209, 18023|12298, 18025|12911, 18026|12999, 18029|13091, 18030|13287, 18033|13365, com.airbnb.android, 
18034|1332, 18036|1508, 18037|1644, 18044|2337, 18045|2523, 18052|2802, 18053|3174, 18054|3343, 18056|3491, 18059|3794, 18060|3932, 18062|4538, 18063|4716, 18080|4887, 18085|5049, 18088|5284, 18090|5433, 18104|5534, 18139|5676, 18151|5851, 18199|5984, 18202|6098, 18210|6458, 18218|7307, 18221|8016, 18222|8158, 18230|8388, 18237|8534, 18240|8649, 18245|8784, 18249|8910, 18259|9275, 18275|9402, 18284|9530, 18295|9660, 18303|9795, 18307|9961, 18313|10430, 18330|10581, 18341|10681, 18344|10797, 18355|11059, 18365|11187, 18369|11326, 18371|11451, 18401|11549, 18403|11732, 18405|14071, 18406|14148, 18407|14217, org.mozilla.firefox, 
18408|1594, 18413|1723, 18415|1900, 18418|2053, 18422|2155, 18427|2248, 18428|2355, 18429|2618, 18434|2758, 18447|2875, 18449|2995, 18450|3148, 18451|3267, 18452|3372, 18458|3531, 18460|3630, 18475|3777, 18477|3892, 18479|3989, 18480|4578, 18481|4837, 18482|5749, 18488|5886, 18489|5988, 18491|6094, 18500|6246, 18507|6365, 18509|6449, 18510|6541, 18511|6632, 18512|6742, 18515|7127, 18520|7246, 18532|7364, 18533|7475, 18538|7593, 18543|7673, 18544|7780, 18548|7977, 18554|8065, 18555|8310, 18556|8536, 18578|10839, 18580|10907, 18582|10973, de.mcdonalds.mcdonaldsinfoapp, 
18584|2442, 18590|2545, 18592|2635, 18597|2709, 18599|2802, 18600|2941, 18604|3032, 18607|3118, 18615|3206, 18616|3273, 18618|3338, 18619|3412, 18622|3479, 18630|10784, org.indywidualni.fblite, 
18631|2194, 18634|2283, 18638|2374, 18642|2478, 18651|2581, 18655|2656, 18661|2751, 18664|2825, 18665|2903, 18668|2976, 18670|3054, 18671|3123, 18672|3189, 18673|6133, 18676|6227, 18692|6344, 18695|6529, 18701|6628, 18703|7490, 18705|7558, 18709|7623, 18715|8020, 18716|8117, 18718|8592, 18722|10841, 18726|10910, 18728|10976, com.paypal.android.p2pmobile, 
18731|1585, 18734|1676, 18738|1833, 18739|2071, 18743|2165, 18750|2304, 18752|2414, 18773|2650, 18778|2769, 18787|2972, 18790|3111, 18791|3193, 18795|3378, 18797|3558, 18800|3673, 18808|3783, 18809|3957, 18810|5122, 18811|5313, 18815|8646, 18817|8750, 18819|9083, 18820|9286, 18822|9381, 18826|9468, 18828|9568, 18829|9789, 18830|10759, 18831|10873, 18835|10990, 18850|11471, 18852|11543, 18853|11880, 18856|11972, 18859|12061, 18860|12241, 18861|12310, 18862|12484, de.prosiebensat1digital.prosieben, 
18866|2094, 18869|2210, 18871|2328, 18876|2447, 18877|2639, 18878|2786, 18879|2911, 18881|3110, 18884|3509, 18885|3601, 18886|3839, 18887|3940, 18888|4169, 18889|4407, 18896|4579, 18915|4672, 18939|4804, 18955|4920, 18997|5040, 19020|5137, 19029|5234, 19034|5346, 19039|5437, 19041|5514, 19042|7108, 19043|7192, 19044|7924, 19051|8107, 19056|8327, 19065|8419, 19072|8509, 19073|8686, 19075|8887, 19076|9055, 19082|9154, 19087|9239, 19094|9319, 19099|9400, 19107|9518, 19117|9644, 19123|9727, 19125|9879, 19129|10060, 19134|10129, 19138|10478, 19139|10639, 19140|10834, 19168|10927, 19170|11147, org.mozilla.firefox, 
19171|2478, 19172|2566, 19174|2794, 19180|2959, 19181|3037, 19183|3259, 19184|3504, 19185|4248, 19188|4325, 19194|4437, 19198|4506, 19204|4578, 19209|4684, 19213|4764, 19223|4888, 19230|4962, 19234|5045, 19235|5112, 19236|5209, 19305|5313, 19313|5429, 19316|8003, 19317|8154, 19328|10944, 19330|11017, de.zalando.mobile, 
19332|1992, 19338|2136, 19348|2272, 19355|2413, 19357|2516, 19360|3101, 19365|9615, 19368|10777, 19372|10853, 19373|12856, 19375|13015, 19381|13166, de.pilot.newyorker.android, 
19384|1, 19388|89, 19389|241, 19390|323, 19393|413, 19394|499, 19403|588, 19404|856, 19405|1090, 19406|1195, 19407|1306, 19408|2204, 19409|2299, 19411|2530, 19417|2672, 19418|2749, 19420|2898, 19421|3199, 19422|3748, 19425|3834, 19434|3927, 19440|3993, 19444|4073, 19446|4181, 19451|4272, 19463|4377, 19469|4455, 19470|4525, 19471|4607, 19528|4895, 19548|4983, 19551|5366, 19552|5507, 19557|10798, 19563|10870, 19565|10950, 19566|12228, 19567|12297, 19574|12367, 19576|12587, 19578|12660, 19580|12751, 19581|12817, 19585|13186, 19586|13327, de.zalando.mobile, 
19587|2275, 19588|2354, 19590|2442, 19592|2521, 19593|2613, 19594|2765, 19598|2912, 19602|2993, 19604|3060, 19609|3131, 19632|3221, 19633|3296, 19634|3367, 19635|3957, 19636|4058, 19637|5778, 19646|5875, 19677|5979, 19687|6100, 19690|6215, 19691|6519, 19693|6604, 19694|6733, 19696|7818, 19698|7917, 19701|8008, 19704|8102, 19705|8199, 19706|9870, 19729|10008, 19730|10852, 19731|10970, 19736|11131, 19743|11198, 19744|11264, 19745|11333, de.spiegel.android.app.spon, 
19747|2270, 19749|2451, 19755|2598, 19756|2684, 19758|2842, 19760|3109, 19764|3189, 19766|3287, 19767|3802, 19768|4186, 19776|4343, 19789|4468, 19795|4610, 19802|4674, 19804|4779, 19805|4846, 19806|4938, 19809|5252, 19812|5353, 19817|5449, 19819|5530, 19820|5604, 19821|5853, 19822|8252, 19825|8369, 19829|8465, 19830|8539, 19832|8852, 19835|8951, 19839|9037, 19846|9119, 19849|9200, 19858|9288, 19862|9367, 19867|9449, 19870|9537, 19873|9632, 19875|9719, 19877|9815, 19878|9915, 19888|10043, 19893|10140, 19897|10236, 19906|10342, 19909|10445, 19910|10565, 19915|10995, 19925|11080, org.zwanoo.android.speedtest, 
19926|2182, 19930|2271, 19931|2351, 19932|2601, 19934|2679, 19940|2775, 19942|2846, 19947|2928, 19970|3000, 19971|3090, 19972|3163, 19973|3492, 19974|3679, 19975|5305, 19983|5416, 20028|5531, 20029|7358, 20033|7540, 20036|7641, 20038|7743, 20039|8573, 20040|8724, 20041|9151, 20043|9344, 20044|9447, 20069|9592, 20070|9746, 20071|10364, 20075|10484, 20084|10628, 20111|10753, 20118|10847, 20123|11281, 20126|11361, 20127|11429, de.spiegel.android.app.spon, 
20131|1472, 20144|1623, 20146|1724, 20147|1841, 20150|2006, 20152|2422, 20154|2502, 20159|2568, 20162|2638, 20171|2748, 20173|2819, 20174|2958, 20176|3072, 20180|3481, 20181|3569, 20182|4821, 20183|5360, 20186|5490, 20192|5602, 20198|5738, 20200|5815, 20201|6847, 20203|6920, 20207|7005, 20220|7076, 20221|7146, 20223|7215, 20225|7281, 20226|9947, 20232|10833, 20237|10932, 20239|11841, 20244|11946, 20246|12541, 20247|12610, 20250|12719, 20256|12836, 20260|12906, com.airbnb.android, 
20264|407, 20265|514, 20267|1063, 20268|1194, 20269|1311, 20272|2054, 20276|2208, 20278|2368, 20289|2567, 20291|2964, 20293|3166, 20294|3311, 20298|3484, 20299|3651, 20308|3834, 20309|4111, 20311|4364, 20314|4620, 20323|4770, 20324|4862, 20350|4986, 20372|5132, 20382|5259, 20435|5397, 20471|5520, 20490|5679, 20496|5819, 20497|5924, 20504|6030, 20505|6156, 20513|7009, 20515|7508, 20522|7897, 20523|8207, 20534|8353, 20540|8739, 20548|8857, 20555|8971, 20556|9103, 20559|9279, 20564|9682, 20571|9782, 20573|9911, 20584|10049, 20597|10200, 20612|10338, 20615|10589, 20621|10735, 20651|11188, 20653|11502, org.mozilla.firefox, 
20655|2175, 20662|2321, 20663|2411, 20675|2521, 20681|2650, 20686|2786, 20690|2933, 20691|3065, 20693|5982, 20699|6076, 20711|6160, 20716|6358, 20722|6458, 20726|7465, 20730|7533, 20739|8099, 20741|8664, 20751|10754, 20753|10890, com.paypal.android.p2pmobile, 
20754|1920, 20755|2004, 20760|2148, 20764|2282, 20765|2387, 20767|2463, 20773|2604, 20774|2672, 20776|2831, 20777|3004, 20780|4858, 20783|4953, 20792|5032, 20803|5110, 20805|5171, 20811|5391, 20812|5576, 20813|5858, 20819|10974, 20823|11039, 20825|11147, 20826|11409, 20827|11495, 20832|11624, 20833|12494, 20834|12633, 20835|12769, com.tripadvisor.tripadvisor, 
20836|2365, 20842|2480, 20845|2612, 20846|2722, 20847|10765, com.isis_papyrus.raiffeisen_pay_eyewdg, 
20848|3669, 20871|3852, 20893|4014, 20895|4341, 20897|4448, 20902|4540, 20903|4627, 20904|5929, 20907|6023, 20912|6177, 20915|6384, 20917|7672, 20918|7742, 20919|7882, 20920|7952, 20921|8026, 20923|8099, 20927|8169, 20929|8257, 20933|8323, 20936|10109, 20944|11013, 20945|11113, 20946|12312, 20947|12388, org.chromium.chrome, 
20948|1819, 20951|1916, 20955|2029, 20956|2130, 20958|2236, 20960|2309, 20967|2411, 20968|2572, 20970|2934, 20978|3034, 20984|3127, 20992|3227, 20995|3315, 20996|3390, 20997|3557, 20999|3677, 21001|3760, 21009|3888, 21017|4005, 21018|4102, 21020|4190, 21021|4786, 21022|5042, 21023|6013, 21024|6083, 21030|6172, 21032|6274, 21033|6358, 21034|6569, 21044|6687, 21049|6800, 21052|6899, 21055|7011, 21056|7497, 21059|7645, 21063|7755, 21064|7858, 21075|7991, 21082|8100, 21085|8227, 21086|8434, 21092|8501, 21094|8638, 21095|8851, 21106|10842, 21119|10906, 21121|10978, de.mcdonalds.mcdonaldsinfoapp, 
21125|1668, 21129|1740, 21131|1859, 21132|1964, 21134|2104, 21140|2234, 21163|2404, 21170|2640, 21172|2738, 21180|2845, 21181|2959, 21185|3071, 21189|3560, 21193|3660, 21195|3751, 21198|3857, 21207|3957, 21208|5023, 21209|5288, 21213|8390, 21215|8673, 21217|9039, 21219|9125, 21223|9207, 21225|9289, 21227|10586, 21230|10705, 21232|10820, 21250|11048, 21252|11139, 21253|11449, 21258|11537, 21259|11871, 21260|11961, 21261|12061, de.prosiebensat1digital.prosieben, 
21262|2109, 21266|2198, 21270|2286, 21274|2367, 21276|2445, 21285|2518, 21289|2582, 21295|2728, 21296|2794, 21297|2861, 21300|2943, 21301|3013, 21303|5748, 21319|5874, 21321|5968, 21328|6070, 21332|7093, 21335|7156, 21336|7509, 21341|7612, 21342|7852, 21346|9956, 21350|10710, 21356|10794, 21358|10877, com.paypal.android.p2pmobile, 
21359|3047, 21365|3135, 21375|3222, 21378|3303, 21379|3759, 21380|10026, 21381|10161, 21383|10957, 21387|11031, 21388|11859, 21389|12004, 21395|12075, 21396|12148, 21397|12362, 21398|12431, 21400|12506, 21403|12579, 21404|12647, 21405|12788, 21407|13025, 21408|13103, 21409|13309, com.instagram.android, 
21410|2017, 21415|2109, 21417|2221, 21418|2416, 21422|2529, 21424|2616, 21430|2707, 21431|2778, 21441|2857, 21443|3013, 21444|3249, 21446|3606, 21447|3679, 21449|4097, 21450|4185, 21451|4290, 21453|4386, 21456|4476, 21465|4566, 21469|4637, 21483|4712, 21494|4785, 21495|4985, 21498|5087, 21501|5209, 21519|5406, 21523|5517, 21535|5648, 21537|5737, 21541|5815, 21543|5887, 21544|5969, 21552|10955, 21554|11096, com.moshbit.studo, 
21557|1726, 21562|1913, 21563|2013, 21564|2091, 21566|2155, 21570|2229, 21571|2292, 21572|2590, 21574|8448, 21578|8520, 21579|8611, 21586|8769, 21587|8962, 21588|9050, 21589|9250, 21590|9436, 21592|9897, 21594|10800, 21598|10862, com.tripadvisor.tripadvisor, 
21599|1679, 21602|1753, 21605|1862, 21607|1992, 21611|2126, 21613|2223, 21619|2298, 21629|2446, 21630|2520, 21632|2695, 21633|2877, 21635|3186, 21636|3342, 21638|3781, 21639|3876, 21643|3969, 21647|4062, 21651|4154, 21658|4219, 21665|4283, 21668|4369, 21672|4571, 21675|4717, 21682|4836, 21688|4969, 21702|5085, 21703|5201, 21704|5287, 21705|5363, 21709|10826, 21713|10906, 21715|11006, com.moshbit.studo, 
21731|2200, 21764|2306, 21792|2435, 21828|2641, 21850|2823, 21857|2903, 21860|3007, 21861|3173, 21866|3249, 21867|7902, 21872|8039, 21876|8105, 21877|8173, 21880|8235, 21884|8304, 21887|8370, 21890|8453, 21893|8515, 21896|8582, 21900|8649, 21902|8723, 21912|10824, 21930|10909, 21932|13608, com.fsck.k9, 
21934|1551, 21936|2031, 21943|2169, 21947|2249, 21952|2397, 21956|2464, 21966|2535, 21968|2600, 21972|2729, 21973|3191, 21974|3264, 21976|5657, 21980|5739, 21992|5842, 21993|5946, 21995|6051, 22001|6133, 22005|7085, 22008|7144, 22009|7209, 22011|7492, 22016|7569, 22020|8033, 22030|10853, 22032|10991, 22037|12828, com.paypal.android.p2pmobile, 
22048|1988, 22065|2076, 22096|2209, 22109|2325, 22131|2447, 22146|2572, 22156|2658, 22165|2745, 22174|2838, 22179|2926, 22184|3023, 22188|3106, 22190|3207, 22191|6459, 22196|6525, 22197|6597, 22200|6666, 22203|6744, 22205|6815, 22208|6884, 22211|6955, 22214|7029, 22217|7127, 22220|7196, 22222|7273, 22223|10668, 22224|10779, 22236|10896, 22252|10980, com.fsck.k9, 
22253|1750, 22259|1962, 22262|2122, 22266|2250, 22272|2358, 22274|2454, 22283|2545, 22284|2628, 22286|2779, 22287|2986, 22289|3282, 22290|3354, 22293|3810, 22294|3924, 22296|4021, 22299|4120, 22305|4197, 22312|4284, 22320|4348, 22324|4448, 22327|4665, 22331|4828, 22335|4922, 22348|5086, 22362|5222, 22363|5404, 22364|10494, 22365|10647, 22370|10771, 22373|10840, 22375|10910, com.moshbit.studo, 
22376|1994, 22382|2120, 22385|2204, 22386|2286, 22397|2356, 22405|2457, 22406|2564, 22409|2633, 22411|2699, 22412|2761, 22414|2829, 22416|3715, 22418|5660, 22432|5748, 22434|5846, 22435|5947, 22441|6037, 22443|6133, 22447|7106, 22450|7172, 22455|7695, 22457|7781, 22458|7995, 22462|10697, 22468|10767, 22470|10903, com.paypal.android.p2pmobile, 
22472|1930, 22492|2033, 22529|2152, 22548|2263, 22567|2409, 22590|2506, 22608|2603, 22617|2681, 22623|2750, 22624|6485, 22629|6548, 22630|6614, 22633|6676, 22635|6746, 22638|6816, 22640|6882, 22643|6952, 22647|7026, 22651|7104, 22652|7167, 22654|7231, 22656|7303, 13498|7953, 13526|10813, com.fsck.k9, 
13527|3074, 13542|3212, 13574|3378, 13575|3459, 13577|3558, 13583|3695, 13587|3814, 13589|3885, 13594|3967, 13595|4046, 13596|7516, 13599|7592, 13602|7661, 13605|7752, 13609|7832, 13612|9630, 13620|10799, 13621|10901, org.chromium.chrome, 
13622|1955, 13625|2047, 13630|2123, 13633|2264, 13636|2336, 13646|2401, 13650|2470, 13651|2536, 13653|2599, 13655|2669, 13656|2815, 13658|5604, 13665|5716, 13677|5808, 13685|5929, 13689|6972, 13692|7032, 13693|7326, 13695|7395, 13698|7651, 13699|7731, 13703|10784, 13709|10852, 13711|10919, 13713|13730, com.paypal.android.p2pmobile, 
13714|1656, 13717|1744, 13721|1825, 13722|1935, 13724|2028, 13725|2104, 13732|2178, 13734|2255, 13735|2352, 13736|2676, 13740|2769, 13751|2863, 13758|2957, 13761|3056, 13762|3145, 13764|3362, 13769|3489, 13781|3577, 13783|3679, 13785|3766, 13787|3873, 13788|4372, 13789|4602, 13790|5518, 13793|5689, 13797|5772, 13798|5848, 13801|5952, 13816|6058, 13818|6187, 13820|6305, 13823|6436, 13834|6550, 13844|6890, 13853|7020, 13854|7152, 13856|7249, 13863|7320, 13866|7416, 13872|7522, 13875|7625, 13888|7745, 13890|7835, 13891|7926, 13892|8147, 13903|10884, 13915|10953, 13917|11040, 13918|12044, 13919|12125, de.mcdonalds.mcdonaldsinfoapp, 
13921|2173, 13923|4752, 13925|4909, 13927|5731, 13929|5795, 13931|5863, 13936|5941, 13937|6085, 13941|6152, 13944|6220, 13946|6283, 13949|6353, 13950|6429, 13952|6575, 13954|10843, 13956|10919, 13958|10989, com.twitter.android, 
13970|2211, 13977|2366, 13987|2516, 13990|3066, 13996|10861, 13997|13137, 13998|13206, 14000|13358, 14006|13513, de.pilot.newyorker.android, 
14007|170, 14009|264, 14013|337, 14014|475, 14015|554, 14019|624, 14021|784, 14022|925, 14023|997, 14028|1065, 14031|1144, 14032|1709, 14034|1791, 14038|1913, 14039|2050, 14044|2189, 14049|2289, 14051|2400, 14061|2514, 14063|2667, 14064|3113, 14066|3191, 14068|3268, 14070|3787, 14071|3868, 14072|3981, 14075|4060, 14079|4156, 14082|4221, 14087|4290, 14097|4363, 14104|4439, 14107|4504, 14108|4701, 14113|4773, 14115|4918, 14124|5000, 14125|5152, 14128|5223, 14129|5313, 14130|5856, 14138|5971, 14145|6121, 14154|6220, 14156|6795, 14157|6947, 14160|9173, 14164|10836, 14168|10909, 14170|11051, com.moshbit.studo, 
14171|2312, 14173|2405, 14178|2501, 14180|2601, 14181|2690, 14182|10808, com.isis_papyrus.raiffeisen_pay_eyewdg, 
14183|1825, 14188|1928, 14196|2073, 14200|2210, 14207|2334, 14209|2707, 14210|2794, 14214|10742, 14220|10817, 14222|10885, 14224|13001, 14225|13164, 14226|13239, 14232|13322, 14233|13908, 14235|13977, de.pilot.newyorker.android, 
14239|1, 14242|101, 14243|214, 14245|322, 14259|426, 14260|541, 14261|641, 14262|844, 14263|2512, 14265|2609, 14275|2699, 14282|2781, 14283|2852, 14285|2995, 14287|10959, 14291|11029, com.instagram.android, 
14292|2367, 14293|2442, 14295|2597, 14301|2912, 14302|2996, 14306|3181, 14309|3269, 14314|3345, 14315|3424, 14317|3506, 14322|3586, 14323|3654, 14324|3717, 14325|3872, 14327|4314, 14329|4391, 14333|4464, 14341|4584, 14347|4656, 14349|4848, 14352|5145, 14360|5245, 14362|5336, 14363|5416, 14364|8071, 14367|8154, 14370|8238, 14372|8319, 14375|8683, 14378|8791, 14384|8865, 14390|8951, 14398|9040, 14404|9135, 14408|9213, 14411|9291, 14415|9372, 14417|9452, 14418|9553, 14420|9636, 14422|9734, 14432|9823, 14435|9917, 14439|10006, 14447|10093, 14450|10182, 14452|10300, 14457|11528, 14467|11611, 14469|12406, 14471|12478, org.zwanoo.android.speedtest, 
14473|1313, 14474|1575, 14477|1647, 14480|1733, 14481|1870, 14490|2028, 14495|2170, 14517|2441, 14520|2540, 14522|2630, 14526|2762, 14533|2862, 14538|3048, 14541|3248, 14547|3341, 14548|3442, 14549|3538, 14551|3630, 14552|4825, 14553|5121, 14555|7654, 14561|7736, 14568|7820, 14571|7905, 14573|8034, 14574|8288, 14575|8401, 14577|8479, 14581|8579, 14583|8656, 14587|9810, 14589|9987, 14590|10355, 14591|10835, 14594|10984, 14601|11085, 14605|11231, 14624|11336, 14626|11474, de.prosiebensat1digital.prosieben, 
14627|2014, 14633|2154, 14635|2281, 14644|2414, 14645|2829, 14646|2963, 14648|3291, 14651|3617, 14652|3724, 14653|3952, 14654|4075, 14655|4340, 14659|4521, 14666|4637, 14676|4743, 14693|4835, 14716|4949, 14726|5069, 14762|5168, 14791|5258, 14811|5361, 14827|5448, 14829|5549, 14832|5656, 14833|5752, 14836|7203, 14837|7285, 14838|8005, 14843|8204, 14845|8423, 14849|8518, 14857|8624, 14864|8708, 14865|8788, 14866|8893, 14867|9004, 14871|9157, 14873|9281, 14877|9426, 14889|9539, 14895|9650, 14896|9754, 14902|9858, 14911|9951, 14916|10043, 14920|10204, 14925|10278, 14926|10787, 14941|11013, 14956|11087, 14958|11241, org.mozilla.firefox, 
14961|2504, 14971|2585, 14978|2688, 14980|3204, 14981|3781, 14982|8977, 14988|10812, com.instagram.android, 
14989|2102, 14995|2301, 14996|2396, 14998|2488, 14999|2559, 15000|10766, com.isis_papyrus.raiffeisen_pay_eyewdg, 
15001|1661, 15003|1743, 15007|1836, 15008|1936, 15009|2045, 15010|2134, 15014|4419, 15016|4495, 15022|4562, 15024|4646, 15025|4931, 15026|10596, 15028|10698, 15035|10821, 15043|10891, com.tripadvisor.tripadvisor, 
15049|1960, 15071|2090, 15085|2240, 15105|2354, 15114|2457, 15132|2562, 15150|2658, 15168|2798, 15184|2906, 15190|3013, 15194|3179, 15195|3469, 15198|3635, 15199|6955, 15200|7164, 15201|7241, 15204|7758, 15205|8124, 15210|8244, 15216|8389, 15219|8501, 15223|8615, 15228|8696, 15231|8770, 15234|8845, 15236|8969, 15264|11040, com.fsck.k9, 
15265|2101, 15267|2182, 15271|2287, 15274|2387, 15275|2465, 15276|10810, com.isis_papyrus.raiffeisen_pay_eyewdg, 
15277|2575, 15289|2784, 15294|2864, 15296|2949, 15297|3381, 15298|10856, 15303|10945, com.instagram.android, 
15304|1615, 15305|1682, 15310|1794, 15311|1910, 15312|1992, 15313|2156, 15316|4178, 15321|4280, 15325|4343, 15327|4425, 15328|4723, 15329|10356, 15332|10470, 15334|10567, 15341|10680, 15344|10814, 15351|10881, com.tripadvisor.tripadvisor, 
15353|1923, 15400|2075, 15426|2224, 15451|2373, 15474|2476, 15492|2581, 15504|2659, 15506|2742, 15507|6360, 15511|6424, 15512|6492, 15515|6561, 15518|6624, 15520|6707, 15522|6778, 15525|6847, 15528|6912, 15531|6980, 15535|7072, 15537|7132, 15539|7198, 15540|7285, 15541|10654, 15543|10776, 15546|10869, 15574|10992, com.fsck.k9, 
15575|1676, 15580|1774, 15582|1991, 15583|2227, 15586|4240, 15588|4336, 15592|4405, 15596|4474, 15597|4542, 15598|5010, 15603|9791, 15605|10595, 15609|10700, 15619|10832, 15623|10906, 15626|11055, com.tripadvisor.tripadvisor, 
15629|2144, 15633|2249, 15636|2347, 15637|2431, 15638|10787, com.isis_papyrus.raiffeisen_pay_eyewdg, 
15639|1671, 15645|1765, 15647|2015, 15648|2196, 15652|4190, 15654|4311, 15658|4380, 15662|4456, 15663|4522, 15664|4822, 15665|10344, 15670|10554, 15671|10627, 15677|10703, 15680|10828, 15687|10891, com.tripadvisor.tripadvisor, 
15689|5147, 15691|5211, 15693|5278, 15694|5344, 15698|5431, 15702|5533, 15705|5598, 15708|5660, 15709|5733, 15712|5807, 15713|5878, 15714|5951, 15716|10731, 15718|10884, 15720|10955, com.twitter.android, 
15721|1678, 15724|1800, 15727|1905, 15728|2014, 15729|2111, 15730|2263, 15734|4273, 15736|4361, 15739|4427, 15744|4511, 15745|4789, 15746|10511, 15749|10631, 15756|10753, 15767|10815, com.tripadvisor.tripadvisor, 
15768|1570, 15770|1653, 15774|1766, 15776|1866, 15777|1978, 15780|4229, 15782|4329, 15785|4392, 15789|4455, 15791|4518, 15792|4810, 15793|10004, 15796|10100, 15798|10182, 15805|10251, 15810|10520, 15812|10573, com.tripadvisor.tripadvisor, 
15814|4249, 15816|4370, 15821|4433, 15822|4551, 15827|4607, 15829|4660, 15830|4711, 15833|4829, 15835|5002, 15837|8179, 15839|10271, 15841|10333, 15843|10446, com.twitter.android, 
15845|4295, 15847|4406, 15852|4463, 15853|4582, 15859|4659, 15861|4712, 15863|4817, 15866|4882, 15868|4966, 15870|10304, 15872|10427, 15874|10488, 15876|12130, com.twitter.android, 
15878|4289, 15880|4395, 15885|4451, 15886|4580, 15890|4633, 15894|4691, 15896|4801, 15899|4867, 15901|4990, 15902|5456, 15903|6768, 15905|10254, 15907|10314, 15909|10392, com.twitter.android, 
