||class android.net.TrafficStats:public static long android.net.TrafficStats.getTotalRxBytes()
38191184|1, 38195049|150, 38195152|548, 38195463|759, 38200628|854, 38200731|988, 38200835|1090, 38202984|1463, 38204324|1551, 38204405|1641, 38204547|1738, 38208196|1824, 38225208|1947, 38227228|2047, 38229799|2137, 38251660|2237, 38252048|2313, 38253267|2415, 38253319|2484, 38253449|3384, 38258223|3627, 38259744|3697, 38259796|3769, 38267912|4669, 38268757|4771, 38269572|4880, 38270323|5154, 38271169|5389, 38271289|5492, 38279194|5603, 38284011|5693, 38284520|5771, 38292350|5844, 38294030|5978, 38294082|6053, 38294408|7003, 38294751|7619, 38295309|7697, 38295444|7877, 38295600|9426, 38296171|9539, org.mozilla.firefox, 
38296509|1184, 38302278|1281, 38302614|1358, 38302666|1427, 38303007|1523, 38303239|1662, 38303447|1993, 38307803|2044, 38308664|2100, 38308958|2158, 38309087|2208, 38309214|2254, 38309326|2311, 38316473|2364, 38316767|2419, 38316819|2476, 38316871|2687, 38317631|2779, 38320633|2831, 38320778|4988, 38326303|5126, 38326629|5250, 38331125|5306, 38331376|5360, 38331496|5838, 38332213|5942, 38332317|5995, 38332900|6050, 38333151|6162, 38333608|10056, 38333790|11242, 38337186|11311, 38337301|11824, 38337611|11886, 38342368|11952, com.airbnb.android, 
38342730|1070, 38343526|1179, 38343586|1387, 38346982|1497, 38347344|1587, 38348486|1663, 38354036|2202, 38359548|2297, 38381422|2419, 38381917|2615, 38381977|2733, 38384962|2830, 38391005|2938, 38391057|3026, 38391976|3125, 38393231|3282, 38394334|3375, 38399181|3487, 38399389|3736, 38399649|4401, 38400013|4984, 38400065|5069, 38400625|5236, 38400937|5752, 38401428|5986, 38401602|6844, 38405038|6973, 38405681|7094, 38405864|7193, 38405916|7291, 38406146|8060, 38408790|8155, 38408893|8348, 38409491|8483, 38409603|8959, 38413578|9078, 38413813|9212, 38413865|9302, 38413977|10137, 38416724|10254, 38417171|10400, 38417306|10470, 38417642|12245, 38417694|12433, 38418789|12495, de.prosiebensat1digital.prosieben, 
38418945|1031, 38419516|1118, 38419895|2983, 38442848|3143, 38442930|3483, 38447374|3571, 38447582|3643, 38447660|4819, 38452102|4938, 38452310|5088, 38452386|7384, 38452446|7432, 38455178|7491, 38456052|7544, 38456388|7592, 38457613|7638, 38457665|7741, 38458061|9490, 38458113|10067, 38458686|10123, org.chromium.chrome, 
38458746|1556, 38462143|1621, 38462453|1703, 38462505|1794, 38463976|1905, 38464036|1977, 38467203|2031, 38467634|2150, 38474279|2223, 38474331|2294, 38474434|2411, 38475922|2586, 38476180|2649, 38476240|2823, 38482641|3013, 38482848|3184, 38485939|3259, 38487144|3339, 38487988|3421, 38489440|3475, 38491149|3539, 38494681|3614, 38495198|3665, 38509088|3721, 38516595|3808, 38516734|3868, 38516786|3921, 38520148|3999, 38520446|4062, 38535876|4120, 38539591|4190, 38539767|4307, 38539827|4357, 38543337|4420, 38543608|4531, 38544571|4653, 38544881|4823, 38545288|4947, 38549983|5050, 38550634|5127, 38551284|5201, 38551336|5249, 38551504|5774, 38551783|10136, 38552053|10246, com.moshbit.studo, 
38552568|1739, 38563573|1837, 38600908|1967, 38606595|2125, 38611940|2234, 38615492|2320, 38615915|2419, 38622396|2599, 38625686|3115, 38625738|5991, 38626694|6049, 38626746|6100, 38634286|6592, 38637919|6902, 38642453|6996, 38647960|7121, 38652505|7208, 38656086|7280, 38660640|7338, 38661594|7397, 38666081|7458, 38670558|7522, 38679460|7588, 38680700|10183, com.fsck.k9, 
38680875|2410, 38691477|2483, 38692344|2545, 38692663|2595, 38692715|2649, 38694465|2705, 38694903|10306, com.instagram.android, 
38695101|1576, 38695161|1784, 38701472|1986, 38701532|2054, 38705916|2116, 38706371|2211, 38706555|2291, 38721711|2404, 38730479|2526, 38731441|2652, 38733565|2757, 38733617|2826, 38733729|2911, 38740809|3086, 38740912|3322, 38741133|3785, 38741538|10109, 38741808|10211, 38742066|12120, 38742126|12361, 38748359|12476, 38748419|12871, de.pilot.newyorker.android, 
38752803|1, 38753339|229, 38765046|337, 38766986|399, 38767207|583, 38767397|1842, 38767457|1936, 38767509|1998, 38769440|2061, 38769612|2343, 38771472|2427, 38784384|2484, 38828251|2549, 38844808|2613, 38844912|3514, 38845036|4529, 38845216|4597, 38878800|4667, 38900241|4766, 38900672|4849, 38900885|5042, 38924787|5118, 38924899|5244, 38925301|5310, 38925708|5389, 38926175|5463, 38926582|5542, 38931556|6076, 38931700|6339, 38932401|6419, 38946361|6779, 38946413|7397, 38946648|7986, 38947235|8080, 38959667|8337, 38981898|8430, 39034121|8503, 39044951|8593, 39045297|9142, 39072036|9265, 39079193|9356, 39079245|9440, 39081150|9540, 39110188|9640, 39111145|9749, 39111998|9862, 39112293|9981, 39118291|10080, 39122622|10179, 39153571|10319, 39154299|10429, 39154351|10479, 39154403|10534, de.spiegel.android.app.spon, 
39154477|1769, 39159244|1864, 39160469|2019, com.isis_papyrus.raiffeisen_pay_eyewdg, 
39160577|1573, 39163369|1684, 39164536|1775, 39164967|1864, 39165518|1932, 39165570|1983, 39166083|2040, 39166787|2163, 39167249|2315, 39171665|2403, 39171767|2482, 39172198|2577, 39174938|2671, 39175399|2973, 39175860|3138, 39176361|4331, 39176465|10172, com.duckduckgo.mobile.android, 
39176525|1663, 39178129|1739, 39178508|1806, 39178568|2107, 39180052|2167, 39180548|2234, 39192980|2297, 39253918|2371, 39254022|3235, 39254202|4150, 39296366|4229, 39308870|4318, 39308930|5836, 39310290|5910, 39310402|5978, 39310918|6052, 39311071|6359, 39329462|6447, 39342037|6894, 39357638|6973, 39358489|7067, 39362024|7528, 39390998|7616, 39397985|7702, 39398331|7768, 39398451|7842, 39398541|7916, 39398804|8079, 39399407|8162, 39400312|8325, 39406987|8489, 39411241|8586, 39442864|8671, 39443179|8749, 39443671|8897, 39473186|9062, 39473238|9171, 39474195|9256, 39474477|9642, 39481012|9749, 39485202|9860, 39486840|9944, 39492677|10052, 39492729|10148, 39495517|10269, 39498748|10379, 39499112|10491, 39499164|10596, de.spiegel.android.app.spon, 
39499362|1674, 39499502|1813, 39499562|1877, 39509718|1940, 39510044|2074, 39511312|2191, 39511364|2241, 39511476|2295, 39516841|2366, 39517096|2415, 39517422|2466, 39518056|2524, 39518168|2586, 39518220|2642, 39524453|2776, 39524556|2971, 39524777|3377, 39524931|4753, 39525051|4829, 39538619|4913, 39543035|5074, 39545463|5141, 39545779|5515, 39545839|5594, 39549628|5676, 39549922|5805, 39551052|5916, 39551156|5968, 39551208|6019, 39551828|6176, 39553552|6298, 39557227|6456, 39557847|6554, 39558393|6903, 39558433|6951, 39558516|9104, 39558921|10266, 39559191|10372, com.paypal.android.p2pmobile, 
39559764|104, 39559816|934, 39564528|1646, 39568860|1765, 39569932|1841, 39571688|1910, 39571792|1980, 39573060|2444, 39573465|10158, 39573723|12211, 39573783|12509, 39580016|12619, de.pilot.newyorker.android, 
39580076|1, 39584460|63, 39584812|229, 39584996|299, 39585151|466, 39595612|521, 39598747|599, 39598968|661, 39599133|2039, 39602965|2159, 39603149|2252, 39607431|2352, 39607505|2446, 39607872|2533, 39608055|2605, 39612090|2684, 39612407|2750, 39612821|2802, 39612892|2858, 39613090|2907, 39613584|2972, 39614050|10069, org.indywidualni.fblite, 
39614172|1476, 39617629|1549, 39617939|1649, 39619134|1737, 39619223|1804, 39624695|1874, 39625454|1940, 39625790|1997, 39626423|2069, 39626744|2300, 39632523|2371, 39632583|2449, 39636014|2535, 39636169|2602, 39636795|2668, 39636847|2726, 39638827|2819, 39638887|2904, 39642307|2972, 39642410|3052, 39644567|3122, 39644777|3196, 39652140|3263, 39652438|3333, 39653056|3399, 39653160|3831, 39660517|3911, 39661533|4006, 39676191|4100, 39676356|4776, 39699283|4866, 39699619|4985, 39699752|5073, 39706792|5169, 39710672|5266, 39711318|5339, 39712407|5446, 39715805|5514, 39716141|5583, 39716875|5722, 39717043|5796, 39717095|5967, 39717568|6257, 39723380|6376, 39723457|6544, 39724414|6676, 39727146|6780, 39731647|6866, 39731707|6935, 39732379|7012, 39732653|7067, 39737076|7130, 39738280|7183, 39738721|7234, 39739326|7461, 39739470|10350, 39739948|10398, 39740083|10453, 39740187|10504, de.mcdonalds.mcdonaldsinfoapp, 
39740322|1308, 39740382|2319, 39743777|2420, 39744799|2517, 39746260|2644, 39749209|2824, 39752158|2899, 39755107|3010, 39758167|3086, 39758671|3172, 39761680|3250, 39762275|3383, 39762560|3762, 39762768|3831, 39763038|3910, 39763415|3977, 39763581|4038, 39763633|4102, 39763811|5183, 39764137|5259, 39764241|5378, 39777829|5447, 39806992|5501, 39807052|6099, 39809621|6150, 39810165|6259, 39814747|6313, 39815007|6472, 39815388|6524, 39816139|10148, com.waze, 
39816274|289, 39816354|341, 39816469|2009, 39823577|2116, 39824379|2196, 39824431|2261, 39825465|2896, 39825600|3637, 39825892|10172, com.instagram.android, 
39826090|1910, 39826150|2088, 39832383|2332, 39832498|2438, 39832681|2508, 39833201|2569, 39833567|2625, 39837923|2682, 39840502|2741, 39841070|2864, 39841122|2920, 39841182|2977, 39841617|3036, 39847850|3197, 39848439|3336, 39851933|3407, 39855366|3464, 39855572|3543, 39856457|3627, 39856849|4032, 39857098|4109, 39857430|4166, 39857482|4225, 39857762|4290, 39858013|4422, 39858120|7011, 39862014|7147, 39862324|7278, 39862376|7342, 39868250|7766, 39868501|7909, 39868641|7971, 39868805|8033, 39869095|8096, 39869237|8157, 39869540|8235, 39869752|8309, 39869965|8391, 39870167|8485, 39870219|8548, 39870279|8605, 39870417|8664, 39870491|8727, 39870562|8789, 39870633|8852, 39870704|8917, 39871006|8987, 39871289|9053, 39871431|9128, 39871572|9189, 39871744|9255, 39872027|9322, 39872304|9400, 39872439|10203, 39872844|10265, 39872979|10323, org.zwanoo.android.speedtest, 
39873187|1444, 39882075|1565, 39883147|1771, 39884903|1867, 39884955|1946, 39885802|2134, 39886207|10158, 39886267|12518, 39892500|12690, de.pilot.newyorker.android, 
39892560|122, 39892612|173, 39896944|230, 39897296|463, 39897480|519, 39911024|642, 39911127|702, 39911348|838, 39911470|2055, 39914926|2146, 39915794|2329, 39916771|2444, 39919720|2545, 39922669|2652, 39925618|2728, 39928607|2827, 39932113|2898, 39932542|2971, 39932594|3035, 39932646|3435, 39933075|3512, 39968428|4328, 39975653|4389, 39975861|4833, 39980224|4898, 39980380|5017, 39980709|5122, 39980927|9122, 39981237|9230, 39981418|9339, 39981564|9395, 39982042|9517, 39982544|10011, 39983160|10074, 39983651|10125, com.waze, 
39983703|940, 39983870|1711, 39983922|1777, 39984105|2261, 39984165|2325, 39984828|2388, 39986280|2445, 39990381|2525, 39990691|2578, 39990743|2697, 39991178|2754, 39991298|3040, 39998062|3126, 39998268|3263, 39998932|3341, 39999324|3585, 39999573|3647, 39999957|3708, 40000237|3778, 40000289|5098, 40000396|6586, 40000456|6647, 40004290|6715, 40004600|6837, 40004652|6918, 40010302|7118, 40010474|7247, 40010693|7331, 40010764|7395, 40010906|7464, 40011130|7529, 40011342|7591, 40011484|7654, 40011607|7714, 40011667|7769, 40011779|7829, 40011917|7889, 40011991|8011, 40012062|8079, 40012133|8144, 40012428|8210, 40012763|8284, 40012957|8346, 40013267|8403, 40013483|8461, 40013606|8528, 40014270|10071, 40014758|10413, 40014945|10470, org.zwanoo.android.speedtest, 
40015200|1780, 40015260|1975, 40021493|2301, 40021736|2374, 40022308|2445, 40026664|2507, 40027904|2567, 40028214|2675, 40028487|2746, 40028922|2803, 40029234|3158, 40033301|3242, 40036786|3319, 40037221|3389, 40037553|3566, 40038194|3736, 40038246|3792, 40038858|3850, 40038918|6625, 40042752|6686, 40043062|6871, 40043114|6932, 40048731|7205, 40048791|7325, 40049292|7390, 40049444|7457, 40049698|7522, 40049948|7588, 40050164|7652, 40050287|7719, 40050347|7786, 40050459|7851, 40050597|7918, 40050671|7982, 40050742|8044, 40050813|8112, 40050884|8174, 40051108|8248, 40051320|8316, 40051533|8373, 40051645|8433, 40051969|8495, 40052111|8558, 40052234|8651, 40052286|10093, 40052950|10181, 40053014|10291, 40053149|10372, 40053689|10429, org.zwanoo.android.speedtest, 
40057145|1435, 40057455|1534, 40057567|1599, 40064881|1671, 40065217|1724, 40065850|1779, 40066092|2100, 40071923|2198, 40079493|2276, 40083685|2351, 40085083|2430, 40085304|2586, 40086506|2683, 40089926|2762, 40090029|2843, 40092186|2926, 40092238|3607, 40092725|3740, 40092890|4575, 40096421|4643, 40096757|4724, 40096890|4830, 40107811|4923, 40108121|5006, 40108812|5102, 40112869|5194, 40112929|5273, 40116663|5388, 40117837|5507, 40117889|5609, 40118602|5840, 40123722|5915, 40124032|5994, 40124092|6076, 40128849|6185, 40132481|6346, 40133422|6611, 40133966|6776, 40134217|6831, 40134851|10075, 40135038|10180, de.mcdonalds.mcdonaldsinfoapp, 
40135116|1483, 40135314|1607, 40144082|1744, 40146910|1859, 40147014|1959, 40148282|2462, 40148365|9348, 40148770|10167, 40148830|12089, 40148870|12170, 40155103|12258, 40155163|12602, 40159547|12720, 40159899|12873, de.pilot.newyorker.android, 
40160083|1, 40160135|58, 40173782|126, 40174003|381, 40174253|1784, 40176170|1863, 40176342|2182, 40177704|2239, 40178135|2305, 40217014|2368, 40251470|2440, 40251522|2623, 40251574|3385, 40251694|4265, 40265041|4335, 40304109|4430, 40306906|4510, 40306966|4770, 40347114|4834, 40347516|4905, 40347576|5656, 40348936|5724, 40349048|5814, 40349564|5898, 40349777|6184, 40363784|6255, 40376359|7330, 40403187|7400, 40403593|8053, 40430369|8140, 40430511|8220, 40451865|8299, 40468224|8377, 40469129|8452, 40483735|8610, 40487123|8757, 40522437|8845, 40525168|8937, 40526894|9036, 40526998|9118, 40527444|9682, 40534430|9777, 40538485|9877, 40538658|9961, 40542199|10043, 40543201|10138, 40546224|10218, 40546752|10444, 40546804|10548, 40546884|12712, de.spiegel.android.app.spon, 
40547111|1559, 40547231|1632, 40547363|2255, 40547439|2314, 40547515|7006, com.whatsapp, 
40547575|1685, 40549179|1767, 40549544|1844, 40549604|2046, 40549768|2107, 40551093|2157, 40551524|2218, 40564116|2281, 40624860|2341, 40624912|2536, 40624964|3288, 40625088|4146, 40625268|4208, 40678464|4325, 40679455|4403, 40683555|4638, 40685850|4701, 40685910|4847, 40686362|4917, 40686422|5712, 40687782|5785, 40687894|5860, 40688516|5970, 40688729|6346, 40707057|6422, 40736132|6866, 40736192|7444, 40739390|7524, 40763090|7628, 40770091|7699, 40770143|7770, 40770203|8237, 40771228|8423, 40779023|8507, 40805737|8593, 40811799|8671, 40811851|8737, 40841607|9030, 40841659|9117, 40842512|9218, 40842616|9348, 40842780|9541, 40849314|9643, 40853221|9756, 40855762|9845, 40858086|9942, 40861252|10058, 40864687|10145, 40868389|10234, 40869635|10312, 40869739|10413, 40872902|10465, 40873006|10513, 40873058|10616, de.spiegel.android.app.spon, 
40873180|1177, 40876492|1307, 40879216|1407, 40879945|1498, 40880454|1725, 40880662|2047, 40885879|2102, 40886173|2206, 40886302|2257, 40886429|2321, 40889495|2380, 40893648|2436, 40893942|2556, 40893994|2704, 40894046|2779, 40894806|2837, 40897799|2909, 40897944|5173, 40897996|5250, 40903469|5306, 40903795|5363, 40908291|5487, 40908542|5538, 40908662|6121, 40909379|6235, 40909569|6297, 40910014|6356, 40910078|6415, 40910265|6476, 40910587|10189, 40910647|11384, 40914042|11457, 40914352|11954, 40915658|12021, 40919224|12155, com.airbnb.android, 
40919534|1064, 40920382|1186, 40920442|1644, 40922360|1759, 40922420|2032, 40924013|2104, 40936816|2204, 40963448|2283, 40997727|2381, 40997807|2585, 41002935|2688, 41003271|2949, 41003375|3134, 41003427|3500, 41003583|3566, 41003791|4038, 41003971|4116, 41057643|4226, 41057832|4342, 41058040|4661, 41058248|5341, 41058308|5446, 41062302|5554, 41062818|5675, 41062870|6843, 41091779|7330, 41091839|7809, 41091899|7906, 41096113|8011, 41132175|8112, 41156561|8203, 41156613|8280, 41156696|8471, 41163696|8558, 41195103|8658, 41197646|8770, 41199275|8875, 41199379|8995, 41199483|9276, 41199647|9629, 41203195|9741, 41208338|9838, 41211525|9954, 41214641|10083, 41217410|10222, 41217462|10337, 41220913|10484, 41221173|10544, 41221225|10671, de.spiegel.android.app.spon, 
41221277|114, 41221381|754, 41221433|817, 41222004|891, 41222202|2020, 41222262|2142, 41228495|2337, 41228598|2610, 41230035|2927, 41230293|2990, 41230561|3148, 41237009|3310, 41241868|3389, 41242162|3472, 41248414|3530, 41253044|3620, 41253802|3691, 41261449|3786, 41261501|3859, 41261604|3929, 41262504|4023, 41265967|4097, 41266355|4154, 41266499|4218, 41267468|4532, 41268437|4602, 41303563|5824, 41303937|5879, 41366249|6581, 41366405|7131, 41366749|7253, 41367071|10251, 41367393|10308, de.zalando.mobile, 
41367453|1773, 41370850|1869, 41371212|1979, 41372485|2097, 41372545|2161, 41375712|2220, 41376143|2334, 41382788|2431, 41382840|2509, 41382943|2596, 41383164|2734, 41383332|3215, 41383488|3556, 41384113|3647, 41384236|3729, 41384296|3793, 41387457|3854, 41390989|3913, 41391575|3985, 41405689|4056, 41412943|4162, 41416496|4277, 41436085|4527, 41439469|4640, 41441148|4734, 41441260|4795, 41444769|4854, 41444937|4912, 41445040|4972, 41445092|5036, 41446101|5128, 41446726|5297, 41446766|10300, 41448051|10375, 41448186|10488, com.moshbit.studo, 
41448444|1860, 41448504|2289, 41454737|2493, 41454840|2703, 41455216|2956, 41455276|3029, 41460075|3134, 41461041|3198, 41465671|3278, 41466067|3366, 41473640|3471, 41473803|3541, 41477621|3631, 41478009|3691, 41479030|3759, 41576499|3865, 41576854|3977, 41576958|4547, 41577074|4610, 41577418|4680, 41577792|10595, 41577927|10740, de.zalando.mobile, 
41578006|3605, 41600220|3737, 41601260|3911, 41601342|4338, 41601402|4408, 41605785|4512, 41605993|4604, 41606071|6016, 41610514|6134, 41610722|6342, 41610858|7991, 41614465|8058, 41614801|8143, 41615012|8206, 41615974|8293, 41616078|8365, 41616476|10081, 41616528|11215, org.chromium.chrome, 
41616650|2675, 41620106|2762, 41621372|2983, 41622589|3163, 41625538|3282, 41628487|3521, 41631436|3742, 41634385|3849, 41634718|3923, 41634829|3995, 41634933|4508, 41635310|4584, 41635481|4672, 41638634|4758, 41638952|4825, 41639004|4901, 41681630|5697, 41681838|6347, 41686244|6439, 41686400|6498, 41686729|6643, 41686916|10826, 41687480|10904, com.waze, 
41687540|2635, 41690937|2722, 41691359|2854, 41692516|2981, 41695465|3228, 41698414|3333, 41701363|3555, 41704534|3710, 41704756|3799, 41704808|4317, 41705237|4451, 41746857|5533, 41747117|6218, 41751608|6293, 41751764|6419, 41752093|6496, 41752792|10862, com.waze, 
41752900|2202, 41752960|2313, 41756859|2403, 41757290|2507, 41757841|2603, 41757893|2675, 41758406|2823, 41759108|2979, 41759630|3188, 41764088|3296, 41764519|3402, 41767259|3522, 41767720|4085, 41768181|4297, 41768233|4400, 41768734|5771, 41768838|10934, com.duckduckgo.mobile.android, 
41769046|2484, com.whatsapp, 
41769122|2507, 41769355|3217, 41769435|3286, 41769511|6869, 41769729|7002, 41769789|7071, 41775063|7141, 41775632|7741, 41775684|7810, 41776109|7883, 41776307|8325, 41776797|8394, com.whatsapp, 
41776995|2966, 41777055|3167, 41783288|3396, 41783391|3889, 41784826|4070, 41784983|5337, 41785043|5395, 41787835|5450, 41788741|5518, 41792608|5635, 41793088|5688, 41793140|5795, 41793582|5852, 41794349|5916, 41796557|5980, 41796609|6217, 41796661|6656, 41797047|6777, 41797099|6892, 41797151|6946, 41799153|7067, 41799288|10771, 41799558|10830, com.twitter.android, 
41799673|2261, 41806781|2343, 41807531|2407, 41807583|2467, 41808100|2890, 41808392|10424, com.instagram.android, 
41808574|1265, 41811970|1355, 41812280|1445, 41812332|1511, 41813624|1575, 41819795|1640, 41820131|1701, 41820764|1757, 41820946|2051, 41821066|2129, 41830113|2198, 41830216|2271, 41830997|2327, 41831049|2392, 41833050|2569, 41833278|2688, 41844113|2763, 41844216|2844, 41846373|2942, 41846671|3018, 41847289|3081, 41847341|3424, 41848319|3899, 41848379|4263, 41848431|4324, 41851909|4399, 41852297|4486, 41853230|4563, 41853290|4651, 41858833|4715, 41863049|4823, 41863654|4908, 41864312|5011, 41864998|5394, 41873973|5499, 41875689|5695, 41875857|5766, 41876028|5822, 41876088|5937, 41876362|5990, 41880785|6098, 41880888|6280, 41881493|6492, 41881855|10090, 41882250|10140, 41882385|10194, 41882958|10665, de.mcdonalds.mcdonaldsinfoapp, 
41883037|2569, 41905252|2693, 41906374|2811, 41906434|2939, 41911024|3030, 41911102|3901, 41911162|3994, 41915753|4088, 41915888|5723, 41915964|6962, 41916024|7013, 41919629|7087, 41919965|7139, 41921137|7196, 41921241|7297, 41921638|9089, 41921690|10119, org.chromium.chrome, 
41921898|1919, 41922085|8164, 41922300|11462, com.whatsapp, 
41922408|1507, 41922468|1613, 41926367|1717, 41926798|1808, 41927349|1892, 41927401|1956, 41927914|2100, 41928616|2178, 41928728|2340, 41933598|2433, 41933700|2527, 41934131|2605, 41936871|2693, 41937332|2980, 41937793|3098, 41938294|4333, 41938398|10195, com.duckduckgo.mobile.android, 
41938648|1830, 41941869|1915, 41942179|2013, 41947697|2105, 41953548|2283, 41953608|2713, 41956797|3083, 41957003|3383, 41957115|3458, 41962168|3554, 41962531|3639, 41962583|3728, 41964783|3892, 41965143|4356, 41984989|4438, 41985660|4527, 41987001|4633, 41989031|4699, 41989471|4773, 41989601|6086, 41990202|6168, 41996375|6236, 42003007|6377, 42003059|6451, 42003227|7185, 42014309|7286, 42015701|7380, 42016555|7499, 42016643|7638, 42021778|7744, 42022076|7819, 42022839|7878, 42022899|7952, 42026187|8041, 42027077|8108, 42027620|8171, 42027852|8236, 42040125|8306, 42041509|8382, 42043035|8438, 42046035|8528, 42046345|8605, 42046397|8670, 42048496|8881, 42048863|9061, 42049805|9131, 42049857|9200, 42050183|10114, 42051136|10428, 42051271|10659, org.mozilla.firefox, 
42051347|2005, com.whatsapp, 
42051455|1533, 42051515|1619, 42055414|1713, 42055845|1795, 42056396|1878, 42056448|1997, 42056961|2061, 42057013|2128, 42057769|2202, 42058231|2370, 42058291|2563, 42062647|2662, 42062749|2762, 42065868|2845, 42065920|2916, 42066381|2980, 42066842|3047, 42067395|4360, 42067435|4627, 42067539|10276, com.duckduckgo.mobile.android, 
42067599|1699, 42071498|1772, 42071929|1831, 42072480|1952, 42072532|2014, 42073045|2148, 42073105|2245, 42078165|2323, 42078267|2404, 42078802|2484, 42082004|2567, 42082465|3005, 42082926|3127, 42083427|4072, 42083479|10198, 42083531|10261, com.duckduckgo.mobile.android, 
42083689|1761, 42095206|1899, 42131801|2028, 42134391|2160, 42143257|2301, 42147086|2388, 42147408|2454, 42153889|2564, 42157179|3255, 42158001|5930, 42158416|5984, 42158468|6096, 42167848|6210, 42197588|6278, 42247419|6338, 42269380|6389, 42275482|6441, 42279063|6820, 42283598|6901, 42284552|6953, 42289106|7014, 42293651|7087, 42298196|7150, 42301786|7199, 42302740|7250, 42307285|7305, 42310866|7358, 42311820|7408, 42315410|7458, 42316364|7512, 42320809|7570, 42322049|10151, com.fsck.k9, 
42322231|1579, 42325626|1663, 42325936|1721, 42327130|1783, 42327492|2255, 42332960|2359, 42354976|2475, 42355269|2551, 42355441|2700, 42364133|2858, 42364185|3037, 42364288|3105, 42365104|3181, 42366356|3241, 42367459|3400, 42367631|3467, 42370875|3542, 42372309|3616, 42372869|5362, 42373287|8235, 42376195|8300, 42376247|8363, 42377445|8431, 42378043|8570, 42378313|8899, 42378656|9005, 42381655|9094, 42381953|9246, 42382584|9324, 42383712|10068, 42384599|10267, 42384734|10331, 42384794|10678, 42388189|10738, 42388499|11085, 42388551|11146, 42389693|11219, de.prosiebensat1digital.prosieben, 
42390030|1935, 42390090|2002, 42390202|2066, 42394073|2139, 42394399|2204, 42401768|2280, 42402035|2414, 42405958|2477, 42406505|2591, 42407139|2650, 42407191|2714, 42407243|2770, 42407283|3641, 42407711|5213, 42416423|5283, 42421279|5358, 42422731|5469, 42428123|5551, 42428499|5875, 42432288|6014, 42432582|6136, 42433166|6207, 42433246|6273, 42433588|6362, 42434324|6426, 42434480|6482, 42437487|6913, 42441218|6986, 42441917|7556, 42442322|10369, 42442457|10485, com.paypal.android.p2pmobile, 
42442517|2212, 42448865|2570, 42449108|2652, 42449620|2712, 42449723|2773, 42449944|2966, 42450682|3546, 42456295|3621, 42463059|3701, 42463575|3799, 42463679|3854, 42464726|3934, 42465118|4330, 42465367|4398, 42465751|4467, 42466031|4606, 42466071|5745, 42466178|7176, 42466238|7252, 42470072|7319, 42470382|7457, 42470434|7586, 42476078|7750, 42476250|7905, 42476639|7970, 42476791|8057, 42476933|8130, 42477157|8213, 42477511|8279, 42477724|8353, 42477784|8498, 42477896|8571, 42478034|8641, 42478108|8796, 42478179|8866, 42478250|8940, 42478399|9011, 42478761|9079, 42478977|9144, 42479189|9226, 42479573|9321, 42480359|9413, 42480411|9519, 42481086|10491, org.zwanoo.android.speedtest, 
42481242|1577, 42481867|1664, 42481927|2006, 42502923|2202, 42506078|2421, 42511441|2538, 42512257|2637, 42512412|2718, 42513515|2806, 42514715|2908, 42519564|3020, 42520124|5013, 42520176|5115, 42520228|5855, 42520402|6802, 42523838|6912, 42575545|7029, 42617548|7118, 42617600|7246, 42618250|7728, 42619293|7835, 42622065|8293, 42622344|8392, 42622642|8479, 42623273|8583, 42623353|9267, 42624493|9488, 42624553|9581, 42624952|9674, 42626113|10656, 42626173|10762, 42629575|10854, 42631320|10988, 42631563|11161, 42632102|11268, 42632506|11340, 42632641|11406, de.prosiebensat1digital.prosieben, 
42632823|2925, 42636218|3012, 42636528|3087, 42637557|3160, 42638269|3579, 42638701|3726, 42638753|3843, 42641650|3944, 42644599|4146, 42647548|4369, 42650608|4467, 42650830|4544, 42650941|4615, 42651216|5136, 42654746|5227, 42655065|5299, 42655117|5404, 42655283|5575, 42655335|5666, 42655625|6545, 42655951|6625, 42656003|6708, 42670015|6780, 42698505|6961, 42698645|7703, 42698911|7771, 42703579|7839, 42703735|7988, 42704064|8057, 42704815|11104, com.waze, 
42708272|1784, 42708582|1907, 42708634|2011, 42710918|2591, 42717838|2738, 42739229|2940, 42739470|3081, 42739642|3183, 42740037|3279, 42748332|3405, 42748384|3505, 42749303|3598, 42749355|3702, 42751659|3826, 42751831|3921, 42755075|4030, 42756509|4125, 42757069|5759, 42757823|8220, 42758866|8368, 42758918|8779, 42761917|8862, 42762215|9051, 42762846|9154, 42762898|10190, 42763915|10294, 42764350|11108, 42764485|11187, 42765083|11508, 42765187|11839, 42766294|11912, de.prosiebensat1digital.prosieben, 
42766936|1661, 42772192|1770, 42773257|1913, 42773766|2061, 42773974|2704, 42779191|2771, 42779485|2845, 42779749|2914, 42784006|2985, 42785405|3059, 42787346|3148, 42788158|3336, 42791164|3523, 42791309|5788, 42796834|5922, 42797160|6017, 42801720|6107, 42801907|6199, 42801967|7201, 42802132|7268, 42802796|7339, 42802986|7411, 42803566|7478, 42803618|7564, 42803940|10980, 42807397|12489, 42807759|13218, 42809073|13350, 42812579|13504, 42812889|13836, 42812941|13988, com.airbnb.android, 
42813736|1, 42817292|2634, 42818104|2758, 42822384|2892, 42822552|3023, 42822878|3171, 42826750|3303, 42827361|3404, 42827847|3491, 42828045|3590, 42828448|3714, 42828588|4645, 42833656|4723, 42833992|5350, 42834200|6022, 42834252|6112, 42834616|6673, 42834668|6795, 42835032|7455, 42835084|7546, 42835396|8118, 42836198|8618, 42836664|10799, org.indywidualni.fblite, 
42836768|413, 42837339|558, 42837471|2483, com.whatsapp, 
42837579|2152, 42841538|2270, 42842520|2443, 42842572|2598, 42843085|2691, 42843789|2853, 42844251|2959, 42848667|3069, 42848769|3157, 42851940|3301, 42852401|3919, 42852862|4107, 42852914|4221, 42853415|5614, 42853519|10988, com.duckduckgo.mobile.android, 
42853776|2193, 42853836|2404, 42860069|2575, 42860355|2990, 42860875|3069, 42861299|3137, 42861359|3221, 42866852|3310, 42867162|3394, 42867214|3473, 42867649|3538, 42868237|4149, 42875061|4260, 42875931|4430, 42876323|4831, 42876572|4928, 42876956|5005, 42877236|5097, 42877343|7838, 42881237|7921, 42881547|8089, 42881599|8172, 42887994|8602, 42888054|8699, 42888555|8782, 42888707|8862, 42888901|8947, 42889211|9030, 42889427|9111, 42889610|9197, 42889722|9297, 42889860|9378, 42889934|9480, 42890076|9575, 42890147|9675, 42890449|9782, 42890803|9872, 42891187|9989, 42891541|10090, 42891664|10208, 42892339|11032, org.zwanoo.android.speedtest, 
42892589|2238, 42895810|2354, 42902211|2667, 42907729|2828, 42908062|2951, 42908122|3317, 42911311|3701, 42911414|3958, 42911622|4287, 42911785|4386, 42916890|4476, 42917045|4658, 42917097|4748, 42919959|5256, 42920319|5613, 42946863|5702, 42947294|5818, 42949082|5909, 42950040|5996, 42958931|6099, 42962080|6185, 42968441|6274, 42973632|6365, 42974240|6451, 42974370|7851, 42974749|8213, 42980617|8610, 42980904|8688, 42980956|8763, 42989057|9471, 42989604|9576, 42990704|9726, 42991467|10150, 42992270|10578, 42992322|10671, 42993178|10796, 43000606|10907, 43004785|11013, 43005704|11167, 43006657|11296, 43006792|11463, org.mozilla.firefox, 
43011559|2447, 43011873|2538, 43012784|2638, com.isis_papyrus.raiffeisen_pay_eyewdg, 
43013062|1667, 43019195|1793, 43019583|1927, 43020092|2130, 43020240|2854, 43024656|2921, 43025517|3004, 43026075|3076, 43030228|3143, 43030626|3208, 43033671|3275, 43033723|3486, 43038637|3839, 43038722|5910, 43038782|5995, 43044307|6083, 43044633|6170, 43049129|6259, 43049380|6334, 43049444|6408, 43049504|7337, 43049564|7406, 43050385|7476, 43050968|7548, 43051219|7616, 43051593|10863, 43051715|11964, 43055171|12071, 43055286|12658, 43055346|12746, 43062728|12847, 43062780|12916, 43063919|12993, com.airbnb.android, 
43064229|1323, 43064591|1497, 43066061|1605, 43066856|1692, 43067160|1836, 43078049|2013, 43078721|2131, 43078773|2225, 43079334|2342, 43079698|2456, 43080114|2574, 43080686|2664, 43081009|2899, 43081177|3017, 43081372|3435, 43090742|3540, 43091459|3625, 43091615|3749, 43094673|3861, 43099215|4174, 43104800|6321, 43105126|6564, 43109809|6655, 43109869|7693, 43110646|7775, 43110940|7863, 43111385|7955, 43111636|8039, 43112228|10937, 43112410|12274, 43115805|12395, 43116175|13020, 43120872|13111, com.airbnb.android, 
43121182|2358, 43121439|2657, 43121499|2761, 43122346|2863, 43128579|2969, 43128682|3164, 43128903|3500, 43134031|3951, 43134522|4362, 43139381|4497, 43139675|4595, 43140480|4692, 43145595|4840, 43153056|5011, 43153710|5175, 43157225|5322, 43157873|5440, 43256502|5614, 43256658|5983, 43256762|6087, 43257126|6765, 43257490|7421, 43257542|7497, 43258033|7673, 43258137|8345, 43258481|8441, 43258855|10938, 43258990|11014, de.zalando.mobile, 
43259146|1, 43259717|81, 43259974|2248, 43260034|2458, 43266267|2705, 43266370|2911, 43266894|3058, 43267557|3134, 43271973|3244, 43273110|3330, 43273420|3444, 43273907|3582, 43274555|4139, 43281319|4250, 43281525|4382, 43282189|4488, 43282830|5017, 43283494|5146, 43283661|7965, 43287495|8041, 43287805|8122, 43287857|8206, 43294262|8607, 43294498|8788, 43294975|8880, 43295229|8970, 43295553|9050, 43295818|9138, 43295878|9217, 43295990|9297, 43296128|9375, 43296202|9454, 43296344|9546, 43296415|9649, 43296922|9766, 43297205|9880, 43297660|10012, 43297854|10130, 43297989|11071, 43298529|11145, org.zwanoo.android.speedtest, 
43298908|3743, 43321238|3881, 43321862|3999, 43322004|4115, 43326387|4239, 43326595|4342, 43326673|5369, 43326733|5443, 43331116|5530, 43331324|5698, 43331400|8043, 43331460|8121, 43335067|8199, 43335403|8268, 43336627|8333, 43336679|8402, 43336807|10159, 43337073|10229, 43337125|10940, org.chromium.chrome, 
43337204|3165, 43337504|3268, 43360252|3395, 43360460|3527, 43360542|3645, 43364985|3759, 43365193|3840, 43365271|4868, 43365331|4938, 43369922|5109, 43369998|7576, 43370058|7642, 43373664|7723, 43374000|7796, 43375227|7861, 43375279|7935, 43375331|8006, 43375730|9713, 43375782|10912, org.chromium.chrome, 
43375950|2085, 43379849|2181, 43380280|2309, 43380831|2391, 43380883|2458, 43381396|2545, 43382100|2700, 43382562|2874, 43382622|2979, 43386978|3069, 43387511|3170, 43387653|3347, 43390251|3438, 43390712|3710, 43391173|3792, 43391225|3946, 43391726|5519, 43392299|9590, 43392403|11105, com.duckduckgo.mobile.android, 
43397170|2326, 43397484|2443, 43398395|2524, com.isis_papyrus.raiffeisen_pay_eyewdg, 
43398517|2808, 43401972|2896, 43402334|3043, 43403311|3117, 43403803|3464, 43404235|3584, 43407184|3791, 43410133|3899, 43413082|4154, 43413305|4269, 43419688|4363, 43420118|4450, 43420170|4525, 43420387|5025, 43420491|5117, 43420868|5206, 43421085|5478, 43421137|6307, 43421455|6579, 43421721|6659, 43421773|6728, 43435691|6798, 43463560|6905, 43463612|7298, 43463752|7598, 43464070|7670, 43464226|7736, 43468628|7813, 43468784|7945, 43469113|8024, 43469248|10800, 43469864|10901, com.waze, 
43469969|2553, 43473420|2633, 43473863|2755, 43474047|2834, 43478327|2939, 43478495|3049, 43478766|3227, 43482619|3309, 43483230|3384, 43483645|3453, 43483716|3535, 43483862|3599, 43484287|3694, 43484753|10813, 43484805|11160, 43484857|11512, org.indywidualni.fblite, 
43485115|2208, 43485175|2386, 43491408|2538, 43491511|2758, 43491732|3151, 43491947|3895, 43496806|3965, 43501807|4034, 43502626|4097, 43502730|4175, 43504596|4281, 43510501|4391, 43514016|4467, 43514507|4533, 43515983|4608, 43516328|5075, 43613416|5204, 43613790|5291, 43613842|7418, 43614186|7493, 43614560|10820, 43614695|10895, 43614913|12176, 43614973|12255, 43620247|12328, 43620670|12550, 43620816|12615, 43621295|12681, 43621545|12983, 43621973|13195, de.zalando.mobile, 
43622095|1864, 43625551|1972, 43625861|2081, 43627056|2193, 43627145|2300, 43627205|2373, 43633376|2455, 43633712|2528, 43634345|2613, 43634405|3103, 43640470|3219, 43640625|3306, 43644475|3427, 43645247|3525, 43645299|3611, 43646801|3710, 43650281|3844, 43657799|3935, 43659956|4036, 43660872|4130, 43660958|4229, 43661010|5024, 43661497|5199, 43661602|6392, 43666080|6483, 43666416|6589, 43667906|6678, 43677470|6979, 43678116|7097, 43679145|7180, 43681937|7304, 43682663|7392, 43687078|7529, 43688504|7657, 43688608|7812, 43690430|8103, 43690507|8211, 43690678|8303, 43690798|8407, 43695489|8525, 43699972|8600, 43700411|8745, 43701560|8959, 43701815|9024, 43702449|10960, 43702688|11026, de.mcdonalds.mcdonaldsinfoapp, 
43702748|2399, 43706582|2500, 43706899|2612, 43711179|2714, 43711548|2830, 43711671|2945, 43715472|3043, 43716083|3110, 43716499|3178, 43716674|3245, 43716768|3315, 43717259|3422, 43717725|10815, org.indywidualni.fblite, 
43717857|2590, 43717933|2730, com.whatsapp, 
43718013|827, 43718093|1267, 43718611|2114, 43732199|2253, 43766736|2377, 43769571|2578, 43777519|2751, 43781665|2862, 43788198|3080, 43792674|6779, 43797150|6845, 43801645|6913, 43806131|6980, 43810617|7042, 43815103|7107, 43819590|7176, 43824067|7245, 43828553|7308, 43833039|7383, 43833213|10857, 43834370|10938, com.fsck.k9, 
43834505|653, 43834670|2414, 43838503|2512, 43838820|2612, 43843100|2693, 43843194|2794, 43843520|2912, 43847321|3015, 43847932|3089, 43848399|3160, 43849170|3230, 43849596|3323, 43850062|10789, 43850277|12666, org.indywidualni.fblite, 
43856231|1727, 43856754|1828, 43857431|1960, 43857940|2110, 43858088|2576, 43862504|2663, 43863365|2733, 43863659|2809, 43863863|2880, 43868128|2957, 43871417|3032, 43871469|3107, 43871521|3304, 43875276|3391, 43875361|5650, 43875421|5747, 43880946|5860, 43881272|5940, 43885768|6014, 43886019|6096, 43886139|6950, 43886908|7014, 43886960|7082, 43887543|7154, 43887794|7225, 43888116|10927, 43891572|12119, 43891882|12812, 43893188|12894, 43893248|12993, 43896814|13091, 43900320|13165, com.airbnb.android, 
43900630|1590, 43901478|1733, 43901788|1873, 43901896|2089, 43905855|2186, 43906286|2386, 43906837|2482, 43907402|2609, 43908729|2757, 43909251|2874, 43913709|2978, 43914140|3104, 43916880|3227, 43922549|3581, 43923010|3791, 43923346|4039, 43923398|4599, 43923554|4697, 43924315|5279, 43924679|5788, 43924731|5856, 43924991|6427, 43925314|6571, 43925482|6642, 43925586|10832, com.duckduckgo.mobile.android, 
43925662|2075, com.whatsapp, 
43925917|1933, 43925977|2107, 43932210|2301, 43932313|2503, 43932534|2745, 43932742|2996, 43932897|3096, 43933017|3161, 43937816|3270, 43938189|3323, 43943994|3400, 43949161|3504, 43957016|3678, 43957203|3766, 43961582|3873, 43962022|3960, 43962114|4029, 44060460|4108, 44060915|4185, 44060967|6757, 44061311|6815, 44061581|10323, 44061685|10385, 44061820|10447, de.zalando.mobile, 
44062055|2569, 44069362|2678, 44069845|2743, 44070362|2868, 44070654|10521, com.instagram.android, 
44070714|2072, 44075070|2514, 44076947|2586, 44077050|2796, 44077271|3003, 44077426|3094, 44077486|3168, 44082285|3259, 44082768|3319, 44087831|3385, 44088167|3469, 44088420|3525, 44095874|3620, 44095986|3678, 44099552|3739, 44100295|3814, 44101316|3878, 44120695|4035, 44198763|4131, 44199218|4223, 44199322|4492, 44199666|4596, 44200040|10149, 44200175|10256, de.zalando.mobile, 
44200297|1258, 44203754|1356, 44204064|1448, 44204116|1522, 44208051|1583, 44211490|1644, 44211826|1700, 44212459|1797, 44212519|2090, 44218238|2157, 44218342|2207, 44218791|2293, 44223258|2385, 44223589|2539, 44227061|2633, 44234966|2709, 44238265|2781, 44238563|2848, 44239181|2910, 44239233|3371, 44239721|3595, 44239781|4294, 44244199|4350, 44244535|4483, 44246024|4557, 44251627|4725, 44255817|4814, 44256448|4902, 44257242|5007, 44260700|5105, 44264435|5232, 44265661|5377, 44271184|5658, 44271852|5745, 44272169|5817, 44272289|5880, 44276980|5931, 44281791|6031, 44282387|6080, 44282590|6134, 44282693|6202, 44283298|6510, 44283984|10092, 44284119|10201, de.mcdonalds.mcdonaldsinfoapp, 
44284224|1881, 44284284|1955, 44288117|2034, 44288301|2101, 44292585|2184, 44292679|2351, 44292952|2421, 44293075|2479, 44293135|2529, 44296876|2584, 44297487|2633, 44297539|2684, 44297953|2737, 44298151|2791, 44298556|2853, 44298789|10041, 44299022|10090, org.indywidualni.fblite, 
44299144|1462, 44299204|1527, 44302601|1601, 44302911|1687, 44304107|1779, 44304362|1867, 44304491|1947, 44304611|2006, 44307718|2058, 44314382|2180, 44314793|2247, 44314845|2304, 44314948|2367, 44315169|2545, 44316014|3096, 44316066|3170, 44316691|3248, 44316814|3335, 44316874|3414, 44320035|3471, 44323136|3530, 44323567|3585, 44324552|3638, 44345675|3699, 44345866|3828, 44349226|3943, 44349400|4040, 44353133|4136, 44374096|4244, 44374148|4332, 44374324|4390, 44374384|4455, 44374803|4509, 44374855|4619, 44374907|4669, 44375846|4733, 44375886|9906, 44376944|9967, 44377079|10145, 44377171|10197, 44377306|10301, com.moshbit.studo, 
44377556|1766, 44380777|1843, 44386605|2009, 44392123|2161, 44392456|2385, 44392516|2961, 44395705|3278, 44395808|3382, 44400973|3467, 44401076|3543, 44401231|3621, 44401283|3705, 44401491|3778, 44403691|3870, 44404051|4322, 44424347|4415, 44425225|4492, 44426714|4570, 44438705|4658, 44444481|4734, 44456248|4802, 44456795|4868, 44457105|4927, 44457467|4979, 44458068|6171, 44458120|6563, 44464063|6623, 44464115|6688, 44464223|7258, 44473571|7342, 44474416|7428, 44475231|7510, 44475981|7640, 44476408|7835, 44476775|7906, 44476947|7991, 44484749|8058, 44489299|8135, 44493499|8202, 44501481|8284, 44501701|8360, 44503381|8470, 44503433|8528, 44503759|9514, 44503823|9781, 44504010|9834, 44504062|10324, 44504828|10389, 44504963|10601, org.mozilla.firefox, 
44505015|1923, 44505094|2453, 44527309|2617, 44528349|2747, 44528543|2842, 44532926|2936, 44533134|3014, 44533212|3847, 44537654|3964, 44537862|4078, 44538080|5776, 44538140|5829, 44543414|5882, 44543708|6051, 44543918|6118, 44543970|6389, 44544064|6452, 44544490|6516, 44544776|6971, 44544836|7026, 44548868|7092, 44549204|7159, 44550428|7212, 44550480|7317, 44550612|9067, 44550882|9132, 44550934|10126, org.chromium.chrome, 
44551116|2197, 44554513|2271, 44554823|2326, 44555852|2445, 44556298|2724, 44556756|2799, 44556996|2894, 44559945|3049, 44559997|3118, 44562894|3213, 44565843|3307, 44568903|3368, 44569125|3426, 44569236|3498, 44569347|3884, 44569459|3945, 44572817|4022, 44573041|4082, 44573411|4143, 44573628|4380, 44574002|4973, 44574268|5028, 44574320|5141, 44588330|5194, 44616939|5256, 44617079|5765, 44617345|5817, 44617553|5871, 44622125|5923, 44622281|6034, 44622610|6144, 44622745|10027, 44623361|10080, com.waze, 
44623526|2049, 44627358|2147, 44627542|2233, 44631911|2313, 44632079|2416, 44632412|2552, 44636205|2609, 44636816|2655, 44637281|2763, 44637479|2819, 44637971|2890, 44638437|10171, org.indywidualni.fblite, 
44638687|2063, 44640618|2167, 44640670|2508, 44642152|2592, 44642591|2659, 44654863|2730, 44687177|2804, 44716012|2898, 44716064|2963, 44716116|3417, 44716240|4968, 44729529|5055, 44768091|5198, 44770034|5312, 44776189|5396, 44776342|5486, 44790129|5574, 44790189|5864, 44790637|5941, 44791491|6026, 44791962|6105, 44792363|6177, 44797438|6823, 44799077|6964, 44799593|7121, 44812168|8400, 44829649|8492, 44858078|8606, 44858138|8692, 44860595|8922, 44860949|8993, 44861989|9091, 44865188|9193, 44895878|9299, 44908505|9480, 44924712|9560, 44924955|10107, 44925231|10190, 44963567|10283, 44963903|10376, 44966235|10469, 44966339|10601, 44966911|10733, 44966963|10847, de.spiegel.android.app.spon, 
44967023|2211, 44970420|2294, 44972265|2525, 44975214|2654, 44978163|2839, 44981112|3015, 44984394|3104, 44984505|3165, 44984609|3669, 44984986|3794, 45027331|4716, 45027539|5315, 45031941|5389, 45032253|5509, 45032305|5569, 45032634|5630, 45033333|10299, 45033468|12670, com.waze, 
45033655|2070, 45033931|2242, 45042699|2389, 45043403|2515, 45045527|2609, 45045631|2680, 45046613|2980, 45047034|3060, 45047479|10870, 45047734|12958, 45047794|13188, 45054027|13425, de.pilot.newyorker.android, 
45054087|171, 45058471|247, 45058823|393, 45059007|463, 45059059|544, 45059111|608, 45072758|693, 45072979|844, 45073136|5903, 45073196|5969, 45076894|6112, 45080761|6264, 45081151|6332, 45081241|6394, 45081683|6464, 45084244|6561, 45086451|6640, 45086503|6788, 45086638|11045, 45086773|11115, com.twitter.android, 
45086895|1823, 45090352|1945, 45090662|2062, 45092173|2212, 45095280|2300, 45095771|2370, 45096182|2442, 45102415|2521, 45102467|2593, 45102570|2749, 45103143|2839, 45103364|2908, 45103480|3271, 45103532|3337, 45103688|3925, 45104313|4031, 45104373|4145, 45107534|4228, 45111066|4303, 45121039|4375, 45132980|4481, 45133032|4690, 45136394|4838, 45154700|5003, 45158910|5113, 45161201|5245, 45161253|5334, 45162242|5405, 45162282|10642, 45162580|10774, 45162715|10910, com.moshbit.studo, 
45166171|1986, 45166481|2105, 45167675|2187, 45167727|2961, 45168071|3093, 45195002|3296, 45195824|3416, 45199283|3649, 45204646|3796, 45205565|3890, 45205617|3977, 45206819|4067, 45207930|4169, 45209535|4253, 45211525|4368, 45212780|4536, 45213340|6268, 45213538|9335, 45216354|9430, 45216620|9515, 45216827|9601, 45218468|9710, 45219320|10237, 45219372|10339, 45222371|10445, 45223300|10644, 45223735|11392, 45223870|11461, 45223930|11867, 45227325|11938, 45227635|12351, 45227687|12427, 45228829|12525, de.prosiebensat1digital.prosieben, 
45228889|5370, 45232587|5438, 45236454|5585, 45236844|5656, 45236986|5728, 45237376|5804, 45237428|5871, 45239939|5942, 45242147|6005, 45242199|6234, 45242334|10940, 45242469|11021, com.twitter.android, 
45242783|1787, 45248499|1974, 45249460|2161, 45249512|2270, 45250021|2383, 45250229|2975, 45255446|3051, 45255740|3133, 45255944|3207, 45260261|3277, 45263552|3358, 45263604|3439, 45263656|3729, 45268541|4201, 45269384|4368, 45269469|6127, 45275054|6239, 45275380|6331, 45279876|6416, 45280127|6512, 45280247|7605, 45280964|7672, 45281206|7743, 45281651|7809, 45281902|7883, 45281954|9329, 45282276|10920, 45285732|12297, 45286042|12910, 45286094|12998, 45287408|13091, 45290914|13365, com.airbnb.android, 
45291224|1509, 45292072|1634, 45292322|2337, 45295543|2505, 45306889|2789, 45307222|3333, 45307282|3481, 45310471|3922, 45310574|4538, 45316190|4870, 45321413|5040, 45321465|5152, 45323663|5285, 45323999|5418, 45344447|5664, 45345772|5837, 45348521|5985, 45348793|6084, 45349001|6453, 45349053|6581, 45349417|7307, 45349469|7407, 45349599|7978, 45350108|8127, 45350472|8387, 45350584|8530, 45356697|8650, 45357296|8775, 45363356|8909, 45363408|9018, 45366712|9402, 45375606|9530, 45376319|9656, 45382195|9794, 45384047|9961, 45385836|10567, 45397557|10681, 45398759|10797, 45398998|11059, 45403190|11187, 45406189|11327, 45406499|11446, 45407400|11541, 45407535|11732, 45407691|14148, 45408262|14218, org.mozilla.firefox, 
45411718|1723, 45412080|1895, 45413223|2053, 45413372|2141, 45419543|2248, 45420512|2356, 45420754|2756, 45426636|2871, 45429963|2995, 45430684|3142, 45431826|3267, 45432107|3521, 45435578|3630, 45441951|3768, 45445932|3888, 45446848|3981, 45446900|4702, 45447388|4837, 45447605|5872, 45451083|5988, 45451419|6093, 45452970|6246, 45462393|6365, 45463039|6450, 45463334|6541, 45463992|6738, 45464678|7246, 45473654|7361, 45473990|7593, 45475475|7673, 45475646|7780, 45475706|7977, 45478712|8062, 45480455|8157, 45480558|8227, 45481163|8537, 45481442|10839, 45481920|10907, 45482055|10973, de.mcdonalds.mcdonaldsinfoapp, 
45482160|2441, 45485611|2544, 45486897|2709, 45486949|2802, 45491377|2939, 45491649|3032, 45491832|3117, 45495573|3207, 45496184|3273, 45496653|3339, 45496922|3411, 45497438|3563, 45497671|10784, 45497904|10867, org.indywidualni.fblite, 
45498239|2282, 45498299|2373, 45502282|2478, 45508841|2577, 45510006|2656, 45510273|2751, 45514196|2825, 45514417|2904, 45514743|2976, 45515377|3055, 45515429|3123, 45515481|3190, 45515789|6228, 45529477|6345, 45529537|6530, 45536321|6628, 45537399|7623, 45537555|7693, 45539766|8020, 45539818|8118, 45541056|8669, 45541378|10910, 45541513|10976, com.paypal.android.p2pmobile, 
45542591|1584, 45542695|1675, 45542747|1737, 45543582|1832, 45543944|2165, 45549360|2302, 45549791|2413, 45570868|2648, 45571112|2760, 45571164|2860, 45579459|2971, 45579856|3110, 45580011|3192, 45582028|3376, 45582080|3465, 45583205|3557, 45586800|3780, 45588055|3956, 45588615|5312, 45590360|8749, 45590933|9081, 45590985|9380, 45593984|9466, 45594282|9566, 45594913|9789, 45596390|10988, 45596742|11471, 45596877|11542, 45597059|11972, 45600456|12056, 45600766|12310, 45600818|12389, 45601960|12483, de.prosiebensat1digital.prosieben, 
45602210|2094, 45605431|2207, 45616777|2446, 45617110|2909, 45617170|3107, 45620359|3508, 45620462|3838, 45620670|4162, 45620885|4577, 45626298|4671, 45646027|4804, 45648044|4915, 45650072|5039, 45672218|5132, 45674965|5225, 45675720|5342, 45676030|5435, 45676534|5513, 45676913|7190, 45683163|8104, 45683215|8211, 45691316|8418, 45691614|8509, 45692161|8587, 45692213|8685, 45692976|8882, 45693727|9052, 45694521|9153, 45694693|9237, 45701699|9318, 45702849|9399, 45703533|9517, 45704064|9636, 45707464|9725, 45708037|9798, 45710542|9878, 45710961|10127, 45711903|10221, 45712154|10477, 45712480|10833, 45713246|10927, 45713381|11147, org.mozilla.firefox, 
45713636|2566, 45713696|2791, 45719929|2959, 45720032|3259, 45720253|3504, 45720468|4326, 45725267|4433, 45725769|4506, 45726314|4575, 45730944|4683, 45733379|4764, 45739023|4884, 45742701|4963, 45743444|5046, 45743496|5112, 45744465|5210, 45788092|5307, 45841900|5429, 45842255|5518, 45842411|8070, 45842755|8154, 45843129|10944, 45843264|11017, de.zalando.mobile, 
45843540|2136, 45852308|2271, 45855136|2413, 45855240|2516, 45856508|3101, 45856741|9615, 45856781|9690, 45857051|10853, 45857111|13015, 45863344|13167, de.pilot.newyorker.android, 
45863404|1, 45867788|89, 45868140|323, 45868324|413, 45878733|579, 45881920|672, 45882023|1085, 45882244|1306, 45882499|2299, 45882559|2527, 45888792|2672, 45888895|2898, 45889116|3129, 45889331|3834, 45894130|3926, 45899191|3994, 45900010|4073, 45901857|4181, 45902118|4272, 45911277|4374, 45911768|4456, 45912123|4526, 45913144|4605, 45980242|4895, 46010903|4981, 46011059|5431, 46011403|5507, 46011777|10870, 46011912|10950, 46012130|12297, 46016546|12367, 46017464|12440, 46017887|12661, 46018033|12750, 46018511|12816, 46018773|13255, 46019265|13327, de.zalando.mobile, 
46019455|2354, 46019515|2442, 46021119|2515, 46021498|2612, 46021610|2912, 46023032|2993, 46023463|3059, 46035735|3131, 46096799|3218, 46096851|3367, 46096903|4054, 46097207|5876, 46130241|5979, 46150807|6095, 46153346|6212, 46153406|6604, 46153865|6733, 46154009|7817, 46154069|7917, 46155481|8008, 46156005|8101, 46156057|8198, 46168632|10008, 46184926|10125, 46185024|10971, 46185367|11126, 46186272|11198, 46186480|11264, 46186532|11334, de.spiegel.android.app.spon, 
46186790|2268, 46186850|2451, 46193083|2683, 46193186|2842, 46193522|3107, 46193705|3188, 46194277|3287, 46194329|3723, 46194381|3801, 46195213|4335, 46200878|4465, 46207642|4609, 46208158|4673, 46208874|4779, 46209309|4845, 46209361|4936, 46209753|5352, 46210002|5449, 46210386|5529, 46210666|5603, 46210718|5853, 46210885|8366, 46214719|8465, 46215029|8538, 46215081|8616, 46220727|8850, 46220787|9037, 46221340|9119, 46221492|9199, 46221746|9287, 46222141|9366, 46222425|9448, 46222485|9536, 46222597|9632, 46222735|9717, 46222880|9813, 46222951|9914, 46223324|10043, 46223607|10139, 46223890|10233, 46224252|10342, 46224539|10443, 46224591|10564, 46225266|11079, org.zwanoo.android.speedtest, 
46225378|2269, 46227295|2348, 46227347|2674, 46228844|2774, 46229283|2844, 46241875|2923, 46286594|3000, 46302653|3089, 46302705|3162, 46302757|3677, 46302937|5415, 46355217|5527, 46355364|5637, 46355476|7538, 46356896|7639, 46357412|7741, 46357497|8713, 46357557|9445, 46387392|9591, 46389246|9742, 46390151|10481, 46393243|10627, 46415657|10752, 46424379|10845, 46424431|10957, 46424639|11357, 46424691|11428, de.spiegel.android.app.spon, 
46430958|1616, 46431102|1725, 46431490|1837, 46431999|1997, 46432207|2502, 46437424|2568, 46437718|2638, 46442187|2746, 46442533|2819, 46442585|2882, 46445580|2955, 46445632|3181, 46450168|3568, 46450251|4821, 46450396|5486, 46455921|5600, 46460743|5738, 46460994|5815, 46461114|7006, 46461883|7076, 46462125|7146, 46462570|7216, 46462821|7282, 46462873|9948, 46463008|10833, 46463330|10931, 46463452|11842, 46466907|11946, 46467217|12529, 46467269|12610, 46468583|12715, 46472149|12836, 46475655|12989, com.airbnb.android, 
46476275|399, 46477123|514, 46477175|1194, 46477798|1310, 46478048|2043, 46481269|2205, 46487670|2555, 46493188|2787, 46493521|2962, 46493633|3164, 46496822|3454, 46497065|3802, 46502133|3935, 46502341|4099, 46502677|4359, 46502737|4620, 46507842|4769, 46507997|4862, 46508409|4985, 46530950|5127, 46537855|5384, 46554868|5519, 46562278|5669, 46562735|5818, 46563187|5923, 46563603|6145, 46564019|7128, 46564398|7506, 46564710|7994, 46570887|8343, 46571043|8476, 46571103|8738, 46579144|8856, 46579989|8970, 46580041|9100, 46581554|9268, 46583096|9781, 46583200|9909, 46590326|10048, 46591536|10189, 46597985|10336, 46598089|10456, 46599398|10733, 46599450|10842, 46600351|11187, 46600486|11501, org.mozilla.firefox, 
46604529|2320, 46612172|2519, 46612336|2649, 46616688|2786, 46617595|2930, 46617647|3060, 46618075|6075, 46631643|6160, 46631703|6358, 46638567|6457, 46639645|7532, 46639801|7598, 46646407|8098, 46646459|8167, 46647701|8663, 46648106|10753, 46648241|10890, com.paypal.android.p2pmobile, 
46648363|2003, 46651820|2144, 46652328|2281, 46653524|2387, 46653584|2464, 46659817|2673, 46659920|2831, 46661360|3077, 46661675|4953, 46665876|5032, 46669641|5110, 46670107|5172, 46670211|5240, 46676732|5387, 46676784|5643, 46677272|5858, 46677677|11039, 46677812|11141, 46677934|11491, 46681390|11608, 46681752|12633, 46682896|12770, com.tripadvisor.tripadvisor, 
46687663|2483, 46687977|2611, 46688888|2723, com.isis_papyrus.raiffeisen_pay_eyewdg, 
46689267|3852, 46712224|4014, 46712366|4448, 46716750|4539, 46716958|4628, 46717036|6022, 46721480|6170, 46721688|6379, 46721768|6455, 46721820|7743, 46721872|7812, 46722498|7882, 46722574|8027, 46722634|8099, 46726239|8168, 46726575|8257, 46727799|8323, 46727851|8395, 46728240|10179, 46728292|11114, 46728427|12312, org.chromium.chrome, 
46728549|1916, 46732005|2025, 46732315|2129, 46733510|2236, 46733570|2307, 46739741|2411, 46740710|2494, 46746671|3034, 46746731|3127, 46750162|3228, 46750943|3315, 46751612|3390, 46751664|3472, 46752806|3557, 46752974|3667, 46753034|3760, 46756557|3888, 46766129|4005, 46767045|4190, 46767097|4877, 46767585|5042, 46767690|6082, 46771822|6172, 46772168|6274, 46773940|6358, 46774141|6685, 46783504|6799, 46784150|6887, 46785103|7012, 46785480|7645, 46789897|7754, 46790777|7986, 46795893|8100, 46796203|8226, 46796263|8349, 46796315|8433, 46800960|8502, 46801063|8638, 46801668|8847, 46802425|10907, 46802560|10978, de.mcdonalds.mcdonaldsinfoapp, 
46802762|1666, 46802822|1739, 46803130|1855, 46803807|1962, 46804341|2227, 46830782|2401, 46831165|2638, 46831337|2737, 46836648|2841, 46840027|2956, 46840130|3068, 46840182|3181, 46842339|3558, 46844266|3659, 46844330|3749, 46845441|3856, 46850291|3956, 46850903|5287, 46850955|8389, 46852700|8672, 46852991|9037, 46853043|9124, 46856042|9206, 46856340|9287, 46856380|9472, 46857806|10704, 46859172|10816, 46859659|11047, 46859794|11138, 46863250|11537, 46863560|11953, 46864754|12053, de.prosiebensat1digital.prosieben, 
46865072|2199, 46868995|2284, 46869381|2365, 46876779|2519, 46876883|2583, 46876943|2651, 46880969|2728, 46881295|2794, 46881516|2861, 46882202|2943, 46882254|3013, 46893514|5874, 46895942|5968, 46902786|6070, 46903812|7156, 46903968|7224, 46910122|7611, 46910824|7852, 46911057|9956, 46911137|10027, 46911542|10794, 46911677|10875, com.paypal.android.p2pmobile, 
46911792|3134, 46918900|3222, 46919702|3302, 46920219|3758, 46920792|10161, 46921084|11030, 46921302|11932, 46925718|12075, 46926636|12147, 46926930|12430, 46927050|12505, 46927140|12578, 46927338|12646, 46927765|12787, 46927963|13103, 46928388|13302, com.instagram.android, 
46931180|2109, 46931845|2217, 46932207|2320, 46933351|2417, 46933609|2521, 46933798|2617, 46936965|2707, 46944039|2856, 46944091|2935, 46944194|3013, 46944415|3248, 46944583|3679, 46944635|4185, 46945312|4290, 46945435|4386, 46945495|4476, 46948656|4567, 46952188|4638, 46953213|4709, 46974298|4785, 46974489|5085, 46977851|5207, 46997400|5406, 47000784|5517, 47002990|5649, 47003154|5737, 47006611|5815, 47006714|5888, 47007681|5968, 47007856|10956, 47007908|11023, 47008043|11096, com.moshbit.studo, 
47008147|1726, 47008199|1809, 47009035|1912, 47009194|2091, 47009254|2155, 47012709|2227, 47013019|2292, 47013071|2365, 47013559|2590, 47013927|8520, 47013979|8611, 47014031|8687, 47021017|8769, 47021493|8961, 47021545|9142, 47021924|9251, 47021976|9434, 47023086|9892, 47023356|10925, com.tripadvisor.tripadvisor, 
47023478|1753, 47026934|1862, 47027244|1992, 47028698|2126, 47028758|2219, 47031925|2298, 47038679|2446, 47039000|2520, 47039052|2609, 47039155|2695, 47039376|2877, 47039544|3342, 47039700|3876, 47040325|3969, 47043486|4062, 47043546|4151, 47047078|4219, 47058315|4284, 47068948|4360, 47069087|4550, 47072500|4716, 47075539|4836, 47076294|4969, 47097325|5085, 47097493|5198, 47098514|5363, 47098741|10907, 47098876|11006, com.moshbit.studo, 
47099274|2186, 47109337|2302, 47141546|2434, 47152678|2638, 47159317|2822, 47162669|2902, 47169150|3248, 47173626|8037, 47178102|8104, 47182597|8234, 47187083|8303, 47191627|8369, 47196171|8453, 47200658|8515, 47205193|8582, 47208783|8649, 47213327|8723, 47214281|8801, 47215521|10908, 47215656|13607, com.fsck.k9, 
47215791|1551, 47219774|2165, 47220167|2248, 47220493|2323, 47221637|2395, 47221801|2463, 47231957|2534, 47232283|2599, 47233020|2728, 47233241|3190, 47233305|3338, 47233425|5735, 47246993|5842, 47247053|6050, 47253837|6132, 47254915|7209, 47255071|7275, 47255773|7492, 47257502|7569, 47262677|8033, 47263082|10925, 47263217|10990, 47263527|12827, 47263567|12902, com.paypal.android.p2pmobile, 
47263747|1987, 47264807|2070, 47289541|2198, 47303184|2324, 47307003|2446, 47313854|2571, 47314568|2658, 47315731|2742, 47326626|2837, 47330766|2921, 47331636|3022, 47332806|3106, 47333512|3206, 47338046|6524, 47341627|6596, 47346171|6665, 47347133|6743, 47351677|6815, 47356221|6883, 47360764|6954, 47365309|7028, 47369844|7121, 47374388|7195, 47378932|7268, 47379023|10778, 47379198|10895, 47380263|10979, com.fsck.k9, 
47383840|1962, 47384150|2121, 47385475|2250, 47388702|2357, 47395777|2545, 47395829|2629, 47395932|2779, 47396153|2987, 47396321|3434, 47396425|3809, 47397102|3925, 47397225|4021, 47397285|4119, 47400446|4196, 47403978|4285, 47415215|4349, 47425914|4448, 47425966|4645, 47429328|4829, 47429686|4920, 47452226|5086, 47454130|5219, 47454182|5302, 47455290|5404, 47455330|10573, 47456388|10647, 47456615|10840, 47456750|10910, com.moshbit.studo, 
47458202|2119, 47460793|2204, 47461119|2285, 47468435|2355, 47468623|2456, 47472546|2564, 47472975|2632, 47473609|2699, 47473661|2760, 47473934|2828, 47473974|4010, 47482806|5747, 47487662|5846, 47492078|6033, 47494506|6129, 47495584|7171, 47495688|7239, 47498860|7693, 47502537|7775, 47503239|7994, 47503644|10767, 47503779|10903, com.paypal.android.p2pmobile, 
47504393|2033, 47515439|2151, 47552000|2261, 47553297|2409, 47559145|2506, 47565370|2603, 47567599|2682, 47574080|2749, 47578614|6548, 47582195|6612, 47583148|6677, 47587701|6746, 47592245|6816, 47595826|6882, 47600379|6953, 47604914|7026, 47609459|7104, 47614003|7168, 47614957|7232, 47619501|7302, 47620741|10812, com.fsck.k9, 
47621120|3208, 47643661|3378, 47644077|3460, 47644159|3557, 47644219|3690, 47648887|3812, 47648947|3885, 47653331|3961, 47653539|4046, 47653675|7592, 47653727|7662, 47657617|7750, 47658842|7832, 47658894|7908, 47659165|9700, 47659297|9764, 47659349|10901, org.chromium.chrome, 
47659409|2046, 47663590|2123, 47663976|2264, 47665060|2336, 47671405|2401, 47675380|2467, 47675809|2600, 47676495|2670, 47676716|2747, 47677144|5716, 47690712|5808, 47695128|5919, 47697556|6020, 47698582|7033, 47698738|7099, 47699359|7326, 47701088|7395, 47705472|7651, 47705877|10852, 47706012|10989, 47706147|13728, com.paypal.android.p2pmobile, 
47706329|1743, 47709725|1821, 47710035|1933, 47711230|2025, 47711319|2103, 47717550|2177, 47717886|2250, 47718518|2351, 47718760|2768, 47724539|2863, 47727970|2954, 47728751|3055, 47729420|3144, 47729472|3245, 47730614|3353, 47730842|3488, 47741677|3575, 47741780|3678, 47743937|3761, 47744853|3873, 47744905|4494, 47745393|4713, 47745558|5688, 47749976|5771, 47750312|5951, 47757406|6057, 47762227|6186, 47762961|6435, 47766479|6548, 47769876|6738, 47770917|6890, 47776201|7010, 47776369|7151, 47777051|7318, 47778246|7411, 47782723|7521, 47782783|7621, 47788289|7744, 47788615|7834, 47788718|7925, 47789323|8081, 47790009|10953, 47790144|11040, 47790717|12124, de.mcdonalds.mcdonaldsinfoapp, 
47790757|2173, 47790797|4750, 47790837|4999, 47790994|5794, 47791054|5862, 47794752|5940, 47798619|6151, 47799009|6219, 47799151|6283, 47800543|6353, 47802103|6428, 47804309|6571, 47804361|6880, 47804496|10917, 47804631|11055, com.twitter.android, 
47804907|2204, 47814027|2367, 47816503|2516, 47816555|2596, 47817823|3066, 47818093|10861, 47818351|13137, 47818411|13359, 47824644|13611, de.pilot.newyorker.android, 
47824704|264, 47829088|333, 47829440|554, 47829624|625, 47829676|783, 47829728|856, 47829831|925, 47840240|1065, 47843555|1145, 47843615|1791, 47847010|1913, 47847372|2045, 47848516|2180, 47851743|2289, 47852174|2401, 47858818|2514, 47858870|2595, 47858973|2667, 47859194|3112, 47859583|3268, 47859687|3866, 47860364|3972, 47863525|4155, 47863585|4221, 47864016|4291, 47877404|4364, 47888887|4438, 47889408|4505, 47892821|4774, 47893119|4918, 47912184|4998, 47913187|5223, 47913355|5313, 47913779|5969, 47917873|6121, 47918831|6221, 47919609|6289, 47919661|6353, 47919829|6947, 47920037|9174, 47920264|10909, 47920399|11051, com.moshbit.studo, 
47920443|2404, 47925166|2499, 47926391|2600, com.isis_papyrus.raiffeisen_pay_eyewdg, 
47926451|1925, 47935279|2059, 47935983|2209, 47938107|2330, 47938211|2454, 47939058|2706, 47939479|2794, 47939884|10816, 47940019|10884, 47940277|13001, 47940337|13239, 47946570|13429, 47946630|13976, de.pilot.newyorker.android, 
47951014|1, 47951366|214, 47951550|323, 47965094|427, 47965197|534, 47965418|838, 47965533|2609, 47972641|2699, 47973150|2778, 47973443|2851, 47973960|2995, 47974252|11029, com.instagram.android, 
47974510|2439, 47974570|2597, 47980803|2912, 47981021|3173, 47981264|3264, 47982005|3343, 47982208|3424, 47982268|3503, 47987761|3586, 47988071|3717, 47988123|3796, 47988558|3872, 47989085|4391, 47989205|4463, 47995969|4585, 47996175|4655, 47996839|4734, 47997480|5246, 47997864|5337, 47998144|5414, 47998311|8154, 48002145|8238, 48002455|8410, 48002507|8498, 48008207|8681, 48008267|8863, 48008920|8952, 48009174|9040, 48009569|9135, 48009763|9212, 48009853|9291, 48010025|9372, 48010163|9451, 48010237|9550, 48010308|9637, 48010450|9734, 48010752|9823, 48011106|9918, 48011318|10006, 48011490|10091, 48011773|10182, 48011967|10300, 48012642|11612, 48012722|12479, 48012802|12563, org.zwanoo.android.speedtest, 
48012842|1380, 48013024|1646, 48013280|1725, 48013384|1869, 48014491|2024, 48019787|2170, 48041126|2438, 48041427|2538, 48041539|2626, 48045258|2762, 48050569|2861, 48050621|2960, 48051540|3048, 48051592|3131, 48053905|3245, 48054077|3341, 48055521|3442, 48056870|3538, 48058757|3628, 48059317|5120, 48059747|7735, 48062595|7820, 48062750|7906, 48064443|8025, 48064713|8401, 48064765|8480, 48067764|8575, 48068062|8656, 48068102|8873, 48068214|9807, 48069283|9899, 48069632|10100, 48070263|10355, 48071475|10983, 48072133|11085, 48076630|11231, 48076869|11336, 48077117|11411, 48077252|11474, de.prosiebensat1digital.prosieben, 
48080723|2153, 48081033|2279, 48092067|2412, 48092400|2962, 48092460|3401, 48095649|3723, 48095752|3949, 48095960|4339, 48096063|4519, 48101801|4628, 48105656|4834, 48122706|4944, 48126247|5065, 48127833|5168, 48138730|5257, 48139518|5358, 48153583|5445, 48153997|5548, 48154307|5655, 48154605|5748, 48154827|7202, 48155206|7283, 48161531|8203, 48161583|8311, 48161691|8517, 48169684|8624, 48170529|8707, 48170581|8785, 48171344|8890, 48172093|9155, 48172887|9278, 48172939|9421, 48180801|9538, 48181266|9647, 48182003|9753, 48182063|9858, 48185829|9948, 48188520|10042, 48188572|10119, 48189881|10276, 48189933|10379, 48190259|11013, 48191108|11086, 48191243|11240, org.mozilla.firefox, 
48191358|2504, 48198466|2585, 48199268|2688, 48199320|2763, 48199963|3204, 48200046|3848, 48200098|8907, 48200244|10812, 48200390|10879, com.instagram.android, 
48205157|2290, 48206382|2487, com.isis_papyrus.raiffeisen_pay_eyewdg, 
48206564|1743, 48209959|1837, 48210269|2045, 48211465|2134, 48211621|4419, 48211780|4495, 48212466|4563, 48215921|4646, 48216231|4713, 48216283|4778, 48216771|4931, 48216982|10694, 48217042|10821, 48224304|10891, com.tripadvisor.tripadvisor, 
48225327|2084, 48242670|2239, 48255846|2353, 48259011|2452, 48261692|2561, 48264998|2658, 48282683|2797, 48290904|2904, 48293150|3010, 48294801|3178, 48298091|3634, 48299202|7163, 48299254|7240, 48305036|7757, 48309622|8234, 48317747|8388, 48323255|8500, 48331390|8614, 48336831|8695, 48341308|8769, 48345794|8845, 48350210|8969, 48351450|11039, com.fsck.k9, 
48351494|2182, 48356217|2283, 48356531|2385, 48357442|2464, com.isis_papyrus.raiffeisen_pay_eyewdg, 
48357677|2783, 48365148|2864, 48365519|2948, 48366036|3380, 48366182|10945, 48366328|11011, com.instagram.android, 
48366450|1682, 48366510|1790, 48369906|1901, 48370216|1992, 48371412|2065, 48371839|4281, 48375920|4343, 48376230|4425, 48376282|4504, 48376770|4724, 48376882|10469, 48377138|10567, 48384180|10680, 48385061|10881, com.tripadvisor.tripadvisor, 
48388055|2075, 48433179|2224, 48435061|2373, 48443229|2476, 48447733|2578, 48455209|2657, 48458790|6424, 48459709|6492, 48464243|6562, 48468796|6625, 48472377|6707, 48476921|6778, 48481474|6848, 48482428|6912, 48486973|6980, 48491508|7073, 48495098|7132, 48499642|7199, 48500596|7286, 48500687|10654, 48503479|10865, 48504719|10987, com.fsck.k9, 
48508174|1773, 48508484|1992, 48508536|2063, 48509680|2228, 48509836|4337, 48510055|4406, 48514136|4475, 48514446|4543, 48514498|4612, 48515474|5009, 48515759|9791, 48515839|9896, 48515891|10595, 48516207|10696, 48523249|10828, 48523571|10906, 48524182|11056, com.tripadvisor.tripadvisor, 
48524226|2142, 48528949|2248, 48529263|2345, 48530174|2430, com.isis_papyrus.raiffeisen_pay_eyewdg, 
48530356|1751, 48533751|1895, 48534061|2015, 48534113|2090, 48535257|2183, 48535309|4043, 48535465|4311, 48536310|4380, 48539765|4456, 48540075|4593, 48540127|4668, 48540615|4823, 48540667|10450, 48540727|10550, 48541035|10626, 48548027|10703, 48548908|10892, com.tripadvisor.tripadvisor, 
48549065|5210, 48549125|5277, 48552823|5431, 48556690|5533, 48557080|5598, 48557222|5659, 48557612|5733, 48560174|5805, 48560264|5877, 48562382|5951, 48562434|6089, 48562569|10881, 48562704|10955, com.twitter.android, 
48562886|1799, 48566283|1905, 48566593|2112, 48567789|2197, 48568104|4361, 48568790|4427, 48572245|4511, 48572555|4576, 48572607|4644, 48573095|4790, 48573207|10631, 48573598|10753, 48579407|10815, 48580962|10896, com.tripadvisor.tripadvisor, 
48581022|1653, 48585082|1767, 48585392|1867, 48586588|1979, 48586744|4330, 48586903|4392, 48591044|4456, 48591354|4575, 48591406|4630, 48591894|4811, 48592006|10100, 48592262|10183, 48599251|10251, 48599303|10330, 48599914|10521, 48600049|10574, com.tripadvisor.tripadvisor, 
48600109|4371, 48603807|4434, 48607674|4607, 48608154|4661, 48608206|4712, 48611161|4827, 48613368|5002, 48613420|5178, 48613500|8248, 48613583|10332, 48613635|10391, 48613770|10447, com.twitter.android, 
48613830|4407, 48617528|4464, 48621395|4659, 48621875|4713, 48622317|4818, 48624881|4882, 48627088|4967, 48627140|5198, 48627275|10426, 48627410|10546, 48627514|12075, com.twitter.android, 
48627574|4395, 48630366|4450, 48631272|4521, 48635139|4632, 48635619|4690, 48636061|4800, 48638623|4866, 48640830|4989, 48640882|5455, 48640946|5627, 48640998|6710, 48641133|10314, 48641268|10390, com.twitter.android, 
