||class android.net.TrafficStats:public static long android.net.TrafficStats.getTotalTxPackets()
44112|1, 44121|150, 44123|547, 44126|758, 44133|853, 44136|987, 44137|1462, 44139|1551, 44149|1737, 44162|1823, 44188|1947, 44217|2047, 44254|2137, 44278|2237, 44282|2313, 44290|2414, 44291|2483, 44292|3384, 44294|3541, 44300|3627, 44303|3697, 44305|4565, 44316|4669, 44323|4771, 44326|4878, 44327|5001, 44328|5154, 44331|5264, 44333|5388, 44342|5491, 44357|5603, 44369|5693, 44372|5771, 44378|5844, 44383|5925, 44389|5977, 44390|6937, 44391|7003, 44411|7619, 44421|7696, 44423|7877, 44425|9373, 44426|9426, 44427|9539, org.mozilla.firefox, 
44434|1184, 44441|1277, 44442|1357, 44444|1523, 44446|1661, 44447|1937, 44450|1992, 44454|2044, 44456|2100, 44457|2158, 44459|2208, 44461|2254, 44463|2311, 44469|2364, 44471|2419, 44472|2610, 44473|2778, 44476|2831, 44477|4927, 44479|4988, 44480|5047, 44486|5125, 44488|5250, 44492|5306, 44494|5360, 44497|5788, 44499|5837, 44501|5890, 44513|5942, 44514|5994, 44516|6050, 44518|6161, 44529|10056, 44530|11142, 44533|11242, 44536|11310, 44537|11742, 44538|11823, 44540|11886, 44545|11952, 44546|12035, com.airbnb.android, 
44547|877, 44549|1070, 44550|1177, 44553|1386, 44557|1497, 44558|1587, 44559|1663, 44560|2036, 44574|2202, 44581|2296, 44601|2419, 44609|2614, 44611|2732, 44614|2829, 44624|2937, 44627|3124, 44628|3192, 44629|3282, 44631|3375, 44641|3484, 44648|3652, 44649|3736, 44656|4331, 44657|4401, 44664|4906, 44665|4984, 44666|5067, 44667|5236, 44674|5655, 44678|5984, 44680|6843, 44686|6973, 44694|7093, 44697|7192, 44699|8060, 44703|8155, 44704|8255, 44706|8348, 44707|8483, 44708|8830, 44710|8959, 44720|9077, 44723|9211, 44724|10137, 44729|10254, 44745|10399, 44747|10470, 44748|12124, 44749|12244, 44752|12377, 44753|12494, de.prosiebensat1digital.prosieben, 
44754|809, 44755|877, 44756|1031, 44757|1117, 44758|2845, 44773|2983, 44803|3142, 44804|3397, 44805|3482, 44812|3570, 44813|3713, 44814|4747, 44815|4819, 44821|4937, 44823|5087, 44824|7324, 44825|7383, 44827|7431, 44829|7490, 44831|7544, 44833|7592, 44839|7638, 44842|9440, 44850|9997, 44852|10066, 44853|10123, org.chromium.chrome, 
44854|1496, 44855|1555, 44859|1620, 44861|1702, 44866|1904, 44868|1976, 44873|2030, 44874|2090, 44875|2149, 44885|2220, 44887|2411, 44888|2585, 44889|2648, 44890|2744, 44892|2823, 44894|2935, 44902|3013, 44904|3122, 44907|3183, 44913|3258, 44919|3339, 44925|3421, 44927|3474, 44931|3538, 44938|3614, 44941|3665, 44946|3721, 44951|3807, 44952|3867, 44954|3921, 44958|3999, 44959|4062, 44967|4120, 44969|4190, 44971|4307, 44973|4357, 44976|4420, 44979|4476, 44981|4530, 44982|4653, 44983|4722, 44987|4823, 44992|4947, 45001|5048, 45004|5126, 45006|5201, 45008|5671, 45009|5774, 45015|10086, 45020|10136, 45024|10246, com.moshbit.studo, 
45025|1648, 45044|1738, 45074|1836, 45105|1966, 45137|2122, 45157|2233, 45165|2320, 45170|2419, 45171|2492, 45176|2598, 45177|3040, 45180|3115, 45181|5848, 45183|6048, 45186|6592, 45188|6901, 45192|6996, 45197|7121, 45201|7207, 45202|7280, 45205|7337, 45208|7397, 45211|7457, 45214|7522, 45219|7587, 45229|10120, 45247|10182, com.fsck.k9, 
45248|2280, 45253|2409, 45270|2483, 45275|2544, 45276|2595, 45278|2704, 45281|10207, 45287|10306, com.instagram.android, 
45288|1490, 45289|1577, 45291|1785, 45292|1923, 45299|1987, 45302|2054, 45306|2116, 45310|2212, 45315|2291, 45333|2405, 45342|2526, 45349|2652, 45354|2758, 45356|2912, 45365|3087, 45367|3323, 45368|3834, 45373|10049, 45379|10109, 45383|10212, 45384|11971, 45385|12121, 45387|12362, 45393|12476, 45394|12801, 45396|12871, de.pilot.newyorker.android, 
45400|1, 45401|118, 45405|229, 45406|286, 45417|337, 45421|399, 45422|640, 45423|1764, 45426|1936, 45429|2060, 45430|2257, 45436|2343, 45441|2427, 45446|2483, 45462|2548, 45469|2613, 45471|3450, 45473|3514, 45474|4452, 45477|4529, 45483|4597, 45513|4666, 45524|4766, 45525|4849, 45527|4952, 45530|5042, 45548|5117, 45549|5181, 45551|5243, 45553|5310, 45554|5388, 45557|5462, 45558|5541, 45560|5996, 45565|6074, 45566|6261, 45567|6339, 45570|6419, 45571|6696, 45582|6779, 45583|7320, 45584|7397, 45586|7985, 45589|8079, 45590|8269, 45600|8336, 45627|8429, 45674|8502, 45684|8593, 45685|9055, 45690|9141, 45717|9263, 45729|9356, 45730|9440, 45735|9539, 45746|9639, 45750|9748, 45756|9981, 45767|10080, 45781|10178, 45805|10319, 45820|10376, 45833|10428, 45834|10479, 45835|10533, de.spiegel.android.app.spon, 
45837|1768, 45843|1864, 45844|1951, 45846|2018, 45847|2095, 45848|10008, com.isis_papyrus.raiffeisen_pay_eyewdg, 
45849|1478, 45850|1572, 45854|1683, 45856|1775, 45858|1863, 45860|1931, 45861|1983, 45862|2040, 45863|2106, 45864|2162, 45865|2229, 45867|2315, 45873|2402, 45875|2481, 45878|2576, 45879|2670, 45880|2768, 45881|2909, 45882|2973, 45883|3029, 45884|3137, 45885|4172, 45886|4331, 45888|10122, 45890|10172, com.duckduckgo.mobile.android, 
45891|1584, 45893|1664, 45895|1740, 45896|1806, 45897|1968, 45901|2108, 45905|2168, 45908|2235, 45913|2298, 45936|2371, 45938|3116, 45940|3235, 45943|4085, 45949|4150, 45985|4229, 45991|4319, 45992|5693, 45994|5836, 45997|5910, 45999|5979, 46001|6052, 46002|6288, 46004|6359, 46023|6448, 46024|6819, 46029|6895, 46035|6973, 46036|7068, 46039|7453, 46050|7528, 46078|7616, 46084|7702, 46086|7768, 46087|7843, 46088|7917, 46095|7986, 46097|8080, 46099|8163, 46100|8249, 46102|8326, 46105|8403, 46115|8490, 46130|8587, 46162|8672, 46163|8750, 46164|8898, 46166|8977, 46188|9063, 46189|9171, 46191|9255, 46192|9340, 46195|9537, 46199|9642, 46218|9750, 46228|9860, 46234|9944, 46239|10050, 46242|10270, 46245|10379, 46255|10442, 46262|10492, 46263|10597, de.spiegel.android.app.spon, 
46265|1674, 46266|1749, 46269|1812, 46271|1875, 46280|1940, 46282|2013, 46283|2074, 46289|2190, 46290|2240, 46293|2295, 46299|2365, 46300|2415, 46301|2466, 46303|2524, 46306|2585, 46307|2642, 46314|2775, 46316|2970, 46317|3432, 46318|4752, 46324|4828, 46336|4913, 46337|5005, 46343|5074, 46345|5141, 46346|5444, 46347|5514, 46349|5593, 46352|5676, 46353|5736, 46355|5805, 46359|5865, 46363|5916, 46365|6235, 46370|6298, 46372|6456, 46373|6554, 46375|6902, 46376|9161, 46381|10216, 46387|10266, 46391|10372, com.paypal.android.p2pmobile, 
46392|53, 46393|105, 46394|1122, 46396|1496, 46406|1646, 46412|1765, 46418|1842, 46421|1910, 46424|2444, 46428|10099, 46434|10159, 46435|12126, 46436|12287, 46438|12510, 46444|12620, 46445|12856, de.pilot.newyorker.android, 
46447|1, 46451|63, 46452|170, 46453|229, 46456|299, 46458|358, 46460|466, 46471|520, 46474|599, 46475|721, 46479|2039, 46483|2158, 46489|2252, 46493|2351, 46495|2445, 46499|2533, 46502|2605, 46508|2684, 46511|2749, 46513|2801, 46514|2857, 46517|2972, 46519|10009, 46525|10068, org.indywidualni.fblite, 
46526|1411, 46527|1475, 46532|1547, 46534|1638, 46535|1736, 46537|1804, 46543|1874, 46545|1939, 46546|1997, 46547|2068, 46548|2224, 46551|2299, 46558|2370, 46564|2449, 46572|2534, 46573|2602, 46574|2667, 46576|2817, 46580|2903, 46583|2972, 46587|3052, 46588|3121, 46591|3195, 46598|3263, 46600|3332, 46601|3398, 46602|3747, 46605|3830, 46613|3911, 46619|4006, 46625|4100, 46626|4717, 46629|4776, 46641|4866, 46644|4984, 46646|5073, 46657|5166, 46662|5266, 46665|5338, 46671|5446, 46675|5514, 46676|5583, 46679|5722, 46680|5796, 46681|5867, 46685|6177, 46689|6256, 46696|6375, 46698|6458, 46700|6544, 46702|6621, 46708|6676, 46711|6779, 46718|6865, 46720|6934, 46723|7011, 46724|7067, 46729|7129, 46733|7183, 46739|7234, 46740|7290, 46741|7512, 46753|10300, 46756|10350, 46764|10398, 46766|10453, 46768|10504, de.mcdonalds.mcdonaldsinfoapp, 
46769|1309, 46770|1381, 46773|2319, 46779|2421, 46785|2518, 46791|2645, 46792|2722, 46796|2823, 46800|2900, 46805|3010, 46813|3087, 46820|3173, 46825|3251, 46832|3383, 46835|3688, 46839|3762, 46840|3832, 46842|3911, 46844|3978, 46846|4038, 46847|5118, 46848|5184, 46852|5260, 46853|5379, 46858|5448, 46869|5502, 46870|5560, 46871|6052, 46873|6099, 46875|6151, 46883|6207, 46884|6260, 46890|6314, 46896|6374, 46897|6473, 46898|6525, 46904|10084, 46915|10149, com.waze, 
46918|289, 46919|1942, 46921|2008, 46932|2114, 46938|2195, 46940|2896, 46942|3636, 46948|10172, com.instagram.android, 
46949|1848, 46950|1909, 46952|2087, 46958|2332, 46961|2438, 46962|2508, 46967|2569, 46971|2624, 46976|2682, 46978|2740, 46980|2807, 46982|2864, 46984|2976, 46985|3036, 46991|3197, 46998|3335, 47003|3407, 47010|3463, 47015|3543, 47017|3626, 47018|3691, 47021|3962, 47024|4032, 47029|4109, 47030|4165, 47031|4225, 47033|4290, 47034|4356, 47036|4422, 47037|6952, 47038|7063, 47043|7147, 47044|7208, 47045|7277, 47048|7766, 47050|7839, 47052|7909, 47056|7971, 47059|8033, 47063|8096, 47066|8156, 47074|8233, 47077|8308, 47081|8390, 47086|8485, 47087|8548, 47089|8605, 47091|8664, 47092|8727, 47093|8788, 47094|8852, 47096|8916, 47104|8986, 47107|9052, 47110|9128, 47113|9188, 47119|9255, 47123|9321, 47127|9400, 47132|10144, 47134|10203, 47140|10265, 47142|10322, org.zwanoo.android.speedtest, 
47146|1445, 47159|1566, 47161|1673, 47167|1771, 47172|1868, 47174|2133, 47178|10025, 47184|10159, 47185|12287, 47187|12519, 47193|12691, de.pilot.newyorker.android, 
47194|1, 47196|122, 47200|229, 47201|400, 47203|463, 47206|519, 47219|641, 47221|702, 47222|891, 47223|1995, 47224|2055, 47229|2146, 47232|2211, 47238|2324, 47242|2444, 47246|2544, 47250|2652, 47254|2728, 47264|2826, 47275|2898, 47278|2971, 47279|3035, 47280|3325, 47281|3434, 47282|3512, 47283|4275, 47310|4328, 47316|4389, 47324|4776, 47325|4832, 47335|4897, 47336|5016, 47337|5122, 47338|9067, 47339|9172, 47342|9230, 47345|9287, 47346|9338, 47349|9394, 47350|9517, 47355|9873, 47364|10011, 47373|10074, 47374|10125, com.waze, 
47375|939, 47376|1711, 47377|2196, 47378|2261, 47381|2325, 47384|2388, 47386|2444, 47391|2525, 47393|2577, 47394|2814, 47396|2954, 47400|3039, 47406|3126, 47408|3206, 47414|3263, 47416|3431, 47419|3516, 47422|3584, 47427|3647, 47429|3708, 47430|3778, 47431|5097, 47432|6515, 47433|6584, 47435|6645, 47438|6714, 47439|6774, 47440|6837, 47443|7117, 47444|7189, 47450|7244, 47453|7331, 47454|7394, 47457|7464, 47464|7529, 47467|7590, 47469|7654, 47472|7714, 47475|7769, 47478|7828, 47479|7889, 47480|7947, 47481|8011, 47482|8079, 47483|8143, 47491|8210, 47496|8284, 47500|8346, 47508|8403, 47511|8460, 47513|8527, 47515|9900, 47519|10065, 47524|10359, 47528|10412, 47534|10470, org.zwanoo.android.speedtest, 
47535|1699, 47536|1780, 47538|1974, 47545|2300, 47549|2373, 47554|2445, 47558|2507, 47562|2567, 47563|2675, 47564|2746, 47565|2861, 47567|3065, 47570|3151, 47579|3242, 47586|3318, 47588|3389, 47589|3448, 47593|3564, 47601|3735, 47602|3792, 47603|3849, 47604|3907, 47605|6562, 47607|6624, 47610|6686, 47611|6756, 47612|6871, 47617|7204, 47618|7269, 47621|7325, 47628|7389, 47630|7456, 47636|7522, 47642|7587, 47645|7652, 47648|7719, 47651|7786, 47654|7851, 47656|7918, 47657|7982, 47658|8044, 47659|8111, 47660|8173, 47668|8247, 47671|8316, 47674|8372, 47679|8432, 47685|8494, 47687|8557, 47689|8651, 47694|10093, 47697|10181, 47704|10372, 47712|10429, org.zwanoo.android.speedtest, 
47713|1243, 47718|1434, 47721|1534, 47723|1599, 47729|1670, 47731|1724, 47732|1847, 47734|2032, 47736|2100, 47749|2198, 47760|2276, 47767|2351, 47769|2429, 47770|2500, 47771|2585, 47775|2681, 47779|2762, 47780|2843, 47781|2926, 47782|3480, 47783|3740, 47784|4386, 47787|4574, 47790|4642, 47792|4723, 47795|4829, 47809|4923, 47811|5006, 47815|5101, 47822|5193, 47824|5272, 47829|5387, 47835|5501, 47837|5765, 47841|5839, 47852|5914, 47854|5994, 47857|6076, 47858|6130, 47866|6185, 47869|6346, 47872|6416, 47874|6611, 47877|6776, 47879|6831, 47890|10021, 47901|10075, 47904|10180, de.mcdonalds.mcdonaldsinfoapp, 
47906|1483, 47912|1607, 47922|1744, 47929|1859, 47931|1959, 47934|2461, 47935|9348, 47939|10094, 47945|10167, 47946|11882, 47948|12089, 47950|12170, 47956|12258, 47957|12493, 47958|12602, 47959|12663, 47963|12720, 47964|12777, 47966|12873, de.pilot.newyorker.android, 
47969|1, 47983|126, 47984|208, 47985|381, 47986|1628, 47988|1783, 47991|1863, 47992|2087, 47998|2182, 48000|2238, 48002|2305, 48017|2367, 48030|2439, 48031|2557, 48032|2623, 48033|3334, 48034|3385, 48037|4193, 48041|4265, 48055|4334, 48086|4429, 48090|4510, 48091|4611, 48092|4700, 48095|4770, 48127|4834, 48128|4905, 48129|5583, 48131|5656, 48134|5723, 48136|5814, 48137|5897, 48138|5957, 48139|6109, 48142|6183, 48153|6255, 48154|7246, 48165|7329, 48186|7399, 48187|7950, 48194|8053, 48218|8139, 48222|8219, 48234|8298, 48243|8377, 48246|8452, 48249|8532, 48261|8609, 48263|8684, 48274|8756, 48305|8845, 48311|8936, 48317|9035, 48318|9586, 48327|9682, 48337|9777, 48361|9877, 48364|9961, 48368|10043, 48369|10137, 48375|10217, 48386|10385, 48396|10444, 48397|10548, 48399|12665, de.spiegel.android.app.spon, 
48401|1482, 48405|1559, 48406|2142, 48407|2255, 48408|6899, com.whatsapp, 
48409|1599, 48410|1684, 48413|1767, 48414|1843, 48418|2045, 48420|2106, 48423|2157, 48425|2217, 48430|2281, 48453|2340, 48454|2477, 48455|2535, 48456|3238, 48457|3287, 48458|4088, 48461|4145, 48467|4208, 48506|4325, 48507|4403, 48510|4571, 48511|4637, 48514|4701, 48515|4783, 48517|4846, 48518|4917, 48519|5568, 48521|5711, 48523|5785, 48526|5859, 48527|5970, 48529|6273, 48532|6345, 48549|6421, 48550|6792, 48573|6860, 48576|7443, 48584|7523, 48606|7628, 48615|7699, 48616|8028, 48618|8236, 48626|8416, 48638|8506, 48659|8593, 48669|8671, 48671|8957, 48693|9029, 48694|9115, 48695|9218, 48697|9347, 48699|9440, 48703|9541, 48715|9643, 48734|9756, 48737|9845, 48744|9941, 48751|10058, 48759|10145, 48763|10232, 48764|10310, 48788|10464, 48789|10513, 48790|10616, de.spiegel.android.app.spon, 
48791|1177, 48805|1308, 48810|1408, 48811|1586, 48814|1726, 48815|1954, 48818|2048, 48823|2103, 48824|2159, 48825|2207, 48826|2258, 48828|2321, 48831|2380, 48836|2437, 48837|2501, 48838|2557, 48839|2705, 48843|2910, 48844|5093, 48847|5174, 48853|5307, 48854|5428, 48858|5488, 48860|5539, 48862|6018, 48863|6073, 48867|6122, 48879|6236, 48880|6298, 48882|6416, 48884|6477, 48887|10138, 48892|10190, 48895|11385, 48898|11457, 48899|11815, 48900|11954, 48901|12022, 48903|12090, 48908|12156, com.airbnb.android, 
48910|1064, 48911|1186, 48912|1518, 48914|1643, 48916|1759, 48917|1930, 48921|2032, 48926|2104, 48933|2204, 48943|2282, 48956|2381, 48957|2478, 48958|2584, 48964|2688, 48966|2948, 48968|3039, 48970|3134, 48977|3405, 48978|3500, 48985|3920, 48989|4037, 48995|4115, 49038|4214, 49039|4341, 49046|4579, 49047|4661, 49054|5199, 49055|5341, 49058|5446, 49070|5554, 49072|5675, 49073|6755, 49074|7195, 49097|7328, 49098|7713, 49100|7809, 49104|7897, 49114|8011, 49146|8111, 49168|8203, 49172|8471, 49184|8557, 49216|8658, 49223|8769, 49229|8875, 49231|9389, 49236|9629, 49247|9741, 49254|9838, 49260|9954, 49265|10082, 49266|10221, 49267|10336, 49279|10483, 49284|10543, 49285|10671, de.spiegel.android.app.spon, 
49286|114, 49288|690, 49289|754, 49290|891, 49291|1885, 49292|2020, 49294|2141, 49300|2337, 49301|2403, 49303|2610, 49305|2926, 49306|2990, 49307|3057, 49310|3148, 49311|3236, 49320|3309, 49328|3389, 49331|3472, 49342|3530, 49347|3619, 49350|3691, 49361|3785, 49362|3859, 49364|3929, 49370|4023, 49376|4096, 49377|4153, 49378|4218, 49379|4531, 49380|4601, 49395|5824, 49396|5936, 49420|6581, 49423|7051, 49424|7253, 49428|10152, 49435|10248, 49440|10307, de.zalando.mobile, 
49441|1621, 49443|1773, 49447|1868, 49448|1979, 49452|2097, 49454|2161, 49459|2220, 49460|2281, 49461|2333, 49471|2431, 49473|2596, 49474|2807, 49476|3124, 49477|3215, 49479|3471, 49480|3554, 49482|3646, 49483|3728, 49486|3793, 49492|3854, 49497|3913, 49503|3984, 49508|4056, 49513|4161, 49519|4275, 49533|4526, 49542|4639, 49549|4733, 49553|4794, 49556|4854, 49558|4912, 49559|4971, 49560|5128, 49562|5219, 49563|5296, 49564|10191, 49574|10375, 49576|10488, com.moshbit.studo, 
49577|1788, 49578|1859, 49580|2289, 49587|2492, 49589|2703, 49591|2955, 49594|3029, 49601|3134, 49605|3198, 49611|3277, 49615|3366, 49624|3470, 49629|3541, 49636|3630, 49637|3691, 49675|3863, 49678|3977, 49681|4372, 49682|4547, 49683|4680, 49686|10498, 49694|10595, 49696|10740, de.zalando.mobile, 
49697|3460, 49702|3604, 49734|3736, 49743|3910, 49744|4254, 49745|4338, 49747|4408, 49752|4512, 49753|4604, 49754|5940, 49755|6016, 49762|6133, 49763|6341, 49764|7910, 49767|7990, 49771|8057, 49773|8143, 49775|8206, 49777|8292, 49780|10012, 49788|11091, 49789|11215, org.chromium.chrome, 
49791|2675, 49796|2761, 49799|2887, 49806|2982, 49811|3162, 49815|3282, 49816|3398, 49819|3519, 49820|3626, 49823|3742, 49830|3848, 49834|3922, 49835|3995, 49836|4285, 49837|4508, 49839|4584, 49842|4671, 49846|4757, 49852|4825, 49853|5545, 49886|5696, 49894|6280, 49895|6346, 49905|6438, 49906|6498, 49907|6643, 49916|10826, 49924|10904, com.waze, 
49925|2547, 49927|2635, 49930|2722, 49937|2855, 49941|2982, 49942|3116, 49945|3229, 49949|3333, 49950|3447, 49953|3556, 49956|3642, 49963|3710, 49964|3800, 49965|3870, 49966|4184, 49967|4317, 49968|4452, 49969|5447, 50001|5533, 50009|6090, 50010|6218, 50021|6294, 50022|6419, 50023|6497, 50028|10776, 50038|10863, com.waze, 
50040|2201, 50042|2312, 50045|2403, 50047|2506, 50050|2602, 50051|2674, 50052|2822, 50053|2890, 50055|2979, 50056|3066, 50059|3187, 50065|3295, 50066|3401, 50072|3513, 50073|3942, 50075|4084, 50076|4296, 50077|5665, 50078|5770, 50080|10868, 50082|10933, com.duckduckgo.mobile.android, 
50083|2397, 50084|2484, com.whatsapp, 
50085|2440, 50089|3217, 50090|6734, 50091|6937, 50094|7069, 50099|7140, 50100|7536, 50101|7668, 50105|7741, 50106|7956, 50108|8253, 50109|8324, 50110|8394, com.whatsapp, 
50112|2966, 50114|3168, 50120|3396, 50121|3666, 50123|3889, 50124|4071, 50126|5231, 50128|5337, 50130|5395, 50134|5451, 50135|5518, 50136|5580, 50140|5636, 50143|5689, 50144|5796, 50145|5853, 50146|5916, 50149|5981, 50150|6523, 50151|6778, 50152|6836, 50153|6892, 50154|7067, 50155|10637, 50157|10710, 50159|10771, 50163|10831, com.twitter.android, 
50164|2184, 50166|2261, 50177|2343, 50182|2407, 50183|2467, 50185|2890, 50187|10361, 50191|10423, com.instagram.android, 
50192|1190, 50194|1262, 50198|1355, 50200|1446, 50201|1512, 50205|1576, 50210|1640, 50212|1701, 50213|1818, 50214|1986, 50215|2052, 50219|2129, 50231|2199, 50233|2272, 50237|2327, 50240|2570, 50244|2689, 50257|2763, 50258|2844, 50260|2942, 50261|3018, 50262|3081, 50263|3341, 50265|3900, 50266|4195, 50268|4324, 50272|4399, 50273|4487, 50275|4564, 50277|4651, 50283|4715, 50291|4823, 50293|4908, 50295|5010, 50298|5302, 50303|5394, 50314|5499, 50316|5610, 50321|5696, 50326|5766, 50327|5823, 50329|5938, 50330|5991, 50331|6043, 50336|6098, 50337|6365, 50338|6492, 50349|10044, 50355|10090, 50362|10141, 50364|10194, 50365|10614, 50366|10666, de.mcdonalds.mcdonaldsinfoapp, 
50367|2455, 50372|2570, 50405|2694, 50415|2812, 50418|2940, 50423|3031, 50424|3098, 50426|3901, 50428|3995, 50433|4089, 50434|4169, 50435|5724, 50436|5774, 50437|6862, 50438|6963, 50440|7014, 50444|7087, 50446|7140, 50452|7197, 50455|8985, 50463|10051, 50464|10120, org.chromium.chrome, 
50465|1854, 50466|1919, 50468|8163, 50471|11462, com.whatsapp, 
50473|1507, 50475|1612, 50479|1717, 50480|1808, 50482|1891, 50484|1955, 50486|2100, 50488|2177, 50489|2259, 50492|2339, 50497|2433, 50499|2527, 50502|2605, 50504|2693, 50505|2924, 50506|2978, 50508|3098, 50509|4098, 50510|4332, 50512|10147, 50514|10195, com.duckduckgo.mobile.android, 
50515|1702, 50518|1830, 50521|1915, 50523|2012, 50526|2105, 50530|2283, 50531|2415, 50533|2713, 50536|3082, 50537|3179, 50541|3382, 50543|3456, 50551|3554, 50554|3639, 50557|3891, 50558|4273, 50577|4356, 50601|4438, 50608|4527, 50636|4632, 50656|4699, 50662|4772, 50663|6017, 50668|6168, 50675|6235, 50678|6312, 50686|6376, 50695|7184, 50706|7279, 50717|7380, 50722|7498, 50723|7638, 50730|7743, 50731|7818, 50733|7878, 50735|7951, 50740|8040, 50745|8107, 50750|8170, 50756|8235, 50771|8305, 50780|8382, 50787|8438, 50791|8527, 50794|8604, 50796|8880, 50797|9003, 50802|9061, 50805|9130, 50806|10051, 50807|10114, 50822|10362, 50839|10427, 50841|10659, org.mozilla.firefox, 
50842|1829, com.whatsapp, 
50843|1445, 50844|1533, 50846|1618, 50849|1712, 50851|1795, 50853|1877, 50854|1939, 50855|1997, 50857|2061, 50858|2128, 50859|2283, 50860|2369, 50861|2480, 50863|2563, 50867|2661, 50871|2761, 50874|2844, 50876|2915, 50878|2980, 50879|3106, 50880|4283, 50881|4360, 50883|4529, 50885|10160, 50887|10276, com.duckduckgo.mobile.android, 
50888|1486, 50890|1699, 50894|1772, 50895|1831, 50896|1890, 50898|1952, 50899|2015, 50900|2148, 50904|2246, 50910|2323, 50912|2405, 50916|2484, 50919|2568, 50920|2836, 50922|3003, 50923|3128, 50924|3988, 50925|4072, 50927|10152, 50928|10199, 50929|10262, com.duckduckgo.mobile.android, 
50939|1761, 50985|1899, 51005|2027, 51027|2159, 51059|2301, 51068|2387, 51077|2453, 51078|2508, 51083|2564, 51084|3166, 51087|3255, 51088|5834, 51090|5929, 51091|6038, 51094|6210, 51106|6278, 51125|6337, 51134|6389, 51136|6441, 51137|6503, 51138|6695, 51141|6820, 51144|6901, 51146|6953, 51149|7013, 51152|7087, 51154|7150, 51156|7198, 51158|7249, 51160|7305, 51162|7358, 51164|7407, 51165|7458, 51167|7511, 51169|7569, 51179|10082, 51197|10149, com.fsck.k9, 
51198|1416, 51201|1578, 51205|1662, 51206|1721, 51207|1868, 51211|2253, 51222|2359, 51243|2475, 51247|2551, 51251|2700, 51259|2857, 51262|2973, 51263|3105, 51266|3181, 51267|3318, 51271|3398, 51275|3466, 51278|3542, 51279|3615, 51280|5060, 51281|5362, 51282|8113, 51283|8177, 51286|8234, 51295|8299, 51297|8362, 51299|8430, 51301|8570, 51302|8796, 51303|8899, 51306|9003, 51309|9093, 51310|9168, 51312|9245, 51313|9415, 51314|9985, 51318|10065, 51337|10266, 51339|10331, 51340|10622, 51342|10678, 51345|10738, 51346|10971, 51347|11084, 51348|11219, de.prosiebensat1digital.prosieben, 
51350|1873, 51352|1936, 51354|2002, 51356|2067, 51360|2139, 51361|2204, 51371|2281, 51376|2415, 51380|2478, 51382|2592, 51384|2651, 51385|2714, 51386|2770, 51388|3585, 51390|5126, 51396|5214, 51404|5283, 51408|5357, 51412|5470, 51417|5552, 51418|5799, 51421|5875, 51425|6015, 51427|6137, 51431|6207, 51436|6363, 51439|6427, 51446|6914, 51449|6987, 51450|7557, 51454|10306, 51460|10370, 51462|10486, com.paypal.android.p2pmobile, 
51463|1798, 51465|2213, 51466|2474, 51473|2570, 51477|2652, 51480|2713, 51482|2774, 51483|2967, 51484|3421, 51491|3545, 51500|3622, 51507|3702, 51516|3800, 51518|3935, 51519|3995, 51522|4184, 51525|4331, 51530|4399, 51532|4467, 51533|4607, 51535|5683, 51536|7176, 51539|7253, 51542|7320, 51543|7393, 51544|7458, 51547|7751, 51550|7839, 51556|7906, 51560|7971, 51562|8057, 51565|8130, 51572|8214, 51576|8280, 51581|8354, 51584|8498, 51587|8572, 51589|8642, 51590|8797, 51591|8867, 51592|8938, 51595|9012, 51604|9079, 51607|9145, 51611|9226, 51620|9322, 51625|9413, 51626|9520, 51631|10426, 51641|10491, org.zwanoo.android.speedtest, 
51643|1475, 51644|1577, 51645|1664, 51647|2006, 51667|2201, 51676|2420, 51681|2538, 51685|2637, 51687|2717, 51689|2805, 51692|2908, 51702|3020, 51703|4751, 51704|5012, 51705|5115, 51706|5855, 51707|6701, 51710|6802, 51717|6911, 51736|7029, 51753|7118, 51754|7635, 51758|7727, 51759|7831, 51760|8210, 51763|8292, 51766|8392, 51768|8478, 51769|8582, 51771|9169, 51775|9488, 51777|9579, 51778|9674, 51782|10655, 51784|10762, 51792|10854, 51794|10984, 51798|11161, 51819|11267, 51822|11340, 51824|11405, de.prosiebensat1digital.prosieben, 
51825|2831, 51828|2924, 51831|3012, 51833|3086, 51834|3236, 51836|3445, 51841|3579, 51846|3725, 51847|3843, 51850|3944, 51851|4037, 51854|4145, 51855|4268, 51858|4369, 51866|4467, 51869|4543, 51870|4614, 51872|5017, 51876|5135, 51885|5227, 51888|5299, 51889|5493, 51891|5574, 51895|6544, 51899|6625, 51900|6708, 51905|6779, 51906|6874, 51928|6961, 51931|7640, 51933|7702, 51942|7771, 51945|7839, 51952|7915, 51953|7987, 51954|8057, 51960|11019, 51971|11103, com.waze, 
51972|1659, 51977|1783, 51979|1905, 51982|2591, 51993|2737, 52013|2920, 52017|3081, 52021|3182, 52032|3405, 52036|3597, 52037|3700, 52039|3826, 52045|3920, 52049|4029, 52050|4124, 52051|5485, 52052|5757, 52053|8128, 52057|8219, 52058|8368, 52060|8778, 52064|8861, 52065|8972, 52067|9051, 52068|9154, 52069|10100, 52070|10293, 52086|11108, 52088|11186, 52089|11433, 52090|11507, 52093|11692, 52094|11839, 52095|11911, de.prosiebensat1digital.prosieben, 
52104|1661, 52114|1769, 52116|1913, 52119|2060, 52120|2615, 52123|2704, 52128|2771, 52131|2844, 52135|2913, 52140|2985, 52142|3059, 52144|3148, 52145|3336, 52146|3437, 52149|3522, 52150|5679, 52153|5785, 52159|5921, 52161|6016, 52165|6107, 52167|6198, 52169|7132, 52172|7200, 52175|7267, 52186|7339, 52187|7410, 52191|7478, 52192|7564, 52195|10872, 52200|10979, 52201|12374, 52206|12481, 52207|13097, 52209|13217, 52212|13350, 52213|13424, 52216|13504, 52217|13765, 52218|13835, com.airbnb.android, 
52219|1, 52220|2492, 52227|2634, 52234|2758, 52238|2891, 52241|3022, 52244|3171, 52251|3303, 52255|3403, 52258|3490, 52259|3590, 52260|3714, 52261|4550, 52264|4644, 52268|4722, 52269|5237, 52270|5350, 52277|5924, 52278|6021, 52286|6672, 52293|7337, 52294|7455, 52301|8022, 52306|8617, 52308|10719, 52314|10799, org.indywidualni.fblite, 
52316|345, 52317|413, 52318|558, 52319|2365, 52320|2483, com.whatsapp, 
52321|2045, 52322|2151, 52327|2269, 52328|2357, 52331|2442, 52332|2520, 52333|2598, 52334|2690, 52335|2767, 52337|2852, 52339|2958, 52345|3065, 52347|3157, 52354|3301, 52355|3845, 52357|3918, 52358|4106, 52359|5418, 52360|5613, 52362|10923, 52364|10987, com.duckduckgo.mobile.android, 
52366|2193, 52368|2404, 52374|2574, 52375|2649, 52376|2909, 52379|2989, 52383|3069, 52385|3136, 52388|3220, 52393|3310, 52395|3394, 52396|3610, 52398|4060, 52402|4148, 52410|4259, 52412|4333, 52418|4429, 52420|4499, 52423|4718, 52426|4823, 52431|4928, 52433|5004, 52434|5097, 52435|7762, 52436|7838, 52441|7921, 52442|8001, 52443|8088, 52448|8602, 52452|8698, 52459|8781, 52461|8861, 52465|8947, 52473|9030, 52476|9111, 52482|9196, 52485|9297, 52487|9377, 52488|9480, 52490|9575, 52492|9675, 52500|9781, 52505|9872, 52515|9988, 52520|10090, 52522|10207, 52527|10937, 52537|11031, org.zwanoo.android.speedtest, 
52540|2238, 52544|2353, 52545|2471, 52551|2666, 52554|2827, 52556|2951, 52558|3316, 52562|3701, 52563|3957, 52564|4050, 52565|4286, 52567|4383, 52574|4475, 52577|4563, 52579|4657, 52583|5256, 52584|5439, 52589|5528, 52604|5613, 52636|5701, 52641|5818, 52657|5909, 52674|5996, 52719|6095, 52725|6185, 52741|6273, 52746|6365, 52749|6450, 52750|7743, 52751|8121, 52752|8213, 52753|8527, 52756|8610, 52758|8687, 52760|9342, 52771|9470, 52778|9575, 52781|9717, 52782|9990, 52783|10149, 52788|10577, 52798|10796, 52810|10907, 52818|11012, 52825|11166, 52856|11295, 52858|11462, org.mozilla.firefox, 
52859|2360, 52865|2447, 52868|2538, 52869|2638, 52870|10949, com.isis_papyrus.raiffeisen_pay_eyewdg, 
52872|1506, 52875|1666, 52888|1792, 52890|1926, 52893|2129, 52894|2772, 52895|2854, 52901|2921, 52904|3003, 52908|3075, 52913|3143, 52916|3208, 52917|3274, 52918|3360, 52919|3485, 52924|3838, 52926|5910, 52928|5994, 52934|6083, 52936|6168, 52940|6256, 52943|6333, 52944|6408, 52946|7264, 52948|7336, 52951|7405, 52964|7475, 52966|7547, 52968|7615, 52971|10795, 52976|10863, 52977|11878, 52978|11964, 52983|12062, 52984|12657, 52988|12746, 52998|12846, 52999|13097, com.airbnb.android, 
53001|1323, 53006|1497, 53008|1605, 53009|1692, 53018|1837, 53029|2014, 53033|2132, 53049|2342, 53058|2456, 53066|2574, 53070|2665, 53073|2899, 53074|3018, 53075|3346, 53081|3435, 53091|3541, 53095|3626, 53096|3749, 53099|3861, 53104|4174, 53105|6159, 53112|6321, 53113|6471, 53115|6564, 53122|6655, 53124|7612, 53127|7694, 53141|7776, 53143|7863, 53145|7956, 53147|8040, 53152|10873, 53161|10938, 53162|12189, 53165|12275, 53168|12395, 53169|12907, 53173|13021, 53176|13112, 53177|13186, com.airbnb.android, 
53179|2359, 53180|2571, 53181|2658, 53184|2762, 53185|2863, 53191|2969, 53192|3062, 53194|3165, 53195|3602, 53196|3812, 53202|3951, 53206|4363, 53214|4497, 53216|4596, 53221|4693, 53229|4841, 53240|5010, 53247|5176, 53261|5322, 53263|5440, 53303|5615, 53311|5983, 53318|6679, 53319|6765, 53326|7311, 53328|7422, 53332|7673, 53335|8274, 53336|8441, 53339|10841, 53347|10939, 53349|11015, 53351|14000, de.zalando.mobile, 
53352|1, 53353|81, 53355|2247, 53357|2457, 53364|2704, 53366|2910, 53371|3057, 53376|3134, 53382|3244, 53384|3330, 53385|3444, 53386|3666, 53388|4033, 53394|4139, 53400|4250, 53408|4381, 53409|4488, 53410|4599, 53413|4881, 53421|5017, 53423|5146, 53424|5281, 53425|7862, 53428|7964, 53431|8041, 53433|8122, 53436|8606, 53439|8709, 53444|8788, 53451|8874, 53458|8970, 53464|9050, 53469|9137, 53472|9217, 53475|9297, 53477|9374, 53478|9454, 53480|9546, 53482|9649, 53493|9765, 53498|9880, 53508|10012, 53511|10129, 53514|10987, 53518|11071, 53526|11145, org.zwanoo.android.speedtest, 
53527|3623, 53542|3743, 53567|3881, 53573|4000, 53577|4116, 53582|4240, 53583|4343, 53584|5289, 53585|5369, 53587|5443, 53591|5531, 53593|5698, 53594|7971, 53595|8043, 53597|8122, 53601|8200, 53603|8269, 53609|8333, 53612|10093, 53620|10838, 53621|10941, org.chromium.chrome, 
53627|3165, 53637|3268, 53666|3395, 53670|3528, 53672|3645, 53679|3760, 53680|3908, 53681|4802, 53682|4868, 53684|4938, 53690|5110, 53691|7503, 53692|7577, 53694|7642, 53698|7724, 53700|7796, 53706|7861, 53707|9590, 53709|9650, 53717|10829, 53718|10913, org.chromium.chrome, 
53719|1942, 53722|2084, 53725|2181, 53727|2308, 53729|2390, 53731|2458, 53732|2545, 53733|2620, 53734|2700, 53735|2775, 53736|2872, 53739|2979, 53743|3068, 53745|3170, 53746|3250, 53750|3346, 53752|3438, 53753|3637, 53755|3709, 53756|3792, 53757|5408, 53758|5518, 53759|9517, 53760|9590, 53762|11034, 53764|11105, com.duckduckgo.mobile.android, 
53765|2202, 53771|2326, 53774|2443, 53775|2523, 53776|10836, com.isis_papyrus.raiffeisen_pay_eyewdg, 
53778|2808, 53783|2896, 53784|2972, 53785|3044, 53786|3217, 53788|3341, 53792|3465, 53797|3584, 53798|3691, 53801|3791, 53805|3900, 53806|4014, 53810|4155, 53816|4269, 53829|4364, 53837|4451, 53838|4896, 53841|5026, 53842|5118, 53843|5207, 53844|5376, 53846|5478, 53847|6391, 53850|6490, 53853|6577, 53855|6660, 53856|6729, 53861|6798, 53872|6904, 53873|7298, 53876|7531, 53878|7599, 53888|7671, 53896|7813, 53897|7946, 53898|8024, 53906|10801, 53915|10902, com.waze, 
53917|2553, 53923|2633, 53925|2755, 53929|2834, 53933|2939, 53936|3048, 53939|3226, 53944|3309, 53949|3383, 53952|3535, 53953|3598, 53954|3694, 53962|10813, 53963|11231, 53964|11512, org.indywidualni.fblite, 
53966|2208, 53968|2386, 53974|2536, 53975|2610, 53977|2758, 53978|3240, 53979|3691, 53982|3894, 53990|3965, 53998|4033, 54000|4096, 54001|4174, 54004|4281, 54016|4390, 54023|4467, 54026|4533, 54029|4608, 54030|5075, 54105|5203, 54106|5290, 54109|7349, 54110|7493, 54113|10714, 54121|10816, 54123|10895, 54124|12098, 54125|12176, 54127|12255, 54132|12327, 54133|12474, 54137|12550, 54138|12614, 54139|12778, 54142|12918, 54143|12982, 54144|13194, de.zalando.mobile, 
54146|1863, 54151|1971, 54153|2080, 54156|2300, 54158|2373, 54164|2454, 54165|2527, 54166|2612, 54170|3102, 54181|3218, 54186|3305, 54191|3427, 54194|3525, 54195|3709, 54203|3843, 54215|3934, 54217|4036, 54219|4130, 54220|4229, 54221|4927, 54222|5198, 54223|6324, 54224|6392, 54230|6482, 54232|6588, 54233|6678, 54235|6823, 54249|6979, 54252|7097, 54257|7179, 54262|7303, 54266|7391, 54274|7528, 54284|7656, 54285|7812, 54286|8016, 54293|8102, 54297|8210, 54298|8302, 54303|8402, 54309|8525, 54316|8600, 54318|8744, 54320|8959, 54326|9024, 54338|10891, 54349|10959, 54353|11025, de.mcdonalds.mcdonaldsinfoapp, 
54356|2400, 54360|2500, 54366|2613, 54370|2715, 54374|2831, 54376|2945, 54382|3044, 54386|3110, 54388|3178, 54389|3245, 54390|3315, 54392|3423, 54400|10815, org.indywidualni.fblite, 
54401|2523, 54402|2590, com.whatsapp, 
54404|760, 54406|1198, 54424|2115, 54461|2252, 54486|2377, 54508|2578, 54536|2751, 54550|2863, 54554|3002, 54559|3080, 54560|6701, 54565|6780, 54570|6846, 54573|6913, 54576|6980, 54579|7043, 54582|7107, 54585|7176, 54588|7246, 54591|7308, 54593|7383, 54594|10745, 54606|10857, 54623|10938, com.fsck.k9, 
54624|652, 54625|727, 54629|2413, 54634|2511, 54640|2611, 54644|2693, 54646|2793, 54649|2907, 54655|3014, 54660|3088, 54663|3159, 54665|3229, 54666|3322, 54668|10710, 54674|10788, 54677|12665, org.indywidualni.fblite, 
54680|1520, 54697|1726, 54700|1827, 54702|1960, 54705|2109, 54707|2576, 54713|2663, 54714|2732, 54717|2809, 54719|2880, 54725|2956, 54728|3031, 54729|3106, 54730|3209, 54734|3389, 54735|5649, 54738|5747, 54744|5860, 54746|5940, 54750|6014, 54752|6095, 54754|6871, 54759|6949, 54770|7013, 54772|7081, 54774|7153, 54776|7225, 54780|10848, 54785|10927, 54786|12001, 54791|12118, 54792|12728, 54793|12812, 54794|12894, 54798|12993, 54803|13090, 54807|13164, com.airbnb.android, 
54809|1591, 54812|1874, 54814|2089, 54819|2187, 54820|2289, 54822|2386, 54824|2483, 54828|2610, 54833|2757, 54837|2874, 54843|2979, 54847|3105, 54849|3228, 54850|3448, 54859|3582, 54860|3659, 54861|3791, 54862|3911, 54863|4039, 54871|4600, 54872|5154, 54881|5280, 54888|5706, 54889|5788, 54896|6357, 54897|6572, 54900|6642, 54902|10623, 54904|10833, com.duckduckgo.mobile.android, 
54905|1928, com.whatsapp, 
54906|1870, 54907|1932, 54909|2107, 54915|2300, 54916|2369, 54918|2502, 54919|2821, 54920|2893, 54921|2996, 54923|3095, 54927|3160, 54933|3270, 54936|3323, 54945|3400, 54952|3504, 54953|3570, 54964|3678, 54968|3766, 54979|3872, 54981|3960, 54982|4029, 55020|4107, 55023|4184, 55026|6647, 55027|6815, 55030|10250, 55036|10322, 55038|10385, 55040|10447, de.zalando.mobile, 
55041|2502, 55047|2569, 55058|2678, 55061|2743, 55063|2868, 55065|10463, 55069|10520, com.instagram.android, 
55070|1856, 55072|2072, 55076|2514, 55079|2586, 55081|2795, 55082|3002, 55084|3094, 55086|3168, 55093|3259, 55096|3319, 55103|3384, 55105|3469, 55106|3525, 55116|3620, 55119|3678, 55126|3739, 55128|3813, 55129|3961, 55137|4032, 55168|4131, 55170|4222, 55173|4381, 55174|4596, 55177|10082, 55185|10148, 55187|10256, de.zalando.mobile, 
55188|1199, 55189|1259, 55194|1356, 55196|1449, 55197|1522, 55201|1584, 55206|1645, 55207|1701, 55208|1797, 55210|1979, 55212|2091, 55221|2157, 55222|2208, 55226|2294, 55231|2386, 55234|2464, 55239|2540, 55246|2634, 55255|2710, 55258|2782, 55259|2849, 55260|2911, 55261|3299, 55262|3595, 55263|4232, 55265|4295, 55269|4350, 55270|4414, 55271|4484, 55272|4557, 55274|4637, 55283|4726, 55288|4814, 55291|4902, 55297|5008, 55304|5106, 55309|5233, 55314|5377, 55316|5510, 55327|5659, 55332|5746, 55335|5817, 55340|5881, 55345|5932, 55346|5982, 55353|6032, 55355|6081, 55360|6135, 55361|6203, 55362|6560, 55373|10043, 55385|10093, 55387|10201, de.mcdonalds.mcdonaldsinfoapp, 
55389|1881, 55391|1955, 55398|2034, 55399|2101, 55401|2183, 55402|2272, 55403|2350, 55406|2421, 55407|2478, 55409|2528, 55415|2584, 55418|2632, 55420|2736, 55421|2791, 55422|2852, 55424|9984, 55427|10041, 55430|10090, org.indywidualni.fblite, 
55432|1461, 55434|1527, 55438|1600, 55439|1687, 55443|1866, 55444|1946, 55448|2005, 55451|2057, 55452|2116, 55459|2179, 55463|2247, 55465|2367, 55466|2606, 55469|2986, 55474|3095, 55476|3248, 55477|3334, 55480|3414, 55486|3470, 55490|3530, 55493|3585, 55499|3638, 55507|3699, 55511|3824, 55516|3943, 55520|4039, 55528|4136, 55538|4244, 55539|4331, 55540|4390, 55544|4454, 55547|4509, 55548|4619, 55549|4733, 55550|4811, 55551|9855, 55552|9966, 55557|10144, 55560|10196, 55562|10301, com.moshbit.studo, 
55565|1766, 55569|1844, 55573|2010, 55577|2162, 55578|2386, 55579|2494, 55581|2961, 55585|3279, 55587|3382, 55594|3468, 55599|3543, 55601|3621, 55602|3777, 55605|3871, 55606|4172, 55611|4256, 55625|4322, 55647|4416, 55655|4493, 55684|4571, 55720|4659, 55736|4735, 55751|4803, 55755|4869, 55758|4928, 55759|4979, 55762|6098, 55763|6235, 55764|6500, 55771|6624, 55777|7259, 55785|7343, 55794|7429, 55795|7510, 55797|7641, 55800|7836, 55802|7905, 55811|7991, 55826|8058, 55835|8135, 55846|8203, 55857|8285, 55858|8361, 55863|8417, 55869|8471, 55870|9411, 55871|9514, 55873|9726, 55875|9835, 55889|10324, 55904|10390, 55906|10602, org.mozilla.firefox, 
55907|1922, 55913|2452, 55948|2616, 55954|2747, 55958|2842, 55963|2934, 55964|3013, 55965|3780, 55966|3846, 55973|3963, 55974|4078, 55975|5668, 55976|5775, 55978|5829, 55983|5882, 55984|5993, 55986|6051, 55987|6118, 55988|6172, 55990|6335, 55991|6389, 55992|6452, 55993|6516, 55995|6861, 55996|6914, 55999|6971, 56001|7026, 56006|7092, 56008|7159, 56012|7212, 56015|9012, 56023|10054, 56024|10125, org.chromium.chrome, 
56025|2114, 56028|2198, 56031|2271, 56033|2327, 56034|2521, 56038|2725, 56042|2800, 56046|2895, 56047|2977, 56051|3050, 56055|3214, 56061|3307, 56066|3369, 56069|3427, 56070|3498, 56072|3783, 56073|3885, 56076|3946, 56081|4023, 56085|4083, 56088|4143, 56089|4295, 56091|4380, 56094|4866, 56098|4974, 56100|5029, 56101|5142, 56106|5194, 56117|5257, 56118|5329, 56121|5715, 56123|5766, 56132|5818, 56133|5871, 56135|5923, 56142|5983, 56143|6035, 56144|6145, 56152|10028, 56161|10081, com.waze, 
56162|1877, 56165|2050, 56172|2145, 56173|2234, 56175|2314, 56179|2417, 56184|2553, 56188|2610, 56193|2656, 56195|2764, 56196|2819, 56198|2891, 56200|10117, 56206|10172, org.indywidualni.fblite, 
56207|1985, 56209|2063, 56212|2167, 56213|2426, 56215|2507, 56221|2591, 56223|2658, 56228|2730, 56240|2803, 56253|2897, 56254|2962, 56255|3256, 56256|3416, 56257|4894, 56260|4967, 56278|5054, 56304|5197, 56308|5312, 56312|5395, 56314|5484, 56327|5574, 56328|5768, 56330|5864, 56332|5940, 56335|6025, 56337|6105, 56338|6247, 56341|6741, 56349|6822, 56355|6964, 56357|7120, 56358|8291, 56370|8400, 56387|8491, 56414|8605, 56416|8692, 56417|8840, 56421|8921, 56422|8992, 56428|9091, 56435|9193, 56459|9298, 56460|9375, 56471|9479, 56484|9560, 56487|10023, 56489|10106, 56494|10189, 56528|10283, 56538|10376, 56546|10469, 56558|10674, 56568|10733, 56569|10846, de.spiegel.android.app.spon, 
56572|2212, 56575|2294, 56578|2379, 56586|2526, 56591|2655, 56592|2753, 56595|2839, 56596|2923, 56602|3014, 56610|3104, 56611|3226, 56612|3504, 56613|3670, 56614|3794, 56615|4591, 56645|4716, 56648|4794, 56656|5207, 56657|5315, 56668|5390, 56669|5510, 56670|5631, 56675|10231, 56685|10300, 56687|12671, com.waze, 
56691|2063, 56697|2242, 56705|2389, 56709|2516, 56716|2610, 56719|2980, 56721|3060, 56723|10798, 56729|10871, 56730|12958, 56731|13031, 56733|13189, 56739|13425, de.pilot.newyorker.android, 
56740|91, 56742|170, 56746|246, 56747|315, 56748|392, 56750|463, 56753|543, 56768|693, 56769|916, 56771|5838, 56773|5902, 56774|5969, 56775|6035, 56780|6111, 56784|6263, 56787|6332, 56789|6393, 56791|6464, 56794|6561, 56796|6640, 56798|10887, 56800|11045, 56802|11115, com.twitter.android, 
56803|1751, 56804|1824, 56809|1945, 56811|2063, 56817|2212, 56821|2301, 56824|2371, 56827|2442, 56833|2521, 56834|2594, 56835|2673, 56837|2750, 56838|2840, 56839|2908, 56841|3201, 56842|3338, 56844|3804, 56845|3924, 56847|4032, 56850|4145, 56856|4229, 56861|4303, 56869|4374, 56876|4482, 56879|4690, 56882|4839, 56896|5003, 56901|5113, 56909|5245, 56910|5334, 56912|5405, 56913|10574, 56922|10774, 56924|10911, com.moshbit.studo, 
56930|1985, 56932|2104, 56933|2288, 56935|2960, 56941|3092, 56967|3295, 56975|3415, 56981|3648, 56988|3796, 56992|3890, 56993|3976, 56994|4067, 56998|4169, 57003|4249, 57005|4366, 57006|4535, 57007|5934, 57008|6267, 57010|9334, 57015|9430, 57023|9514, 57026|9601, 57028|9709, 57029|10100, 57031|10234, 57034|10339, 57037|10445, 57038|10535, 57040|10643, 57041|10768, 57049|11298, 57057|11392, 57059|11460, 57060|11783, 57062|11866, 57065|11937, 57066|12277, 57067|12350, 57068|12525, de.prosiebensat1digital.prosieben, 
57070|5234, 57072|5369, 57077|5438, 57081|5584, 57084|5656, 57087|5728, 57088|5803, 57089|5871, 57091|5941, 57093|6005, 57095|10863, 57097|10939, 57099|11020, com.twitter.android, 
57102|1646, 57105|1787, 57119|1969, 57122|2161, 57125|2383, 57126|2887, 57128|2975, 57134|3052, 57136|3133, 57139|3207, 57146|3277, 57150|3359, 57151|3637, 57156|4201, 57158|4369, 57159|6038, 57160|6127, 57167|6239, 57170|6330, 57173|6416, 57176|6513, 57178|7469, 57179|7540, 57183|7605, 57195|7673, 57196|7743, 57198|7810, 57200|7883, 57201|9398, 57211|10920, 57212|12209, 57217|12297, 57219|12911, 57220|12999, 57223|13091, 57224|13285, 57227|13365, com.airbnb.android, 
57230|1508, 57231|1634, 57235|2336, 57239|2505, 57246|2788, 57247|3168, 57248|3333, 57250|3480, 57254|3913, 57256|4538, 57257|4695, 57265|4848, 57279|5021, 57282|5284, 57284|5417, 57290|5532, 57332|5663, 57342|5837, 57393|5985, 57396|6076, 57404|6452, 57412|7306, 57414|7978, 57416|8126, 57424|8386, 57427|8530, 57434|8649, 57438|8774, 57443|8909, 57453|9267, 57459|9402, 57474|9523, 57484|9655, 57497|9794, 57501|9961, 57507|10430, 57516|10567, 57532|10681, 57538|10796, 57543|11059, 57559|11187, 57563|11326, 57564|11445, 57595|11541, 57597|11732, 57599|14071, 57600|14148, 57601|14217, org.mozilla.firefox, 
57602|1594, 57607|1723, 57609|1895, 57611|2052, 57614|2140, 57620|2247, 57622|2355, 57623|2606, 57627|2756, 57636|2871, 57643|2994, 57644|3142, 57645|3267, 57646|3371, 57649|3520, 57654|3630, 57665|3767, 57670|3887, 57672|3980, 57673|4091, 57674|4578, 57675|4837, 57676|5749, 57679|5871, 57683|5988, 57684|6093, 57689|6246, 57701|6365, 57703|6449, 57704|6541, 57705|6627, 57706|6737, 57709|7127, 57714|7245, 57725|7360, 57727|7474, 57730|7593, 57737|7673, 57738|7780, 57741|7977, 57744|8062, 57748|8156, 57749|8310, 57750|8536, 57766|10839, 57774|10907, 57776|10973, de.mcdonalds.mcdonaldsinfoapp, 
57777|2441, 57784|2543, 57786|2635, 57791|2708, 57794|2939, 57798|3031, 57801|3114, 57805|3206, 57810|3273, 57812|3338, 57813|3411, 57814|3478, 57816|3562, 57821|10784, 57824|10866, org.indywidualni.fblite, 
57825|2189, 57828|2281, 57830|2372, 57836|2478, 57844|2576, 57849|2655, 57855|2750, 57858|2825, 57859|2903, 57862|2976, 57864|3054, 57865|3123, 57866|3189, 57870|6227, 57886|6344, 57889|6529, 57895|6627, 57896|7490, 57899|7558, 57903|7623, 57909|8019, 57910|8117, 57912|8669, 57916|10841, 57920|10910, 57922|10976, com.paypal.android.p2pmobile, 
57925|1584, 57928|1676, 57932|1832, 57933|2068, 57936|2166, 57944|2301, 57946|2413, 57967|2648, 57972|2761, 57981|2971, 57982|3110, 57985|3193, 57987|3377, 57989|3465, 57991|3558, 57994|3672, 58002|3781, 58003|3957, 58004|5122, 58005|5312, 58009|8644, 58011|8749, 58013|9078, 58014|9285, 58016|9381, 58019|9466, 58021|9566, 58022|9663, 58023|9789, 58024|10759, 58025|10872, 58029|10987, 58044|11471, 58046|11543, 58047|11880, 58050|11972, 58053|12056, 58054|12241, 58055|12311, 58056|12484, de.prosiebensat1digital.prosieben, 
58060|2095, 58063|2207, 58064|2328, 58070|2446, 58071|2635, 58072|2782, 58073|2909, 58075|3107, 58078|3508, 58079|3600, 58080|3838, 58081|3939, 58082|4293, 58083|4407, 58086|4578, 58109|4672, 58130|4804, 58147|4913, 58182|5039, 58214|5132, 58222|5226, 58227|5343, 58233|5433, 58235|5514, 58236|7108, 58237|7190, 58238|7923, 58245|8105, 58247|8327, 58258|8419, 58261|8509, 58266|8588, 58267|8685, 58269|8883, 58270|9053, 58275|9153, 58281|9238, 58288|9318, 58292|9399, 58300|9518, 58308|9636, 58315|9726, 58317|9799, 58319|9879, 58323|10060, 58325|10128, 58328|10221, 58332|10478, 58333|10711, 58334|10834, 58362|10927, 58364|11148, org.mozilla.firefox, 
58366|2566, 58368|2791, 58374|2958, 58375|3037, 58377|3259, 58378|3503, 58379|4248, 58382|4325, 58387|4432, 58391|4506, 58395|4575, 58401|4682, 58405|4763, 58416|4883, 58423|4962, 58428|5046, 58429|5112, 58430|5209, 58462|5306, 58506|5428, 58507|5514, 58510|8003, 58511|8154, 58522|10944, 58524|11017, de.zalando.mobile, 
58526|1990, 58532|2136, 58541|2271, 58549|2414, 58551|2517, 58554|3101, 58559|9616, 58562|10777, 58566|10854, 58567|12857, 58569|13016, 58575|13167, de.pilot.newyorker.android, 
58578|1, 58582|90, 58583|242, 58584|324, 58587|414, 58588|500, 58594|580, 58597|672, 58598|841, 58599|1085, 58600|1191, 58601|1307, 58602|2299, 58603|2374, 58605|2527, 58611|2673, 58612|2750, 58614|2899, 58615|3200, 58616|3749, 58619|3834, 58626|3926, 58634|3994, 58637|4074, 58640|4181, 58644|4273, 58657|4374, 58663|4455, 58665|4606, 58717|4896, 58742|4982, 58745|5367, 58746|5508, 58751|10798, 58757|10871, 58759|10951, 58760|12228, 58761|12297, 58767|12368, 58768|12440, 58769|12588, 58772|12661, 58774|12750, 58775|12817, 58777|13184, 58779|13256, 58780|13327, de.zalando.mobile, 
58781|2274, 58782|2353, 58784|2442, 58786|2515, 58787|2611, 58788|2764, 58792|2911, 58795|2992, 58797|3058, 58803|3131, 58826|3218, 58827|3296, 58828|3367, 58829|3957, 58830|4052, 58831|5778, 58840|5875, 58869|5978, 58879|6095, 58884|6212, 58885|6517, 58887|6603, 58888|6733, 58890|7817, 58892|7917, 58895|8007, 58897|8101, 58899|8198, 58910|10008, 58923|10125, 58924|10852, 58925|10970, 58929|11125, 58936|11198, 58938|11264, 58939|11333, de.spiegel.android.app.spon, 
58941|2267, 58943|2450, 58950|2683, 58951|2841, 58952|2920, 58953|3107, 58956|3187, 58960|3286, 58961|3801, 58967|4335, 58980|4465, 58989|4609, 58996|4673, 58998|4779, 58999|4845, 59000|4935, 59003|5248, 59006|5352, 59011|5449, 59013|5529, 59014|5603, 59015|5852, 59016|8252, 59019|8366, 59023|8465, 59024|8538, 59026|8849, 59029|8949, 59033|9036, 59040|9118, 59042|9199, 59049|9287, 59056|9365, 59061|9448, 59064|9535, 59067|9631, 59069|9717, 59071|9813, 59072|9914, 59082|10042, 59086|10138, 59091|10232, 59099|10341, 59103|10443, 59104|10562, 59109|10992, 59119|11078, org.zwanoo.android.speedtest, 
59120|2181, 59122|2270, 59125|2349, 59126|2600, 59128|2675, 59134|2774, 59136|2844, 59141|2923, 59158|3000, 59165|3089, 59166|3162, 59167|3491, 59168|3676, 59177|5416, 59221|5527, 59222|5638, 59223|7353, 59225|7539, 59230|7639, 59232|7740, 59233|8572, 59234|8712, 59235|9252, 59238|9445, 59263|9591, 59264|9740, 59265|10363, 59267|10482, 59278|10628, 59302|10752, 59312|10846, 59317|11281, 59320|11357, 59321|11428, de.spiegel.android.app.spon, 
59325|1471, 59336|1613, 59340|1724, 59341|1837, 59344|1993, 59345|2422, 59348|2501, 59353|2568, 59356|2637, 59365|2746, 59367|2819, 59368|2954, 59370|3071, 59375|3568, 59376|4821, 59380|5482, 59386|5599, 59392|5737, 59394|5814, 59397|6920, 59401|7006, 59414|7075, 59415|7146, 59417|7215, 59419|7281, 59420|9947, 59426|10833, 59431|10931, 59433|11841, 59438|11946, 59440|12528, 59441|12610, 59444|12715, 59450|12836, 59451|12905, 59454|12988, com.airbnb.android, 
59458|406, 59459|521, 59461|1070, 59462|1201, 59463|1318, 59466|2051, 59470|2212, 59471|2350, 59478|2562, 59483|2795, 59485|2969, 59486|3172, 59488|3309, 59491|3461, 59492|3652, 59498|3810, 59502|3943, 59503|4106, 59505|4366, 59508|4627, 59516|4777, 59518|4869, 59536|4992, 59566|5134, 59575|5266, 59626|5391, 59665|5527, 59682|5676, 59689|5826, 59691|5930, 59698|6036, 59699|6153, 59706|7006, 59707|7135, 59709|7505, 59716|8002, 59717|8207, 59727|8351, 59728|8483, 59730|8745, 59742|8864, 59748|8977, 59750|9107, 59753|9275, 59758|9689, 59765|9789, 59767|9917, 59777|10056, 59790|10196, 59806|10343, 59815|10741, 59845|11195, 59847|11509, org.mozilla.firefox, 
59849|2174, 59856|2320, 59857|2412, 59868|2520, 59873|2650, 59880|2786, 59884|2931, 59885|3061, 59887|5981, 59893|6076, 59905|6160, 59910|6358, 59916|6458, 59920|7465, 59924|7533, 59933|8098, 59935|8664, 59945|10752, 59947|10890, com.paypal.android.p2pmobile, 
59949|2002, 59954|2144, 59958|2280, 59961|2463, 59968|2672, 59970|2831, 59971|3077, 59974|4858, 59977|4952, 59986|5032, 59997|5110, 59998|5171, 59999|5240, 60005|5386, 60006|5576, 60007|5858, 60011|10955, 60017|11039, 60019|11140, 60021|11491, 60026|11608, 60027|12495, 60028|12633, 60029|12752, com.tripadvisor.tripadvisor, 
60030|2369, 60036|2483, 60039|2612, 60040|2724, 60041|10769, com.isis_papyrus.raiffeisen_pay_eyewdg, 
60042|3658, 60057|3851, 60087|4013, 60088|4341, 60091|4448, 60096|4539, 60097|4627, 60098|5928, 60099|6021, 60106|6169, 60109|6377, 60111|7672, 60112|7742, 60113|7882, 60115|8026, 60117|8099, 60121|8167, 60123|8257, 60127|8323, 60130|10109, 60138|11013, 60139|11113, 60140|12311, 60141|12388, org.chromium.chrome, 
60142|1818, 60143|1915, 60148|2017, 60150|2128, 60152|2236, 60154|2306, 60160|2411, 60161|2494, 60162|2572, 60164|2931, 60172|3033, 60178|3126, 60186|3227, 60188|3315, 60190|3388, 60191|3556, 60193|3667, 60195|3759, 60201|3888, 60211|4004, 60212|4102, 60214|4189, 60215|4786, 60216|5042, 60218|6082, 60222|6171, 60225|6274, 60227|6357, 60228|6568, 60234|6685, 60243|6798, 60246|6887, 60249|7011, 60253|7645, 60257|7753, 60258|7853, 60264|7986, 60275|8099, 60277|8225, 60279|8348, 60280|8433, 60286|8501, 60288|8638, 60289|8847, 60300|10842, 60313|10907, 60315|10978, de.mcdonalds.mcdonaldsinfoapp, 
60318|1666, 60321|1739, 60325|1854, 60326|1961, 60328|2099, 60334|2226, 60356|2399, 60362|2634, 60366|2736, 60371|2840, 60375|2956, 60379|3068, 60383|3554, 60387|3658, 60392|3855, 60401|3955, 60402|5107, 60403|5287, 60407|8389, 60409|8671, 60411|9036, 60413|9124, 60417|9206, 60419|9287, 60421|10584, 60424|10703, 60426|10815, 60444|11046, 60446|11138, 60447|11448, 60452|11536, 60453|11863, 60454|11952, 60455|12133, de.prosiebensat1digital.prosieben, 
60456|2109, 60460|2198, 60464|2284, 60467|2364, 60468|2445, 60479|2518, 60481|2583, 60483|2650, 60489|2728, 60490|2794, 60491|2861, 60494|2942, 60495|3013, 60497|5745, 60511|5873, 60514|5968, 60522|6070, 60526|7093, 60529|7156, 60535|7610, 60536|7851, 60540|9956, 60550|10794, 60552|10874, com.paypal.android.p2pmobile, 
60553|3046, 60555|3134, 60567|3222, 60572|3303, 60573|3758, 60574|10094, 60575|10161, 60577|10956, 60581|11031, 60582|11860, 60583|12004, 60589|12075, 60590|12148, 60591|12362, 60592|12431, 60594|12505, 60596|12579, 60598|12647, 60599|12788, 60601|13025, 60602|13103, 60603|13303, com.instagram.android, 
60604|2017, 60608|2110, 60610|2218, 60611|2320, 60612|2417, 60615|2522, 60618|2617, 60623|2707, 60624|2779, 60635|2856, 60637|3013, 60638|3249, 60640|3607, 60641|3679, 60643|4097, 60644|4185, 60645|4291, 60647|4387, 60650|4477, 60656|4568, 60663|4638, 60671|4708, 60688|4785, 60689|4984, 60692|5086, 60695|5208, 60709|5403, 60716|5518, 60729|5649, 60731|5738, 60735|5816, 60737|5888, 60738|6082, 60745|10956, 60746|11024, 60748|11097, com.moshbit.studo, 
60750|1725, 60751|1809, 60756|1911, 60758|2091, 60760|2154, 60764|2226, 60765|2292, 60766|2590, 60768|8447, 60772|8520, 60773|8610, 60780|8769, 60781|8961, 60782|9044, 60783|9250, 60784|9434, 60786|9892, 60788|10862, 60792|10925, com.tripadvisor.tripadvisor, 
60793|1677, 60794|1753, 60799|1862, 60801|1992, 60805|2126, 60807|2218, 60812|2298, 60813|2368, 60822|2446, 60824|2520, 60826|2695, 60827|2956, 60829|3185, 60830|3342, 60832|3780, 60833|3876, 60835|3969, 60841|4061, 60844|4150, 60851|4219, 60858|4283, 60862|4359, 60864|4549, 60869|4711, 60873|4835, 60882|4968, 60896|5084, 60897|5198, 60898|5288, 60899|5362, 60903|10826, 60907|10906, 60909|11006, com.moshbit.studo, 
60922|2186, 60954|2301, 60982|2435, 61015|2636, 61044|2822, 61049|2903, 61054|3006, 61055|3171, 61060|3249, 61061|7903, 61065|8037, 61070|8104, 61071|8173, 61074|8235, 61077|8304, 61081|8370, 61084|8454, 61087|8515, 61090|8582, 61092|8650, 61095|8723, 61096|8802, 61102|10823, 61124|10909, 61126|13608, com.fsck.k9, 
61128|1551, 61129|2032, 61135|2166, 61139|2247, 61141|2323, 61146|2396, 61150|2464, 61160|2535, 61161|2599, 61162|2663, 61166|2729, 61167|3191, 61168|3263, 61170|5657, 61174|5736, 61186|5842, 61187|5944, 61189|6050, 61195|6131, 61199|7086, 61203|7209, 61205|7492, 61210|7569, 61214|8033, 61218|10853, 61224|10926, 61226|10991, 61231|12827, com.paypal.android.p2pmobile, 
61240|1987, 61252|2070, 61283|2199, 61301|2324, 61325|2446, 61340|2572, 61350|2658, 61359|2742, 61368|2837, 61372|2922, 61378|3023, 61382|3106, 61384|3206, 61385|6459, 61389|6525, 61391|6597, 61394|6666, 61396|6743, 61399|6815, 61402|6884, 61405|6955, 61408|7029, 61411|7122, 61414|7196, 61416|7268, 61417|10668, 61418|10777, 61430|10896, 61446|10979, com.fsck.k9, 
61447|1750, 61453|1961, 61456|2120, 61458|2250, 61466|2355, 61467|2451, 61477|2544, 61478|2628, 61480|2779, 61481|3053, 61483|3282, 61484|3433, 61487|3809, 61488|3924, 61490|4021, 61493|4119, 61499|4195, 61506|4284, 61513|4348, 61518|4448, 61521|4644, 61524|4828, 61529|4920, 61542|5086, 61555|5219, 61556|5302, 61557|5404, 61558|10494, 61559|10646, 61563|10771, 61567|10840, 61569|10910, com.moshbit.studo, 
61570|1994, 61573|2119, 61579|2204, 61580|2286, 61591|2356, 61595|2456, 61600|2564, 61603|2632, 61605|2699, 61606|2761, 61607|2828, 61608|2901, 61610|3715, 61612|5660, 61624|5748, 61628|5846, 61629|5947, 61635|6034, 61637|6129, 61641|7106, 61644|7172, 61649|7693, 61651|7776, 61652|7995, 61656|10690, 61662|10767, 61664|10903, com.paypal.android.p2pmobile, 
61666|1930, 61686|2033, 61720|2150, 61740|2261, 61757|2409, 61784|2505, 61801|2603, 61811|2681, 61817|2749, 61818|6485, 61823|6547, 61824|6612, 61826|6677, 61829|6746, 61832|6816, 61833|6882, 61837|6952, 61840|7026, 61843|7104, 61846|7167, 61848|7231, 61850|7302, 61878|10811, com.fsck.k9, 
61879|3061, 61894|3206, 61922|3377, 61927|3459, 61929|3557, 61931|3690, 61939|3811, 61941|3885, 61946|3960, 61947|4120, 61948|7515, 61950|7592, 61951|7661, 61957|7750, 61961|7832, 61964|9630, 61972|10783, 61973|10900, org.chromium.chrome, 
61974|1955, 61977|2045, 61982|2123, 61985|2264, 61988|2336, 61997|2400, 62002|2466, 62003|2536, 62005|2599, 62007|2669, 62008|2814, 62010|5603, 62016|5715, 62028|5807, 62035|5918, 62037|6020, 62041|6972, 62044|7032, 62047|7394, 62050|7651, 62051|7731, 62055|10783, 62061|10852, 62063|10989, 62065|13728, com.paypal.android.p2pmobile, 
62066|1655, 62069|1744, 62072|1822, 62074|1933, 62075|2025, 62077|2104, 62084|2177, 62086|2251, 62087|2352, 62088|2676, 62092|2768, 62102|2863, 62110|2951, 62113|3056, 62114|3145, 62115|3354, 62120|3489, 62132|3576, 62135|3679, 62136|3761, 62139|3873, 62140|4494, 62141|4713, 62142|5518, 62145|5689, 62149|5771, 62150|5847, 62152|5947, 62163|6058, 62170|6187, 62172|6305, 62175|6435, 62183|6549, 62186|6736, 62196|6890, 62204|7010, 62206|7152, 62208|7249, 62210|7318, 62217|7412, 62224|7522, 62227|7621, 62239|7745, 62242|7835, 62243|7926, 62244|8147, 62255|10884, 62267|10953, 62269|11040, 62270|12044, 62271|12125, de.mcdonalds.mcdonaldsinfoapp, 
62273|2173, 62275|4751, 62277|4906, 62279|5732, 62281|5795, 62283|5863, 62288|5940, 62293|6151, 62296|6220, 62298|6283, 62299|6353, 62302|6429, 62304|6571, 62306|10843, 62307|10917, 62308|10989, 62310|11056, com.twitter.android, 
62318|2204, 62329|2366, 62339|2515, 62342|3066, 62348|10861, 62349|13136, 62350|13206, 62352|13358, 62358|13611, de.pilot.newyorker.android, 
62359|174, 62361|268, 62365|337, 62366|479, 62367|558, 62371|628, 62373|787, 62374|929, 62375|1000, 62380|1069, 62383|1148, 62384|1713, 62386|1795, 62389|1916, 62391|2049, 62394|2183, 62401|2292, 62403|2405, 62413|2518, 62415|2670, 62416|3116, 62418|3194, 62420|3272, 62422|3782, 62423|3869, 62424|3975, 62425|4064, 62431|4158, 62434|4225, 62435|4294, 62447|4367, 62456|4442, 62459|4508, 62460|4705, 62465|4777, 62467|4922, 62475|5002, 62476|5080, 62477|5156, 62480|5225, 62481|5317, 62482|5853, 62488|5972, 62497|6124, 62502|6224, 62506|6292, 62508|6798, 62509|6951, 62512|9177, 62514|10838, 62520|10913, 62522|11055, com.moshbit.studo, 
62523|2311, 62525|2404, 62530|2499, 62532|2600, 62533|2687, 62534|10808, com.isis_papyrus.raiffeisen_pay_eyewdg, 
62537|1925, 62548|2060, 62552|2210, 62559|2331, 62561|2707, 62562|2794, 62566|10736, 62572|10817, 62574|10885, 62576|13001, 62578|13239, 62584|13429, 62585|13907, 62587|13976, de.pilot.newyorker.android, 
62591|1, 62592|101, 62595|214, 62596|322, 62611|426, 62612|534, 62613|641, 62614|837, 62615|2512, 62616|2608, 62627|2699, 62632|2778, 62635|2850, 62637|2995, 62639|10959, 62643|11029, com.instagram.android, 
62644|2367, 62645|2438, 62647|2597, 62653|2912, 62654|2996, 62657|3173, 62661|3264, 62665|3343, 62666|3424, 62669|3503, 62674|3586, 62675|3653, 62676|3717, 62677|3942, 62679|4314, 62681|4391, 62685|4462, 62693|4585, 62699|4654, 62701|4849, 62704|5144, 62710|5245, 62714|5336, 62715|5494, 62716|8068, 62719|8151, 62722|8238, 62723|8315, 62724|8409, 62727|8680, 62730|8788, 62733|8862, 62742|8950, 62749|9039, 62756|9135, 62759|9211, 62761|9290, 62767|9372, 62769|9451, 62770|9550, 62771|9637, 62774|9733, 62782|9823, 62787|9918, 62790|10005, 62797|10090, 62801|10182, 62804|10299, 62809|11528, 62819|11611, 62821|12406, 62823|12478, org.zwanoo.android.speedtest, 
62825|1313, 62826|1575, 62829|1645, 62832|1725, 62833|1869, 62840|2021, 62847|2170, 62868|2436, 62872|2537, 62873|2626, 62878|2761, 62885|2861, 62890|3047, 62892|3244, 62899|3340, 62901|3537, 62903|3628, 62904|4825, 62905|5119, 62907|7654, 62912|7733, 62919|7819, 62923|7905, 62925|8025, 62927|8400, 62929|8479, 62933|8575, 62935|8656, 62939|9807, 62940|9984, 62941|10100, 62942|10354, 62946|10983, 62953|11083, 62957|11231, 62971|11336, 62976|11411, 62978|11473, de.prosiebensat1digital.prosieben, 
62979|2013, 62985|2153, 62987|2279, 62996|2412, 62997|2829, 62998|2963, 63000|3401, 63004|3724, 63005|3949, 63006|4071, 63007|4340, 63010|4519, 63018|4628, 63027|4742, 63045|4834, 63068|4944, 63078|5066, 63113|5168, 63143|5257, 63163|5358, 63179|5445, 63181|5549, 63184|5656, 63185|5748, 63188|7201, 63189|7284, 63190|8004, 63195|8204, 63201|8518, 63209|8624, 63215|8708, 63217|8785, 63218|8890, 63220|9156, 63225|9277, 63229|9420, 63241|9538, 63246|9648, 63247|9753, 63254|9858, 63263|9949, 63268|10042, 63272|10203, 63277|10276, 63278|10787, 63293|11013, 63308|11087, 63310|11240, org.mozilla.firefox, 
63312|2504, 63323|2585, 63330|2688, 63332|3204, 63333|3848, 63334|8977, 63338|10812, 63340|10878, com.instagram.android, 
63341|2102, 63347|2289, 63348|2393, 63350|2485, 63351|2559, 63352|10765, com.isis_papyrus.raiffeisen_pay_eyewdg, 
63353|1660, 63355|1742, 63359|1836, 63361|2045, 63362|2133, 63366|4418, 63368|4495, 63371|4562, 63375|4645, 63376|4713, 63377|5005, 63378|10589, 63379|10692, 63384|10821, 63395|10891, com.tripadvisor.tripadvisor, 
63397|1955, 63412|2085, 63436|2238, 63455|2353, 63463|2452, 63482|2562, 63499|2658, 63516|2798, 63535|2903, 63542|3011, 63546|3179, 63547|3540, 63550|3635, 63551|6955, 63552|7163, 63553|7241, 63556|7758, 63557|8123, 63562|8235, 63566|8388, 63571|8500, 63575|8614, 63580|8695, 63583|8770, 63586|8845, 63588|8969, 63616|11040, com.fsck.k9, 
63619|2182, 63623|2282, 63626|2385, 63627|2465, 63628|10810, com.isis_papyrus.raiffeisen_pay_eyewdg, 
63629|2666, 63635|2784, 63646|2864, 63648|2949, 63649|3380, 63653|10945, 63655|11012, com.instagram.android, 
63656|1614, 63657|1682, 63659|1789, 63663|1900, 63664|1992, 63665|2156, 63673|4280, 63677|4343, 63679|4425, 63680|4723, 63681|10340, 63683|10468, 63686|10566, 63693|10680, 63696|10814, 63703|10881, com.tripadvisor.tripadvisor, 
63705|1922, 63748|2075, 63777|2224, 63801|2373, 63824|2475, 63842|2577, 63854|2656, 63858|2742, 63859|6360, 63862|6423, 63864|6492, 63867|6561, 63870|6624, 63871|6707, 63874|6778, 63877|6847, 63879|6912, 63883|6980, 63887|7073, 63888|7132, 63891|7198, 63892|7285, 63893|10653, 63895|10774, 63898|10864, 63925|10987, 63926|11070, com.fsck.k9, 
63927|1675, 63932|1772, 63934|1991, 63935|2227, 63938|4239, 63940|4336, 63943|4405, 63947|4474, 63949|4542, 63950|5009, 63955|9791, 63956|10594, 63961|10696, 63968|10824, 63975|10906, 63978|11056, com.tripadvisor.tripadvisor, 
63981|2142, 63985|2247, 63988|2341, 63989|2429, 63990|10784, com.isis_papyrus.raiffeisen_pay_eyewdg, 
63991|1670, 63994|1751, 63997|1894, 63999|2015, 64000|2183, 64004|4188, 64006|4311, 64010|4379, 64013|4454, 64014|4522, 64015|4592, 64016|4822, 64017|10450, 64020|10549, 64023|10626, 64029|10703, 64032|10828, 64039|10891, com.tripadvisor.tripadvisor, 
64041|5147, 64043|5211, 64044|5278, 64045|5345, 64050|5431, 64054|5533, 64057|5598, 64060|5660, 64061|5733, 64064|5805, 64065|5878, 64066|5951, 64068|10812, 64070|10882, 64072|10956, com.twitter.android, 
64073|1678, 64076|1798, 64079|1904, 64080|2014, 64081|2111, 64082|2263, 64085|4271, 64087|4361, 64091|4427, 64095|4511, 64096|4576, 64097|4790, 64098|10511, 64101|10630, 64108|10752, 64114|10815, 64119|10895, com.tripadvisor.tripadvisor, 
64120|1569, 64122|1652, 64126|1767, 64128|1866, 64129|1978, 64132|4229, 64134|4329, 64135|4392, 64141|4455, 64142|4519, 64143|4574, 64144|4810, 64145|10002, 64148|10100, 64150|10182, 64157|10251, 64162|10520, 64164|10573, com.tripadvisor.tripadvisor, 
64166|4250, 64168|4370, 64173|4433, 64174|4551, 64178|4606, 64181|4661, 64182|4712, 64184|4827, 64185|4883, 64187|5002, 64189|8180, 64191|10272, 64192|10332, 64193|10391, 64195|10447, com.twitter.android, 
64197|4296, 64199|4406, 64201|4463, 64204|4528, 64205|4582, 64210|4659, 64213|4713, 64215|4818, 64218|4882, 64220|4960, 64221|10302, 64222|10365, 64224|10425, 64226|10546, 64228|12130, com.twitter.android, 
64230|4288, 64232|4395, 64235|4450, 64237|4520, 64238|4579, 64242|4632, 64246|4690, 64248|4800, 64251|4866, 64253|4989, 64254|5455, 64255|6767, 64257|10251, 64259|10313, 64261|10390, com.twitter.android, 
