||class android.net.TrafficStats:public static long android.net.TrafficStats.getMobileTxBytes()
7709154|1, 7709767|148, 7710607|546, 7710781|761, 7711328|855, 7713223|989, 7713275|1464, 7713404|1553, 7714130|1733, 7714658|1821, 7717796|1947, 7720714|2049, 7723506|2140, 7724986|2240, 7725505|2313, 7726300|2417, 7726352|2486, 7726423|3387, 7726868|3542, 7727274|3630, 7727580|3700, 7727700|4565, 7728593|4671, 7729367|4773, 7730117|4879, 7730635|5003, 7730687|5156, 7731094|5264, 7731244|5391, 7732738|5492, 7734458|5606, 7737186|5695, 7737388|5774, 7737700|5847, 7738682|5928, 7739040|5980, 7739184|6940, 7739236|7006, 7740032|7621, 7740676|7700, 7740756|7880, 7742311|9377, 7742397|9429, 7742449|9542, org.mozilla.firefox, 
7745214|1180, 7745550|1276, 7746863|1354, 7746998|1519, 7747133|1661, 7747193|1933, 7747533|1993, 7747741|2044, 7747971|2100, 7748162|2158, 7749026|2208, 7749176|2254, 7749460|2311, 7749898|2364, 7751024|2419, 7751191|2686, 7751243|2778, 7751399|2831, 7751468|4927, 7751528|4986, 7751814|5046, 7752252|5124, 7752946|5250, 7753185|5307, 7753265|5360, 7753507|5789, 7754334|5890, 7756225|5942, 7756804|5995, 7756939|6050, 7757019|6162, 7757467|10056, 7757519|10103, 7757583|11141, 7757695|11217, 7758088|11311, 7758154|11742, 7758332|11820, 7759038|11886, 7759485|11952, 7759537|12035, com.airbnb.android, 
7759715|878, 7760310|1070, 7760362|1167, 7760474|1375, 7761045|1497, 7761694|1587, 7761746|1659, 7761806|2030, 7764493|2198, 7766096|2296, 7767611|2419, 7768630|2614, 7768919|2730, 7769075|2829, 7770351|2938, 7770912|3124, 7771478|3192, 7771530|3278, 7772166|3375, 7773753|3478, 7782227|3648, 7782772|3730, 7790901|4331, 7791446|4401, 7799575|4905, 7800120|4984, 7800910|5061, 7800962|5235, 7809246|5654, 7809485|5984, 7809618|6842, 7810234|6972, 7811276|7092, 7811638|7192, 7811766|8058, 7812175|8154, 7812320|8254, 7812930|8347, 7812982|8483, 7813042|8830, 7813357|8959, 7814390|9076, 7814944|9211, 7815014|10137, 7815420|10248, 7816280|10398, 7816360|10470, 7816505|12124, 7816557|12245, 7820005|12377, 7820057|12495, de.prosiebensat1digital.prosieben, 
7821397|827, 7821612|895, 7821698|1048, 7821750|1136, 7821813|2862, 7825218|2999, 7827203|3160, 7827269|3414, 7827329|3500, 7828295|3587, 7828347|3731, 7828409|4763, 7828469|4836, 7829298|4951, 7829487|5102, 7829547|7342, 7829607|7402, 7830228|7450, 7830529|7562, 7830967|7610, 7831363|7657, 7831534|9458, 7831950|10013, 7832670|10084, 7832722|10140, org.chromium.chrome, 
7832782|1488, 7833227|1620, 7833405|1701, 7834055|1791, 7834358|1905, 7834639|1976, 7835090|2030, 7835268|2090, 7835646|2147, 7836330|2219, 7837325|2411, 7837377|2585, 7837440|2648, 7837500|2744, 7837788|2822, 7837923|2935, 7838465|3012, 7840748|3122, 7842179|3180, 7842795|3258, 7843648|3339, 7844230|3419, 7844842|3536, 7847413|3614, 7847720|3665, 7847980|3721, 7848247|3806, 7848307|3868, 7848567|3920, 7848687|3994, 7849196|4059, 7849516|4120, 7849596|4187, 7849668|4307, 7850037|4357, 7850141|4420, 7850473|4477, 7851157|4531, 7851209|4652, 7851269|4722, 7852045|4823, 7853474|4942, 7854294|5047, 7855022|5126, 7855172|5201, 7855307|5671, 7855359|5774, 7855659|10084, 7855883|10137, 7856043|10246, com.moshbit.studo, 
7856106|1645, 7857512|1737, 7858992|1831, 7862098|1952, 7865846|2119, 7868376|2232, 7869147|2319, 7869383|2418, 7869502|2491, 7869762|2590, 7869877|3040, 7870033|3114, 7870295|5847, 7870465|6048, 7870621|6591, 7871379|6895, 7872241|6995, 7873104|7119, 7874674|7206, 7874726|7278, 7875537|7337, 7876348|7396, 7877159|7457, 7877970|7520, 7878775|7586, 7878879|7691, 7879375|10114, 7880095|10182, com.fsck.k9, 
7880156|2279, 7880492|2407, 7884985|2482, 7885791|2544, 7885843|2595, 7885947|2701, 7886103|10206, 7886343|10305, com.instagram.android, 
7886413|1488, 7886473|1576, 7886768|1782, 7886830|1922, 7887202|1986, 7887662|2053, 7887870|2111, 7889303|2211, 7889557|2289, 7890909|2401, 7891503|2523, 7892759|2649, 7893095|2755, 7893383|2911, 7893977|3086, 7895256|3322, 7895308|3833, 7895568|10048, 7895808|10109, 7895968|10211, 7896031|11970, 7896091|12120, 7896379|12361, 7896639|12472, 7896691|12541, 7896751|12800, 7897033|12871, de.pilot.newyorker.android, 
7897241|1, 7897419|118, 7898064|229, 7898116|287, 7898688|337, 7899982|399, 7900034|641, 7900094|1841, 7900354|1931, 7900510|2060, 7900570|2256, 7900877|2343, 7901645|2427, 7901905|2483, 7902581|2548, 7903101|2612, 7903205|3449, 7903309|3514, 7903367|4450, 7903547|4530, 7906122|4598, 7908386|4664, 7909771|4764, 7910528|4841, 7910641|4952, 7911514|5041, 7912450|5117, 7912510|5179, 7913361|5243, 7914212|5310, 7915010|5388, 7915916|5461, 7915968|5542, 7917543|5992, 7917803|6074, 7917861|6260, 7917921|6339, 7918683|6418, 7919422|6695, 7919994|6779, 7920046|7319, 7920098|7396, 7920222|7984, 7920822|8071, 7920874|8179, 7921622|8269, 7922142|8336, 7925722|8429, 7929699|8502, 7930791|8590, 7930862|9056, 7931361|9140, 7933758|9260, 7934478|9349, 7935229|9440, 7936734|9537, 7937306|9639, 7938066|9748, 7938421|9974, 7940037|10080, 7942321|10178, 7943661|10309, 7944441|10377, 7945117|10429, 7945169|10479, 7945221|10534, de.spiegel.android.app.spon, 
7945339|1766, 7945758|1849, 7945924|1950, 7946262|2017, 7946302|2094, 7946342|10007, com.isis_papyrus.raiffeisen_pay_eyewdg, 
7946402|1477, 7946462|1570, 7946842|1680, 7947072|1773, 7947416|1862, 7947558|1929, 7947686|1983, 7947738|2038, 7947896|2102, 7948076|2228, 7948188|2314, 7948698|2401, 7948895|2479, 7949538|2573, 7949590|2669, 7949642|2764, 7949769|2906, 7949821|2968, 7949946|3025, 7949998|3133, 7950252|4168, 7950304|4330, 7950408|10121, 7950512|10171, com.duckduckgo.mobile.android, 
7950572|1585, 7950772|1660, 7950876|1741, 7950928|1808, 7950988|1967, 7951295|2110, 7951689|2168, 7952063|2232, 7952323|2299, 7953519|2372, 7953623|3117, 7953727|3236, 7953907|4083, 7956483|4149, 7959064|4229, 7959428|4319, 7959488|5692, 7960198|5837, 7960362|5911, 7961149|5979, 7961253|6053, 7961314|6288, 7961434|6360, 7963797|6449, 7964545|6818, 7964805|6895, 7965117|6974, 7965169|7067, 7965355|7453, 7966574|7529, 7968778|7616, 7969262|7703, 7969419|7769, 7969557|7844, 7969609|7917, 7977831|7987, 7977981|8078, 7978637|8162, 7978689|8249, 7979350|8327, 7980226|8405, 7981161|8491, 7983666|8587, 7991329|8672, 7991381|8749, 7991433|8899, 7992105|8976, 7993295|9063, 7993891|9170, 7993995|9255, 7994047|9339, 7994227|9537, 7994665|9642, 7996160|9745, 8001687|9861, 8002868|9945, 8003174|10044, 8003376|10267, 8003532|10380, 8004052|10442, 8004416|10493, 8004468|10599, de.spiegel.android.app.spon, 
8004598|1670, 8004662|1748, 8005017|1812, 8005306|1874, 8005618|1937, 8006130|2011, 8006507|2073, 8007826|2189, 8007866|2239, 8008197|2294, 8008646|2363, 8008706|2414, 8009017|2465, 8009152|2523, 8009480|2585, 8009520|2641, 8010010|2774, 8011305|2970, 8011357|3431, 8011419|4751, 8012113|4826, 8012737|4911, 8012797|5003, 8013292|5073, 8013396|5139, 8013456|5441, 8013516|5513, 8013801|5589, 8013957|5672, 8014135|5733, 8015447|5803, 8017357|5865, 8020638|5915, 8021976|6229, 8022236|6295, 8022340|6455, 8022392|6553, 8022527|6902, 8022579|9159, 8022839|10215, 8023079|10265, 8023239|10371, com.paypal.android.p2pmobile, 
8023902|53, 8023954|163, 8024006|1119, 8024130|1493, 8025022|1645, 8025586|1763, 8026541|1840, 8026877|1909, 8027045|2504, 8027253|10098, 8027493|10158, 8027556|12126, 8027616|12286, 8027904|12510, 8028216|12620, 8028276|12855, de.pilot.newyorker.android, 
8028558|1, 8028766|63, 8028944|171, 8029135|229, 8029291|299, 8029655|359, 8029797|466, 8031557|521, 8031713|599, 8031765|721, 8032187|2033, 8032521|2156, 8033242|2251, 8033450|2351, 8033816|2443, 8034069|2532, 8034426|2605, 8035222|2685, 8035416|2750, 8035565|2802, 8035701|2857, 8035857|2970, 8035961|10007, 8036201|10069, org.indywidualni.fblite, 
8036265|1410, 8036325|1474, 8036770|1547, 8037598|1637, 8037783|1802, 8038237|1873, 8038519|1940, 8039310|1998, 8039362|2064, 8039429|2224, 8039564|2294, 8040113|2371, 8043456|2446, 8044922|2534, 8045342|2602, 8045394|2667, 8045511|2814, 8045894|2904, 8046062|2972, 8046859|3052, 8046911|3121, 8047250|3194, 8047530|3263, 8048090|3332, 8048130|3398, 8048542|3748, 8048881|3828, 8049327|3909, 8049971|4006, 8050211|4100, 8050276|4718, 8050626|4776, 8051353|4864, 8052542|4984, 8052667|5073, 8053636|5162, 8054148|5263, 8055488|5338, 8056690|5446, 8057024|5514, 8057546|5583, 8057733|5722, 8057785|5792, 8058306|5864, 8061847|6174, 8062468|6255, 8063800|6375, 8063913|6457, 8064033|6544, 8065746|6622, 8066422|6674, 8066487|6777, 8067215|6862, 8069149|7011, 8069201|7067, 8069587|7129, 8069833|7183, 8070097|7234, 8070779|7291, 8070831|7512, 8071443|10301, 8071483|10351, 8071955|10398, 8072035|10452, 8072139|10503, de.mcdonalds.mcdonaldsinfoapp, 
8072191|1309, 8072243|1382, 8072592|2316, 8073061|2420, 8073851|2517, 8074171|2643, 8074353|2722, 8074691|2821, 8075029|2901, 8075556|3011, 8076386|3086, 8076991|3174, 8077344|3249, 8078263|3383, 8078808|3687, 8079301|3761, 8079918|3832, 8080110|3911, 8080283|3979, 8080475|4035, 8080539|5119, 8080599|5184, 8081375|5261, 8082533|5379, 8082793|5449, 8083365|5503, 8083417|5561, 8083477|6054, 8083765|6101, 8083869|6152, 8093394|6209, 8093853|6261, 8094165|6315, 8101082|6375, 8101819|6474, 8101871|6526, 8102183|10085, 8102635|10150, com.waze, 
8102868|293, 8102929|1948, 8103049|2013, 8103981|2120, 8105707|2202, 8105835|2903, 8105939|3643, 8106203|10178, com.instagram.android, 
8106273|1848, 8106333|1910, 8106628|2088, 8106940|2330, 8107245|2435, 8107305|2504, 8108626|2568, 8109993|2624, 8110494|2683, 8110598|2738, 8110839|2807, 8111195|2864, 8111483|2976, 8111535|3036, 8111847|3192, 8112563|3330, 8113005|3407, 8114903|3463, 8118273|3543, 8118377|3627, 8118429|3689, 8120342|3961, 8120717|4030, 8124202|4109, 8124986|4225, 8125121|4290, 8125173|4352, 8125253|4418, 8125316|6950, 8125376|7063, 8125820|7148, 8125998|7206, 8126956|7278, 8127124|7765, 8127259|7836, 8127363|7910, 8127587|7969, 8127746|8033, 8127992|8095, 8128112|8157, 8128610|8233, 8128788|8308, 8129050|8391, 8129266|8484, 8129378|8547, 8129485|8605, 8129595|8664, 8129663|8727, 8129731|8789, 8129799|8849, 8129913|8914, 8130348|8985, 8130526|9052, 8130714|9123, 8130899|9189, 8131222|9256, 8131468|9322, 8131692|9396, 8131952|10143, 8132032|10203, 8132272|10265, 8132352|10323, org.zwanoo.android.speedtest, 
8132596|1442, 8133628|1564, 8133984|1671, 8135119|1769, 8135379|1864, 8135483|2132, 8135691|10022, 8135931|10158, 8135991|12287, 8136279|12519, 8136591|12690, de.pilot.newyorker.android, 
8136651|1, 8136933|122, 8137141|230, 8137319|401, 8137562|463, 8138016|519, 8138692|641, 8139987|702, 8140039|891, 8140103|1992, 8140163|2055, 8140608|2145, 8140912|2211, 8141671|2320, 8142012|2442, 8142350|2544, 8142688|2651, 8142904|2727, 8144251|2827, 8145424|2897, 8145668|2966, 8145720|3033, 8145937|3325, 8146554|3432, 8146606|3512, 8147764|4275, 8148856|4328, 8149480|4386, 8159238|4775, 8159372|4833, 8159580|4897, 8166497|4957, 8167234|5017, 8167286|5122, 8167346|9067, 8167406|9172, 8168027|9230, 8170862|9286, 8172020|9338, 8172214|9395, 8172266|9517, 8178320|9873, 8178764|10011, 8179136|10074, 8179188|10126, com.waze, 
8179240|941, 8179292|1711, 8179361|2197, 8179421|2264, 8180638|2327, 8180802|2390, 8181095|2446, 8181355|2527, 8181533|2579, 8181829|2640, 8181881|2816, 8182001|2955, 8182578|3039, 8182890|3128, 8183246|3208, 8186697|3265, 8186801|3433, 8188714|3518, 8189089|3587, 8192574|3649, 8193358|3710, 8193410|3778, 8193462|5100, 8193525|6514, 8193585|6587, 8193873|6647, 8194029|6713, 8194207|6776, 8195164|6837, 8195320|7119, 8195380|7191, 8195703|7245, 8195881|7334, 8195949|7394, 8196129|7466, 8196504|7528, 8196682|7592, 8196818|7656, 8196982|7716, 8197146|7771, 8197305|7830, 8197415|7949, 8197483|8013, 8197551|8074, 8197619|8145, 8198054|8208, 8198352|8285, 8198584|8348, 8199017|8405, 8199221|8463, 8199325|8529, 8201380|9901, 8203498|10057, 8203758|10359, 8203918|10414, 8204158|10472, org.zwanoo.android.speedtest, 
8204221|1699, 8204281|1777, 8204569|1974, 8204846|2299, 8206159|2370, 8206794|2442, 8207002|2506, 8208389|2565, 8208567|2618, 8208863|2675, 8208915|2745, 8208967|2860, 8209088|3055, 8209439|3151, 8211622|3240, 8213736|3317, 8215324|3388, 8215376|3448, 8217359|3559, 8217419|3637, 8221181|3735, 8221933|3791, 8221985|3848, 8222037|3906, 8222097|6560, 8222385|6624, 8222541|6684, 8222719|6756, 8223676|6870, 8223832|7203, 8224027|7269, 8224191|7322, 8224540|7389, 8224676|7456, 8224908|7521, 8225341|7587, 8225545|7651, 8225709|7719, 8225873|7785, 8226032|7850, 8226142|7917, 8226210|7982, 8226278|8041, 8226346|8108, 8226398|8173, 8226833|8247, 8227011|8316, 8227199|8372, 8227475|8432, 8227812|8494, 8227948|8554, 8228052|8648, 8232137|10092, 8232897|10180, 8233237|10370, 8233557|10429, org.zwanoo.android.speedtest, 
8233617|1243, 8234062|1433, 8234950|1533, 8235248|1598, 8235686|1670, 8236529|1724, 8236581|1847, 8236708|2031, 8236989|2097, 8240362|2198, 8241962|2275, 8242856|2349, 8243368|2421, 8243420|2498, 8243485|2585, 8243868|2681, 8244202|2761, 8244691|2840, 8244743|2922, 8245155|3480, 8245207|3740, 8245272|4386, 8245384|4574, 8245778|4638, 8246927|4723, 8247112|4829, 8248355|4918, 8248593|5005, 8250158|5101, 8251231|5191, 8251516|5265, 8252380|5385, 8253326|5500, 8254371|5765, 8255771|5837, 8256473|5914, 8256577|5993, 8256944|6075, 8257851|6130, 8258575|6185, 8258731|6345, 8259643|6416, 8260056|6611, 8260243|6776, 8260323|6831, 8260895|10022, 8261419|10076, 8261551|10180, de.mcdonalds.mcdonaldsinfoapp, 
8261675|1484, 8262359|1607, 8263131|1742, 8264266|1855, 8264422|1959, 8264590|2530, 8264642|9349, 8264850|10093, 8265090|10167, 8265150|11883, 8265438|12090, 8265573|12171, 8265885|12258, 8265945|12492, 8266227|12664, 8266435|12721, 8266613|12778, 8266938|12874, de.pilot.newyorker.android, 
8267310|1, 8268038|125, 8269280|208, 8269332|380, 8269392|1626, 8269504|1782, 8269756|1861, 8269816|2086, 8270175|2181, 8270517|2238, 8270839|2304, 8271619|2366, 8272295|2437, 8272347|2556, 8272399|2618, 8272451|3333, 8272503|3384, 8274394|4265, 8275882|4331, 8279431|4427, 8279899|4509, 8279951|4609, 8280011|4697, 8280884|4769, 8283298|4832, 8283350|4903, 8283410|5576, 8284120|5654, 8284224|5721, 8285071|5812, 8285123|5896, 8285175|5956, 8285236|6105, 8286087|6181, 8286659|6254, 8287407|7245, 8288678|7327, 8289770|7397, 8289841|7946, 8290918|8050, 8292297|8133, 8293630|8216, 8295545|8296, 8296013|8375, 8296721|8451, 8297599|8530, 8298171|8607, 8298893|8683, 8300393|8755, 8302662|8842, 8303544|8934, 8303908|9024, 8304156|9113, 8304232|9584, 8305152|9677, 8306072|9770, 8311649|9875, 8312829|9960, 8313882|10041, 8313934|10129, 8314329|10216, 8314901|10384, 8315409|10443, 8315461|10548, 8315596|12664, de.spiegel.android.app.spon, 
8315731|1482, 8315964|1557, 8316028|1632, 8316096|2141, 8316172|2254, 8316248|6898, com.whatsapp, 
8316308|1599, 8316360|1684, 8316612|1766, 8316664|1843, 8316971|2046, 8317031|2107, 8317425|2157, 8317747|2218, 8318007|2280, 8319151|2340, 8319203|2407, 8319255|2477, 8319307|2535, 8319359|3236, 8319411|3287, 8319469|4086, 8319649|4146, 8322225|4209, 8324910|4323, 8325066|4402, 8325964|4571, 8326016|4637, 8326172|4700, 8326232|4782, 8327086|4845, 8327138|4917, 8327198|5567, 8327908|5710, 8328012|5784, 8328859|5853, 8328911|5969, 8329032|6273, 8329884|6345, 8331299|6414, 8331455|6493, 8332203|6786, 8332931|6859, 8333399|6932, 8333577|7443, 8334476|7515, 8336348|7627, 8336862|7698, 8336922|8027, 8337578|8237, 8338974|8416, 8340461|8505, 8342201|8591, 8343027|8671, 8343697|8956, 8345385|9029, 8345483|9109, 8345535|9217, 8345639|9333, 8345743|9440, 8346181|9533, 8347213|9643, 8352349|9756, 8353325|9845, 8354672|9939, 8355303|10057, 8357169|10144, 8357469|10231, 8357533|10310, 8358565|10464, 8358773|10513, 8358825|10616, de.spiegel.android.app.spon, 
8358889|1173, 8361616|1303, 8364101|1406, 8364153|1584, 8364340|1722, 8364400|1951, 8364740|2046, 8365000|2102, 8365178|2158, 8366122|2207, 8366212|2257, 8366331|2318, 8366667|2380, 8366927|2436, 8367105|2499, 8368179|2556, 8368346|2703, 8368554|2909, 8368623|5088, 8368969|5173, 8369407|5306, 8370049|5424, 8370288|5487, 8370368|5536, 8370550|6015, 8370610|6072, 8371437|6122, 8373388|6235, 8373944|6297, 8374079|6415, 8374159|6473, 8374315|10138, 8374527|10189, 8374876|11383, 8375032|11452, 8375210|11815, 8375856|11954, 8375922|12016, 8376034|12089, 8376481|12156, com.airbnb.android, 
8377202|1064, 8377254|1186, 8377314|1519, 8377514|1642, 8377618|1759, 8377678|1930, 8377985|2032, 8378431|2104, 8379013|2204, 8379533|2282, 8380209|2381, 8380273|2478, 8380333|2584, 8380830|2688, 8381060|2948, 8381164|3039, 8381268|3134, 8389742|3406, 8390287|3500, 8398416|3920, 8399141|4037, 8401718|4112, 8403954|4212, 8404006|4323, 8412135|4574, 8412680|4659, 8420964|5199, 8422525|5445, 8423871|5553, 8423975|5671, 8424027|6754, 8424775|7195, 8425971|7327, 8426031|7711, 8426692|7808, 8426818|7896, 8428726|8009, 8431557|8109, 8432747|8202, 8433515|8471, 8434686|8555, 8437859|8655, 8438315|8768, 8438927|8872, 8439031|9385, 8439513|9627, 8442498|9741, 8443787|9837, 8445132|9953, 8447110|10080, 8447162|10221, 8447260|10335, 8447884|10483, 8448144|10544, 8448196|10671, de.spiegel.android.app.spon, 
8448248|118, 8449803|693, 8449889|759, 8449941|894, 8450011|1889, 8450071|2025, 8450366|2146, 8450678|2339, 8450856|2407, 8451898|2614, 8451950|2930, 8452073|2994, 8452139|3061, 8452487|3144, 8452547|3240, 8453210|3313, 8453928|3393, 8455032|3476, 8457027|3533, 8457591|3603, 8458374|3695, 8460089|3789, 8460267|3856, 8461462|3933, 8462002|4021, 8465016|4099, 8465350|4157, 8465390|4222, 8465442|4535, 8465506|4606, 8467132|5829, 8467184|5940, 8468432|6585, 8471475|7055, 8471527|7257, 8471735|10134, 8472051|10252, 8472263|10311, de.zalando.mobile, 
8472323|1622, 8472612|1773, 8472946|1868, 8473596|1980, 8473829|2096, 8474110|2162, 8474554|2219, 8474732|2282, 8475110|2335, 8475794|2432, 8477130|2597, 8477182|2808, 8477317|3125, 8477369|3216, 8479652|3469, 8479738|3553, 8479848|3646, 8479908|3727, 8480246|3794, 8480858|3852, 8481898|3913, 8483776|3986, 8484036|4054, 8484303|4162, 8484743|4274, 8486020|4527, 8487113|4639, 8487551|4729, 8487995|4795, 8488151|4855, 8488348|4913, 8488980|4972, 8489032|5128, 8490697|5216, 8490749|5297, 8491158|10192, 8491606|10376, 8491686|10489, com.moshbit.studo, 
8491749|1785, 8491809|1859, 8492097|2288, 8492587|2487, 8493936|2702, 8494048|2951, 8494388|3028, 8494886|3134, 8496319|3197, 8496757|3276, 8497765|3365, 8498570|3469, 8500154|3541, 8503220|3629, 8503554|3691, 8505530|3863, 8506532|3976, 8509575|4366, 8509938|4546, 8509990|4680, 8510146|10498, 8510514|10595, 8510594|10739, de.zalando.mobile, 
8510657|3459, 8510957|3601, 8515239|3721, 8516099|3909, 8516165|4254, 8516225|4335, 8516846|4406, 8517191|4509, 8517243|4604, 8517305|5934, 8517365|6016, 8518331|6124, 8518383|6340, 8518443|7910, 8519124|7990, 8519280|8057, 8519863|8143, 8520005|8206, 8520155|8292, 8520328|10012, 8520744|11071, 8520796|11214, org.chromium.chrome, 
8520920|2675, 8521261|2758, 8521678|2882, 8522528|2982, 8522788|3162, 8523126|3278, 8523308|3391, 8523464|3518, 8523649|3626, 8523805|3742, 8524701|3843, 8525043|3922, 8525095|3995, 8525312|4281, 8525929|4508, 8526045|4584, 8526411|4671, 8526712|4754, 8527553|4824, 8528711|5544, 8530427|5696, 8540185|6280, 8540285|6346, 8547410|6438, 8548147|6498, 8548199|6642, 8548643|10824, 8548963|10904, com.waze, 
8549023|2543, 8549312|2625, 8549468|2722, 8550413|2854, 8550621|2981, 8550806|3114, 8550962|3221, 8551248|3327, 8551482|3446, 8551638|3556, 8552192|3641, 8552824|3710, 8552876|3799, 8552928|3870, 8553145|4166, 8553762|4317, 8553814|4451, 8554972|5447, 8556636|5531, 8566394|6153, 8566511|6218, 8573688|6294, 8574425|6419, 8574477|6492, 8574737|10775, 8575137|10863, com.waze, 
8575257|2199, 8575533|2308, 8575689|2402, 8576159|2503, 8576301|2597, 8576481|2674, 8576533|2821, 8576691|2890, 8576743|2975, 8576871|3061, 8577285|3177, 8577690|3294, 8577742|3393, 8578541|3509, 8578668|3941, 8578845|4084, 8578939|4296, 8579193|5664, 8579245|5770, 8579349|10868, 8579453|10932, com.duckduckgo.mobile.android, 
8579521|2397, 8579597|2482, com.whatsapp, 
8579673|2438, 8579912|3217, 8579988|6734, 8580048|6937, 8580388|7069, 8580648|7140, 8580826|7536, 8582166|7667, 8583347|7740, 8583399|7956, 8585253|8252, 8585305|8324, 8585357|8394, com.whatsapp, 
8585487|2965, 8585782|3169, 8586094|3391, 8586272|3660, 8587320|3890, 8587372|4063, 8587497|5232, 8587617|5339, 8587905|5396, 8587957|5451, 8588352|5519, 8588530|5580, 8590026|5637, 8590317|5690, 8590407|5797, 8591298|5854, 8591350|5917, 8591544|5982, 8591748|6524, 8591800|6778, 8592453|6837, 8592543|6894, 8592595|7068, 8592751|10712, 8592831|10772, 8592991|10832, com.twitter.android, 
8593052|2184, 8593172|2259, 8594104|2343, 8595778|2407, 8595830|2467, 8595934|2890, 8596038|10362, 8596198|10421, com.instagram.android, 
8596262|1185, 8596322|1259, 8596767|1353, 8597595|1445, 8597668|1511, 8598078|1575, 8598338|1638, 8599306|1701, 8599358|1817, 8599425|1985, 8599878|2127, 8602948|2194, 8603460|2271, 8605272|2326, 8605376|2569, 8605832|2688, 8606725|2762, 8607214|2841, 8607432|2940, 8607826|3015, 8607866|3080, 8608278|3339, 8608394|3899, 8608454|4263, 8608744|4323, 8609078|4394, 8610049|4486, 8610161|4563, 8610451|4649, 8610771|4715, 8612817|4822, 8612869|4902, 8613726|5006, 8614662|5295, 8616185|5394, 8617065|5498, 8617295|5605, 8619421|5691, 8619777|5763, 8619837|5822, 8620144|5936, 8621051|5990, 8621103|6042, 8621489|6097, 8622171|6364, 8622223|6492, 8622783|10043, 8623047|10090, 8623375|10141, 8623455|10194, 8624254|10613, 8624306|10665, de.mcdonalds.mcdonaldsinfoapp, 
8624369|2454, 8624669|2568, 8629225|2689, 8629929|2808, 8630610|2939, 8630955|3024, 8631007|3096, 8631129|3896, 8631750|3993, 8632095|4086, 8632147|4164, 8632199|5723, 8632251|5774, 8632311|6860, 8632371|6963, 8632992|7013, 8633293|7085, 8633731|7139, 8634127|7196, 8634299|8984, 8634715|10048, 8634767|10115, org.chromium.chrome, 
8634835|1854, 8634911|1919, 8635027|8164, 8635260|11462, com.whatsapp, 
8635380|1507, 8635656|1610, 8635990|1716, 8636282|1808, 8636424|1888, 8636476|1954, 8636604|2018, 8636814|2096, 8636960|2177, 8637020|2259, 8637450|2339, 8637710|2432, 8637907|2527, 8638550|2605, 8638654|2691, 8638781|2925, 8639010|3096, 8639264|4092, 8639316|4332, 8639420|10147, 8639524|10195, com.duckduckgo.mobile.android, 
8639975|1830, 8640131|1907, 8640637|2010, 8641069|2087, 8641301|2276, 8641361|2411, 8641625|2705, 8641781|3082, 8641959|3178, 8642920|3381, 8643207|3452, 8646325|3553, 8646963|3635, 8647119|3891, 8649404|4357, 8650684|4438, 8651426|4526, 8654528|4628, 8655606|4697, 8655846|4773, 8655917|6017, 8656544|6168, 8657045|6235, 8657721|6311, 8658221|6373, 8658759|7170, 8659900|7277, 8661097|7379, 8661827|7497, 8661887|7635, 8662480|7743, 8663138|7817, 8663238|7878, 8663538|7948, 8664101|8040, 8664657|8108, 8664987|8170, 8665892|8230, 8667531|8303, 8668792|8382, 8669391|8438, 8669725|8527, 8671444|8604, 8671548|8881, 8672479|9060, 8672635|9130, 8672779|10051, 8672831|10114, 8673587|10361, 8674375|10428, 8674455|10660, org.mozilla.firefox, 
8674531|1828, com.whatsapp, 
8674591|1440, 8674651|1531, 8674927|1617, 8675083|1711, 8675553|1793, 8675695|1876, 8675747|1938, 8675875|1996, 8676021|2060, 8676179|2127, 8676307|2282, 8676359|2367, 8676419|2479, 8676721|2559, 8676929|2657, 8677679|2757, 8677873|2843, 8678052|2914, 8678229|2979, 8678281|3105, 8678535|4275, 8678587|4359, 8678722|4522, 8678826|10159, 8678930|10276, com.duckduckgo.mobile.android, 
8678990|1608, 8679266|1695, 8679600|1771, 8679944|1889, 8680034|1951, 8680086|2013, 8680214|2070, 8680266|2145, 8680786|2243, 8681140|2320, 8681337|2403, 8682108|2483, 8682264|2567, 8682391|2836, 8682568|3001, 8682620|3127, 8682874|3986, 8682926|4069, 8683030|10150, 8683082|10199, 8683134|10260, com.duckduckgo.mobile.android, 
8683620|1754, 8687493|1898, 8689116|2027, 8691855|2159, 8694877|2294, 8696165|2386, 8696609|2450, 8696728|2509, 8696988|2564, 8697103|3166, 8697259|3254, 8697521|5834, 8697693|5930, 8697812|6037, 8698592|6278, 8699372|6337, 8700115|6389, 8700219|6441, 8700271|6503, 8700978|6694, 8701134|6820, 8701945|6901, 8702704|6954, 8703515|7014, 8704326|7087, 8704378|7150, 8705189|7198, 8705948|7250, 8706052|7305, 8706759|7357, 8707570|7408, 8707622|7458, 8708375|7512, 8708479|7568, 8708975|10074, 8709695|10149, com.fsck.k9, 
8709759|1416, 8710108|1578, 8710442|1662, 8711091|1720, 8711143|1868, 8711351|2250, 8714936|2354, 8716541|2465, 8716797|2547, 8717707|2698, 8718123|2856, 8718909|2972, 8719366|3105, 8720036|3182, 8720088|3317, 8720844|3397, 8722103|3465, 8722259|3541, 8722311|3613, 8723101|5059, 8723153|5361, 8723221|8113, 8723291|8175, 8723463|8234, 8727276|8299, 8728188|8362, 8728798|8430, 8728902|8569, 8728964|8794, 8729029|8899, 8729355|9002, 8729475|9093, 8729641|9168, 8730254|9246, 8730294|9415, 8730878|9984, 8731610|10062, 8732602|10266, 8732682|10331, 8732742|10623, 8733031|10678, 8733187|10737, 8733365|10971, 8734014|11085, 8734066|11219, de.prosiebensat1digital.prosieben, 
8734193|1871, 8734313|1933, 8734602|2001, 8734890|2066, 8735224|2138, 8735601|2203, 8736286|2278, 8737901|2412, 8738235|2477, 8738546|2588, 8738733|2649, 8738773|2713, 8738813|2770, 8738948|3584, 8739072|5124, 8739766|5213, 8740182|5281, 8740390|5351, 8740789|5469, 8741049|5550, 8741109|5796, 8741454|5873, 8741788|6014, 8742397|6136, 8742612|6207, 8745845|6362, 8747803|6426, 8748191|6912, 8749581|6987, 8749633|7556, 8749841|10305, 8750081|10369, 8750161|10484, com.paypal.android.p2pmobile, 
8750221|1885, 8750509|2212, 8750567|2472, 8750948|2568, 8752339|2652, 8752495|2711, 8753828|2772, 8753880|2965, 8753948|3419, 8754548|3544, 8755385|3619, 8755875|3699, 8759948|3798, 8760052|3934, 8760104|3993, 8762095|4183, 8762470|4329, 8765857|4398, 8766661|4467, 8766713|4606, 8766848|5678, 8766911|7175, 8767259|7252, 8767415|7319, 8767593|7392, 8768550|7457, 8768706|7750, 8768901|7838, 8769224|7905, 8769414|7970, 8769550|8056, 8769730|8128, 8770105|8213, 8770351|8275, 8770657|8351, 8770821|8498, 8770980|8571, 8771090|8719, 8771158|8796, 8771226|8866, 8771294|8937, 8771468|9008, 8771953|9078, 8772157|9144, 8772394|9225, 8772895|9319, 8774039|9410, 8774091|9515, 8774351|10425, 8774751|10491, org.zwanoo.android.speedtest, 
8777045|1475, 8777131|1577, 8777183|1659, 8777295|2005, 8778896|2194, 8780578|2419, 8780838|2537, 8781686|2635, 8782195|2717, 8782299|2804, 8783003|2906, 8784574|3015, 8785364|4751, 8785416|5011, 8785468|5114, 8785520|5851, 8785593|6700, 8785968|6801, 8786504|6908, 8787904|7023, 8788886|7118, 8789444|7618, 8792945|7726, 8792997|7831, 8793057|8209, 8793363|8291, 8793609|8389, 8794222|8478, 8794262|8579, 8794397|9162, 8795160|9487, 8795832|9579, 8795884|9673, 8796645|10649, 8796952|10761, 8801286|10853, 8801390|10982, 8801618|11160, 8802662|11267, 8802782|11339, 8802862|11404, de.prosiebensat1digital.prosieben, 
8802926|2832, 8803275|2921, 8803431|3013, 8804084|3087, 8804136|3233, 8804271|3443, 8804586|3571, 8804854|3726, 8805036|3844, 8805192|3945, 8805374|4039, 8805530|4147, 8805712|4265, 8805868|4370, 8806767|4465, 8807109|4545, 8807161|4615, 8807442|5008, 8808425|5137, 8809428|5229, 8809672|5300, 8809879|5491, 8810071|5575, 8810330|6546, 8811106|6624, 8812264|6710, 8812524|6781, 8812576|6875, 8813720|6963, 8813915|7642, 8814536|7704, 8824071|7772, 8824645|7840, 8831614|7917, 8832351|7989, 8832403|8059, 8832715|11021, 8833167|11105, com.waze, 
8833227|1658, 8833672|1783, 8834499|1904, 8834711|2585, 8836040|2736, 8837593|2919, 8837849|3079, 8838759|3181, 8839961|3403, 8840574|3597, 8841140|3697, 8841244|3825, 8841948|3917, 8843363|4026, 8843415|4123, 8844205|5485, 8844257|5756, 8844815|8126, 8848313|8218, 8848365|8362, 8848425|8776, 8848691|8859, 8848977|8969, 8849590|9050, 8849630|9147, 8850214|10098, 8850266|10292, 8851050|11108, 8851130|11186, 8851688|11433, 8851740|11507, 8855183|11692, 8855946|11839, 8855998|11911, de.prosiebensat1digital.prosieben, 
8856927|1646, 8859961|1767, 8861327|1911, 8861514|2059, 8861574|2613, 8861914|2704, 8862174|2771, 8862602|2843, 8863751|2913, 8864049|2985, 8865301|3059, 8865405|3148, 8865572|3335, 8865624|3435, 8865780|3522, 8865849|5677, 8866195|5782, 8866633|5916, 8867327|6010, 8867566|6105, 8867646|6196, 8867828|7131, 8868094|7200, 8868715|7267, 8870606|7338, 8871188|7410, 8871403|7478, 8871443|7564, 8871599|10871, 8871811|10976, 8871871|12374, 8872316|12472, 8872494|13097, 8873206|13214, 8873370|13350, 8873609|13424, 8873765|13503, 8873943|13765, 8874486|13835, com.airbnb.android, 
8874538|1, 8874598|2498, 8875294|2640, 8876079|2763, 8876287|2896, 8876703|3028, 8876904|3177, 8877595|3309, 8878199|3407, 8878484|3496, 8878536|3585, 8878588|3720, 8878652|4551, 8879001|4650, 8879209|4728, 8879387|5232, 8879439|5355, 8887913|5927, 8888458|6027, 8897132|6677, 8905261|7343, 8905806|7460, 8914119|8028, 8914422|8623, 8914526|10707, 8914766|10805, org.indywidualni.fblite, 
8916321|346, 8916407|414, 8916459|559, 8916527|2366, 8916603|2484, com.whatsapp, 
8916663|2043, 8916723|2150, 8917155|2269, 8917333|2356, 8917767|2439, 8917819|2520, 8917947|2598, 8917999|2685, 8918157|2767, 8918337|2847, 8918449|2958, 8918959|3064, 8919156|3157, 8920007|3300, 8920134|3844, 8920311|3918, 8920405|4105, 8920659|5418, 8920711|5607, 8920815|10921, 8920919|10987, com.duckduckgo.mobile.android, 
8921042|2193, 8921330|2405, 8921642|2575, 8921820|2650, 8923279|2987, 8924536|3069, 8924664|3136, 8925009|3220, 8925269|3310, 8925743|3395, 8925795|3612, 8925922|4061, 8926094|4144, 8926931|4256, 8927287|4334, 8930739|4429, 8930843|4500, 8932774|4709, 8933209|4820, 8936596|4928, 8937400|5005, 8937452|5098, 8937515|7759, 8937575|7837, 8938019|7921, 8938197|8002, 8939154|8088, 8939457|8600, 8939681|8699, 8940030|8782, 8940166|8857, 8940398|8947, 8940831|9030, 8941035|9112, 8941251|9196, 8941522|9298, 8941632|9378, 8941700|9480, 8941768|9574, 8941950|9670, 8942385|9783, 8942699|9871, 8943259|9981, 8943573|10090, 8943677|10208, 8943937|10937, 8944337|11031, org.zwanoo.android.speedtest, 
8944532|2239, 8944944|2345, 8946151|2473, 8947141|2657, 8947297|2827, 8947433|2951, 8947697|3312, 8948031|3701, 8948083|3955, 8948869|4051, 8948921|4282, 8949043|4383, 8949590|4476, 8952448|4565, 8953035|4659, 8953255|5257, 8953615|5530, 8955600|5614, 8957613|5698, 8958251|5815, 8960539|5906, 8962079|5996, 8964993|6095, 8965695|6186, 8967031|6274, 8967544|6365, 8967802|6451, 8967873|7741, 8968258|8121, 8968310|8214, 8968560|8528, 8968866|8689, 8968986|9344, 8969879|9470, 8970665|9575, 8971275|9714, 8971972|10141, 8972528|10575, 8974112|10790, 8975638|10907, 8976357|11006, 8976966|11162, 8978458|11296, 8978538|11463, org.mozilla.firefox, 
8978598|2359, 8979017|2446, 8979521|2538, 8979561|2638, 8979601|10941, com.isis_papyrus.raiffeisen_pay_eyewdg, 
8981871|1500, 8982081|1654, 8982995|1789, 8984307|1925, 8984494|2128, 8984554|2770, 8984614|2854, 8985102|2920, 8985391|3000, 8985926|3076, 8986939|3143, 8988281|3208, 8988333|3274, 8988385|3359, 8988552|3485, 8988824|3838, 8988953|5909, 8989239|5994, 8989677|6076, 8990371|6168, 8990610|6256, 8990773|6332, 8990813|6407, 8990995|7263, 8991055|7336, 8991882|7404, 8994349|7475, 8994484|7547, 8994564|7615, 8994720|10795, 8994932|10863, 8994996|11878, 8995056|11964, 8995501|12062, 8995567|12652, 8995978|12744, 8997301|12846, 8997405|12913, 8997457|13088, com.airbnb.android, 
8997635|1323, 9000049|1496, 9000153|1600, 9000217|1691, 9003098|1836, 9003881|2004, 9005423|2129, 9022617|2332, 9031380|2454, 9040054|2573, 9044881|2664, 9045068|2899, 9045120|3005, 9045179|3346, 9045863|3435, 9046509|3540, 9047683|3624, 9048847|3744, 9049118|3860, 9049390|4173, 9049450|6158, 9049996|6316, 9050174|6471, 9050868|6564, 9051227|6654, 9051409|7611, 9051675|7693, 9052859|7774, 9054810|7863, 9054945|7955, 9055025|8035, 9055285|10873, 9055657|10938, 9055721|12189, 9056070|12257, 9056226|12391, 9056404|12907, 9057401|13020, 9057557|13111, 9057609|13186, com.airbnb.android, 
9057839|2365, 9057902|2576, 9057962|2665, 9058793|2769, 9058845|2871, 9059157|2974, 9059335|3068, 9060684|3171, 9060736|3594, 9060796|3819, 9061293|3958, 9061643|4369, 9062361|4504, 9063478|4603, 9063968|4699, 9065137|4847, 9066305|5017, 9067668|5182, 9079449|5328, 9080380|5447, 9083304|5621, 9091978|5988, 9100107|6686, 9100652|6772, 9108781|7318, 9109326|7429, 9110252|7503, 9110491|7680, 9113534|8281, 9113586|8448, 9113742|10848, 9114110|10938, 9114190|11021, 9115745|14005, de.zalando.mobile, 
9115831|1, 9115883|87, 9116006|2252, 9116294|2463, 9116784|2710, 9118117|2916, 9119448|3063, 9119732|3140, 9120233|3250, 9120463|3336, 9120759|3450, 9120811|3672, 9120938|4038, 9121635|4145, 9121947|4254, 9125754|4387, 9125806|4494, 9125858|4605, 9128010|4884, 9131772|5023, 9132415|5149, 9132467|5286, 9132530|7868, 9132878|7968, 9133034|8046, 9134169|8128, 9134337|8612, 9134532|8715, 9134800|8792, 9135113|8879, 9135577|8972, 9135914|9056, 9136214|9143, 9136378|9223, 9136537|9303, 9136647|9378, 9136715|9459, 9136851|9549, 9136963|9652, 9137516|9770, 9137889|9886, 9138458|10018, 9138630|10128, 9138682|10987, 9138970|11076, 9139290|11150, org.zwanoo.android.speedtest, 
9139353|3624, 9142758|3745, 9144483|3882, 9144795|3997, 9145542|4111, 9145887|4241, 9145939|4344, 9146001|5370, 9146682|5444, 9146890|5532, 9147079|5692, 9147139|7973, 9147199|8045, 9147820|8123, 9148121|8200, 9148559|8271, 9148955|8335, 9149124|10093, 9149540|10839, 9149592|10943, org.chromium.chrome, 
9149955|3161, 9153060|3264, 9154889|3388, 9155201|3527, 9155327|3644, 9156293|3756, 9156345|3907, 9156407|4802, 9156467|4868, 9157088|4938, 9157433|5104, 9157485|5250, 9157545|7501, 9157605|7577, 9158226|7642, 9158527|7721, 9158965|7796, 9159361|7861, 9159535|9650, 9159951|10818, 9160003|10911, org.chromium.chrome, 
9160063|1935, 9160399|2084, 9160555|2180, 9161025|2306, 9161167|2384, 9161347|2458, 9161399|2544, 9161557|2617, 9161609|2699, 9161737|2773, 9161789|2872, 9162151|2978, 9162359|3064, 9162556|3169, 9162608|3248, 9163303|3339, 9163407|3437, 9163534|3635, 9163711|3708, 9163805|3792, 9164059|5408, 9164111|5514, 9165280|9515, 9165332|9589, 9165436|11034, 9165540|11104, com.duckduckgo.mobile.android, 
9165600|2203, 9166019|2325, 9166523|2443, 9166563|2523, 9166603|10836, com.isis_papyrus.raiffeisen_pay_eyewdg, 
9166727|2806, 9167172|2893, 9167350|2971, 9167825|3042, 9167877|3215, 9168012|3339, 9168201|3460, 9168529|3584, 9168711|3681, 9168867|3790, 9169049|3897, 9169390|4014, 9169610|4151, 9170530|4267, 9171515|4359, 9172538|4451, 9172713|4894, 9173122|5023, 9173739|5117, 9173791|5207, 9173943|5376, 9174135|5477, 9174187|6391, 9174386|6488, 9175067|6576, 9175222|6658, 9176380|6728, 9176640|6798, 9177212|6899, 9177264|7297, 9177459|7531, 9178080|7598, 9187615|7670, 9187998|7736, 9195019|7813, 9195756|7946, 9195808|8024, 9196200|10801, 9196572|10898, com.waze, 
9196692|2552, 9197328|2632, 9197380|2754, 9198049|2833, 9198257|2938, 9198674|3044, 9198820|3219, 9199333|3305, 9200115|3384, 9200400|3535, 9200452|3598, 9200504|3690, 9200848|10813, 9200900|11231, 9200952|11512, org.indywidualni.fblite, 
9201075|2208, 9201363|2386, 9201675|2536, 9201853|2610, 9203202|2758, 9203254|3240, 9203314|3683, 9203654|3895, 9204262|3966, 9205930|4034, 9206658|4097, 9206710|4171, 9206915|4280, 9208162|4391, 9211406|4467, 9212924|4534, 9213080|4608, 9213132|5075, 9217879|5195, 9217931|5291, 9220974|7350, 9221026|7493, 9221550|10817, 9221630|10895, 9221690|12098, 9221750|12176, 9222030|12256, 9222290|12328, 9222468|12475, 9226143|12551, 9226233|12615, 9226285|12779, 9229492|12919, 9229544|12983, 9229596|13195, de.zalando.mobile, 
9229720|1859, 9230165|1970, 9230993|2080, 9231118|2295, 9231476|2372, 9231914|2453, 9232705|2527, 9232757|2611, 9233165|3099, 9236444|3218, 9236914|3302, 9238615|3427, 9239139|3520, 9239204|3707, 9239803|3837, 9241081|3933, 9241299|4035, 9241733|4128, 9241785|4227, 9242197|4927, 9242249|5197, 9242314|6324, 9242374|6391, 9242872|6481, 9244021|6587, 9244073|6676, 9244198|6823, 9245449|6978, 9246907|7096, 9247884|7179, 9248229|7297, 9248848|7391, 9250536|7522, 9252436|7651, 9253009|7799, 9255040|8101, 9255278|8210, 9255338|8300, 9255684|8398, 9257158|8521, 9257774|8599, 9258817|8744, 9258928|8955, 9259223|9023, 9259847|10889, 9260371|10960, 9260555|11025, de.mcdonalds.mcdonaldsinfoapp, 
9260917|2402, 9261251|2501, 9261984|2614, 9262192|2716, 9262696|2830, 9262811|2946, 9263442|3045, 9264046|3112, 9264195|3180, 9264331|3246, 9264383|3317, 9264487|3425, 9264831|10816, org.indywidualni.fblite, 
9264899|2525, 9264975|2592, com.whatsapp, 
9265110|760, 9265245|1197, 9266597|2105, 9269469|2250, 9271446|2376, 9274351|2578, 9277176|2751, 9278373|2862, 9278648|3002, 9278908|3079, 9279614|6700, 9280528|6780, 9281442|6846, 9282252|6913, 9283062|6979, 9283873|7042, 9284684|7107, 9285495|7176, 9286306|7246, 9287117|7309, 9287221|7381, 9287311|10743, 9287859|10856, 9288579|10938, com.fsck.k9, 
9288631|652, 9288683|727, 9289105|2413, 9289491|2509, 9290224|2611, 9290432|2692, 9290790|2792, 9290996|2907, 9291627|3014, 9292283|3088, 9293312|3159, 9293416|3229, 9293468|3321, 9293572|10708, 9293812|10789, 9294045|12665, org.indywidualni.fblite, 
9294244|1512, 9298143|1722, 9299509|1827, 9299613|1960, 9299800|2109, 9299920|2575, 9300408|2663, 9300460|2733, 9301641|2808, 9301791|2879, 9302283|2957, 9303587|3031, 9303639|3107, 9303806|3209, 9303858|3390, 9304014|3471, 9304083|5649, 9304429|5746, 9304867|5860, 9305561|5937, 9305800|6013, 9305880|6094, 9306062|6872, 9306949|6950, 9307500|7013, 9309448|7081, 9309583|7154, 9309663|7304, 9309871|10849, 9310083|10928, 9310143|12002, 9310588|12107, 9310766|12728, 9311412|12811, 9311478|12895, 9311702|12993, 9312149|13091, 9312544|13165, com.airbnb.android, 
9313265|1590, 9313547|1870, 9313667|2089, 9314099|2185, 9314277|2289, 9314621|2386, 9314763|2483, 9316540|2600, 9316948|2757, 9317430|2874, 9317835|2978, 9318530|3104, 9318634|3226, 9318698|3447, 9319434|3581, 9319559|3660, 9319611|3791, 9319789|3911, 9319841|4039, 9328860|4600, 9329113|5154, 9337839|5280, 9345968|5706, 9346513|5788, 9354826|6350, 9354878|6571, 9355065|6642, 9355169|10623, 9355273|10834, com.duckduckgo.mobile.android, 
9355349|1928, com.whatsapp, 
9355412|1870, 9355472|1932, 9355760|2106, 9356072|2297, 9356250|2370, 9357599|2502, 9357651|2821, 9357717|2893, 9357777|2990, 9357897|3094, 9358468|3160, 9358906|3266, 9360082|3323, 9360898|3400, 9361369|3500, 9362067|3561, 9363566|3678, 9364877|3766, 9368371|3872, 9368757|3958, 9368797|4025, 9370773|4107, 9371775|4184, 9374818|6647, 9374870|6815, 9374922|10241, 9375290|10320, 9375394|10383, 9375474|10447, de.zalando.mobile, 
9375535|2501, 9375967|2567, 9378209|2667, 9378365|2743, 9378469|2868, 9378573|10462, 9378733|10521, com.instagram.android, 
9378793|1855, 9379081|2072, 9379571|2584, 9380920|2795, 9380972|3000, 9381092|3087, 9381372|3168, 9381870|3253, 9383209|3319, 9383737|3384, 9384460|3467, 9384520|3525, 9385518|3620, 9385989|3678, 9390130|3739, 9390516|3813, 9390568|3959, 9390984|4029, 9393442|4130, 9393546|4222, 9396589|4381, 9396641|4596, 9396797|10075, 9397165|10148, 9397245|10256, de.zalando.mobile, 
9397309|1201, 9397369|1260, 9397814|1338, 9398642|1450, 9398702|1524, 9399052|1585, 9399490|1646, 9400281|1702, 9400333|1781, 9400460|1980, 9400741|2091, 9404000|2158, 9404086|2209, 9405191|2295, 9405587|2372, 9405934|2463, 9406737|2540, 9407410|2635, 9408231|2711, 9408501|2783, 9408895|2849, 9408935|2911, 9409347|3300, 9409399|3596, 9409459|4231, 9409749|4296, 9409801|4350, 9410135|4415, 9411106|4484, 9411158|4555, 9411278|4638, 9412135|4721, 9412647|4815, 9413987|4904, 9415189|5010, 9415868|5107, 9416732|5232, 9417500|5378, 9418545|5512, 9420479|5658, 9420723|5746, 9420896|5817, 9422396|5883, 9422656|5933, 9422834|5983, 9423633|6033, 9423744|6082, 9423987|6136, 9424669|6204, 9424721|6560, 9425293|10044, 9425869|10094, 9425949|10201, de.mcdonalds.mcdonaldsinfoapp, 
9426069|1881, 9426371|1955, 9427270|2035, 9427322|2103, 9427426|2185, 9427733|2273, 9427785|2352, 9427986|2422, 9428046|2480, 9428343|2530, 9429139|2585, 9429333|2634, 9429563|2738, 9429615|2792, 9429667|2853, 9429771|9985, 9429891|10042, 9430011|10091, org.indywidualni.fblite, 
9430135|1459, 9430424|1525, 9430758|1601, 9431408|1686, 9431644|1867, 9431704|1947, 9432273|2006, 9432429|2058, 9432607|2117, 9433297|2176, 9433669|2248, 9435007|2368, 9435059|2607, 9436140|2985, 9438613|3096, 9438723|3248, 9438783|3335, 9439121|3415, 9439733|3471, 9440067|3531, 9442441|3586, 9442767|3639, 9443183|3700, 9443354|3825, 9443807|3936, 9444348|4040, 9445692|4132, 9446162|4240, 9446234|4333, 9446294|4391, 9446738|4454, 9446945|4510, 9447577|4620, 9447629|4731, 9447681|4811, 9448090|9856, 9448130|9966, 9448326|10146, 9448498|10197, 9448578|10303, com.moshbit.studo, 
9448721|1766, 9449185|1846, 9449795|2009, 9450279|2163, 9450355|2386, 9450415|2495, 9450679|2964, 9451013|3273, 9451135|3382, 9451682|3467, 9455379|3546, 9455966|3622, 9456018|3778, 9456174|3871, 9456234|4173, 9456534|4257, 9458399|4324, 9459855|4417, 9460545|4493, 9463775|4572, 9466306|4660, 9468124|4737, 9469162|4802, 9469496|4870, 9469783|4930, 9469835|4981, 9470351|6100, 9470403|6237, 9470653|6502, 9471063|6626, 9471760|7261, 9472242|7345, 9473600|7430, 9473640|7511, 9474158|7642, 9474210|7765, 9474616|7837, 9474766|7907, 9476259|7994, 9477980|8060, 9480218|8136, 9481373|8205, 9482296|8286, 9482348|8362, 9483330|8419, 9483688|8473, 9483832|9414, 9483884|9517, 9484019|9728, 9484099|9837, 9484803|10326, 9485511|10392, 9485591|10604, org.mozilla.firefox, 
9485643|1922, 9486006|2450, 9490699|2608, 9491162|2741, 9491895|2842, 9492240|2933, 9492292|3013, 9492354|3780, 9492414|3846, 9493380|3957, 9493432|4077, 9493492|5668, 9493552|5774, 9493832|5829, 9494092|5882, 9494270|5994, 9494427|6051, 9494565|6119, 9494617|6173, 9496200|6336, 9496896|6389, 9496948|6452, 9497000|6516, 9498804|6862, 9498864|6914, 9499440|6971, 9500061|7026, 9500414|7092, 9500852|7157, 9501144|7212, 9501321|9012, 9501737|10054, 9501789|10124, org.chromium.chrome, 
9501853|2114, 9502202|2198, 9502358|2271, 9503011|2326, 9503063|2520, 9503333|2722, 9503573|2795, 9503781|2884, 9503963|2977, 9504301|3049, 9504639|3213, 9505166|3305, 9505746|3369, 9506036|3427, 9506088|3498, 9506369|3782, 9506429|3883, 9507352|3946, 9507705|4022, 9508355|4084, 9508599|4142, 9508806|4294, 9508998|4380, 9509197|4866, 9509930|4973, 9510085|5028, 9511243|5142, 9511399|5194, 9512075|5252, 9512127|5328, 9512322|5715, 9512943|5767, 9522478|5818, 9522925|5872, 9523029|5923, 9529998|5984, 9530735|6036, 9530787|6144, 9531179|10028, 9531551|10081, com.waze, 
9531611|1874, 9531973|2044, 9532872|2146, 9532924|2235, 9533028|2313, 9533496|2417, 9533999|2553, 9534333|2611, 9534989|2658, 9535219|2766, 9535271|2821, 9535375|2892, 9535479|10118, 9535719|10173, org.indywidualni.fblite, 
9535779|1985, 9535891|2062, 9536143|2164, 9536195|2426, 9536307|2505, 9536904|2591, 9537226|2658, 9537486|2730, 9538110|2799, 9538786|2896, 9538838|2960, 9538890|3256, 9538942|3415, 9539000|4893, 9539180|4967, 9542067|5051, 9545953|5191, 9546886|5309, 9547094|5394, 9547215|5484, 9548592|5574, 9548652|5766, 9549503|5863, 9550354|5939, 9551908|6024, 9552806|6105, 9552858|6247, 9554491|6740, 9555521|6820, 9556524|6959, 9556628|7120, 9557376|8289, 9558745|8398, 9559675|8488, 9562485|8601, 9563146|8692, 9563897|8839, 9564657|8919, 9564709|8992, 9565271|9091, 9566210|9192, 9567885|9296, 9567983|9375, 9569139|9474, 9569919|9560, 9570646|10023, 9570766|10106, 9571533|10189, 9573896|10276, 9575371|10375, 9575879|10462, 9576503|10674, 9577023|10733, 9577075|10846, de.spiegel.android.app.spon, 
9577424|2212, 9577580|2295, 9577884|2379, 9578747|2526, 9579140|2656, 9579322|2755, 9579478|2840, 9579660|2920, 9580184|3012, 9581002|3103, 9581054|3166, 9581106|3226, 9581323|3505, 9581940|3671, 9581992|3792, 9583150|4593, 9584658|4717, 9584866|4795, 9594624|5209, 9594722|5316, 9594982|5383, 9601899|5452, 9602636|5511, 9602688|5631, 9602948|10221, 9603348|10301, 9603452|12672, com.waze, 
9603692|2062, 9604376|2210, 9604792|2378, 9605999|2512, 9606439|2610, 9606595|2979, 9606711|3059, 9606815|10798, 9607125|10871, 9607188|12957, 9607248|13031, 9607536|13185, 9607848|13425, de.pilot.newyorker.android, 
9607908|91, 9608190|170, 9608398|246, 9608576|315, 9608725|392, 9608871|463, 9609296|543, 9611267|692, 9611319|916, 9611444|5837, 9611616|5968, 9611852|6034, 9612299|6110, 9612633|6259, 9614211|6331, 9614315|6393, 9615293|6464, 9615449|6561, 9615591|6638, 9615695|10886, 9615775|11043, 9615855|11114, com.twitter.android, 
9615919|1750, 9615979|1824, 9616424|1945, 9617252|2062, 9617768|2208, 9618102|2299, 9618768|2370, 9618962|2438, 9619274|2518, 9619452|2592, 9620081|2672, 9621419|2749, 9621471|2839, 9621523|2907, 9621658|3201, 9621710|3338, 9623993|3803, 9624079|3917, 9624191|4030, 9624529|4145, 9625141|4228, 9626003|4303, 9628199|4374, 9628487|4482, 9628539|4569, 9628859|4690, 9628979|4835, 9629821|4997, 9630597|5112, 9631634|5239, 9632266|5330, 9632370|5404, 9632779|10574, 9633187|10774, 9633267|10911, com.moshbit.studo, 
9633772|1984, 9634599|2101, 9634651|2287, 9636931|2960, 9637867|3089, 9639450|3288, 9640560|3404, 9641409|3637, 9642403|3794, 9643016|3884, 9643582|3975, 9644390|4168, 9645701|4249, 9645805|4366, 9645857|4535, 9646647|5932, 9646699|6267, 9646827|9333, 9647262|9429, 9650967|9513, 9652343|9601, 9652447|9691, 9652509|10097, 9652639|10230, 9652965|10337, 9653085|10444, 9653251|10534, 9653864|10642, 9653904|10767, 9654308|11297, 9654688|11391, 9654768|11460, 9654828|11783, 9655117|11866, 9655273|11937, 9655451|12276, 9656100|12350, 9656152|12525, de.prosiebensat1digital.prosieben, 
9656272|5235, 9656560|5370, 9657007|5438, 9657341|5585, 9658920|5655, 9659114|5729, 9660004|5804, 9660056|5872, 9660160|5942, 9660302|6005, 9660406|10863, 9660486|10938, 9660566|11022, com.twitter.android, 
9660701|1639, 9661446|1784, 9664664|1961, 9666029|2159, 9666216|2382, 9666276|2881, 9666336|2974, 9666876|3051, 9667245|3131, 9668169|3207, 9668751|3276, 9670055|3357, 9670107|3438, 9670274|3634, 9670558|4199, 9670662|4367, 9670731|6035, 9670791|6126, 9671337|6237, 9672209|6329, 9672396|6415, 9672528|6510, 9672710|7465, 9672770|7539, 9673597|7604, 9675488|7672, 9676093|7741, 9676228|7808, 9676308|7882, 9676360|9397, 9676832|10920, 9676892|12208, 9677337|12296, 9678161|12909, 9678227|12998, 9678391|13084, 9678630|13278, 9678786|13361, com.airbnb.android, 
9679559|1512, 9679611|1627, 9680062|2339, 9680396|2508, 9681312|2788, 9681388|3172, 9681448|3337, 9681712|3484, 9682046|3917, 9682885|4542, 9682947|4695, 9683470|4829, 9687672|5026, 9687828|5288, 9688058|5422, 9688418|5536, 9691831|5664, 9692855|5841, 9696933|5989, 9697053|6078, 9706072|6457, 9714746|7310, 9714887|7978, 9715324|8131, 9723998|8391, 9724351|8509, 9724985|8654, 9725231|8779, 9725735|8914, 9734087|9271, 9735029|9406, 9735904|9528, 9737004|9659, 9738554|9798, 9739204|9964, 9740375|10435, 9741150|10572, 9742636|10686, 9743520|10801, 9744191|11063, 9745607|11191, 9745941|11325, 9745993|11450, 9747485|11545, 9747565|11737, 9749120|14076, 9749206|14153, 9749258|14222, org.mozilla.firefox, 
9749318|1599, 9749763|1728, 9750591|1898, 9750716|2058, 9751074|2145, 9751512|2252, 9752355|2362, 9752422|2611, 9752823|2761, 9753605|2876, 9755356|3001, 9755408|3147, 9755460|3273, 9755525|3376, 9755856|3526, 9756679|3636, 9760097|3773, 9760309|3887, 9760869|3986, 9760909|4097, 9761321|4584, 9761373|4842, 9761438|5755, 9761788|5877, 9762122|5992, 9763093|6098, 9763555|6251, 9764634|6370, 9765914|6455, 9765966|6546, 9766719|6632, 9766771|6743, 9767707|7132, 9769230|7247, 9770110|7366, 9770162|7480, 9772413|7598, 9772756|7678, 9772881|7785, 9774095|7983, 9774199|8067, 9774585|8161, 9775267|8316, 9775319|8541, 9776103|10843, 9776471|10912, 9776551|10978, de.mcdonalds.mcdonaldsinfoapp, 
9776611|2440, 9777129|2537, 9777782|2635, 9778092|2705, 9778503|2935, 9778756|3030, 9779113|3113, 9779447|3207, 9780103|3273, 9780252|3339, 9780388|3409, 9780440|3478, 9780544|3561, 9780768|10784, 9780888|10866, org.indywidualni.fblite, 
9780951|2186, 9781135|2281, 9781424|2373, 9782046|2478, 9782787|2577, 9783226|2656, 9783649|2743, 9785048|2825, 9785226|2900, 9785641|2976, 9785776|3053, 9785816|3124, 9785856|3189, 9786100|6228, 9787246|6340, 9787298|6434, 9787645|6529, 9787957|6627, 9788147|7490, 9789867|7559, 9793148|7624, 9793460|8020, 9794746|8118, 9794862|8670, 9795070|10841, 9795230|10911, 9795310|10977, com.paypal.android.p2pmobile, 
9795430|1583, 9797810|1671, 9798037|1825, 9798110|2067, 9798305|2164, 9799450|2291, 9800029|2412, 9801199|2646, 9802169|2754, 9802763|2968, 9802815|3106, 9803880|3192, 9803984|3374, 9804602|3464, 9805410|3664, 9806877|3778, 9806929|3953, 9807719|5122, 9807771|5311, 9811775|8642, 9811879|8746, 9812880|9074, 9812940|9283, 9813206|9380, 9813326|9461, 9813532|9565, 9814105|9662, 9814145|9784, 9814729|10748, 9814789|10872, 9815565|10985, 9816321|11471, 9816401|11543, 9816465|11880, 9816814|11971, 9816970|12056, 9817148|12241, 9817797|12311, 9817849|12482, de.prosiebensat1digital.prosieben, 
9818300|2088, 9818456|2210, 9818634|2329, 9819498|2449, 9819550|2637, 9819626|2781, 9819686|2909, 9819950|3108, 9820106|3505, 9820284|3604, 9820336|3838, 9821123|3938, 9821175|4297, 9821237|4409, 9821584|4570, 9824009|4675, 9825530|4806, 9829977|4916, 9833194|5042, 9835529|5132, 9836215|5228, 9836670|5347, 9837487|5434, 9837591|5518, 9837976|7109, 9838028|7274, 9838278|7926, 9838688|8108, 9838808|8331, 9839701|8422, 9840241|8512, 9840527|8591, 9841185|8687, 9841225|8880, 9841795|9050, 9842201|9153, 9843081|9241, 9843571|9322, 9844351|9402, 9845361|9513, 9847849|9638, 9848516|9729, 9848658|9803, 9848762|9877, 9849544|10061, 9849850|10225, 9850065|10481, 9850209|10715, 9850261|10838, 9851621|10930, 9851701|11151, org.mozilla.firefox, 
9851824|2562, 9852112|2790, 9852424|2958, 9852602|3036, 9853950|3258, 9854002|3503, 9854062|4246, 9854174|4325, 9854662|4431, 9855154|4506, 9856446|4575, 9856884|4669, 9857719|4763, 9858785|4882, 9859464|4962, 9863789|5046, 9863841|5112, 9863893|5209, 9865557|5305, 9868688|5428, 9868740|5514, 9871783|8003, 9871835|8153, 9872359|10934, 9872439|11016, de.zalando.mobile, 
9872501|1976, 9873247|2131, 9873841|2265, 9875206|2410, 9875310|2516, 9875478|3099, 9875717|9615, 9875769|9691, 9875925|10775, 9876085|10854, 9876145|12858, 9876433|13016, 9876745|13167, de.pilot.newyorker.android, 
9877087|1, 9877295|90, 9877473|242, 9877664|323, 9877820|411, 9878006|500, 9878356|579, 9878512|672, 9878690|841, 9878742|1085, 9879985|1190, 9880037|1306, 9880100|2299, 9880160|2374, 9880448|2527, 9880760|2668, 9880938|2749, 9882286|2897, 9882338|3199, 9882398|3749, 9882738|3834, 9883236|3926, 9884837|3993, 9885743|4073, 9885932|4181, 9886370|4272, 9887633|4370, 9892010|4455, 9892114|4605, 9894818|4891, 9896966|4982, 9900009|5365, 9900061|5507, 9900321|10794, 9900585|10871, 9900665|10950, 9900725|12228, 9900785|12297, 9901273|12366, 9901325|12440, 9901503|12588, 9903896|12661, 9904038|12748, 9904090|12817, 9905895|13182, 9906412|13255, 9906464|13326, de.zalando.mobile, 
9906584|2353, 9906784|2440, 9906888|2515, 9906940|2611, 9906992|2765, 9907299|2907, 9907411|2992, 9907701|3059, 9908231|3131, 9909479|3218, 9909531|3297, 9909583|3368, 9909635|3951, 9909687|4052, 9909745|5778, 9912500|5870, 9915525|5978, 9916717|6095, 9917692|6212, 9917752|6510, 9918603|6603, 9918655|6733, 9918713|7816, 9919483|7916, 9919647|8006, 9920434|8099, 9920538|8198, 9921806|10004, 9922482|10122, 9922564|10852, 9922624|10970, 9923408|11125, 9923760|11199, 9923864|11265, 9923904|11334, de.spiegel.android.app.spon, 
9924027|2265, 9924315|2450, 9924805|2681, 9924857|2841, 9926139|2919, 9926197|3106, 9926378|3187, 9927636|3287, 9927700|3801, 9928059|4333, 9929297|4464, 9930143|4608, 9933891|4673, 9933995|4778, 9934087|4934, 9936078|5246, 9936453|5351, 9939840|5449, 9940644|5528, 9940696|5602, 9940736|5851, 9940799|8252, 9941147|8361, 9941481|8460, 9942438|8537, 9942729|8948, 9942953|9035, 9943302|9118, 9943438|9197, 9943834|9286, 9944239|9365, 9944545|9448, 9944709|9533, 9944868|9630, 9944978|9715, 9945114|9813, 9945182|9913, 9945624|10042, 9945977|10134, 9946282|10232, 9946715|10335, 9946919|10441, 9947023|10551, 9947283|10989, 9947683|11078, org.zwanoo.android.speedtest, 
9947743|2179, 9947943|2266, 9948099|2348, 9948151|2600, 9948263|2675, 9948808|2774, 9949182|2843, 9949390|2920, 9950170|3000, 9950690|3089, 9950742|3160, 9950794|3477, 9950846|3674, 9953603|5414, 9955839|5525, 9955943|5637, 9956003|7349, 9956713|7538, 9957664|7636, 9957768|7739, 9957855|8570, 9957907|8709, 9957967|9247, 9959376|9439, 9961375|9586, 9961427|9737, 9962031|10363, 9962143|10480, 9963031|10618, 9965187|10749, 9965753|10845, 9966013|11278, 9966169|11358, 9966221|11428, de.spiegel.android.app.spon, 
9968615|1464, 9969336|1612, 9969793|1725, 9970929|1836, 9971116|1990, 9971176|2421, 9971516|2498, 9971776|2568, 9972204|2637, 9973651|2744, 9974903|2819, 9974955|2951, 9975174|3071, 9975446|3568, 9975498|4821, 9975679|5470, 9976173|5590, 9977284|5736, 9977364|5814, 9977546|6920, 9978433|7006, 9980324|7074, 9980960|7145, 9981095|7215, 9981175|7281, 9981227|9947, 9981515|10833, 9981727|10931, 9981851|11841, 9982296|11936, 9983120|12528, 9983186|12610, 9983350|12715, 9983857|12836, 9984096|12906, 9984252|12988, com.airbnb.android, 
9985203|406, 9985255|521, 9986810|1069, 9986896|1201, 9986948|1318, 9987143|2043, 9987555|2211, 9988850|2349, 9989892|2561, 9990152|2794, 9990288|2965, 9990340|3171, 9990604|3308, 9990760|3457, 9990938|3635, 9992190|3799, 9992398|3942, 9992450|4106, 9992680|4365, 9993027|4625, 9996145|4775, 9996732|4869, 9998897|4986, 10000724|5133, 10009732|5265, 10014402|5390, 10017647|5526, 10019005|5676, 10019803|5812, 10019907|5930, 10028036|6034, 10028581|6140, 10036710|7005, 10037255|7133, 10037640|7486, 10037692|7629, 10046012|7994, 10046262|8205, 10046859|8350, 10046911|8482, 10047031|8744, 10048090|8864, 10048698|8977, 10049408|9103, 10050018|9274, 10051128|9688, 10051917|9788, 10052037|9915, 10052959|10055, 10056308|10195, 10057437|10342, 10057527|10463, 10058615|10740, 10060055|11194, 10060135|11509, org.mozilla.firefox, 
10060255|2184, 10060988|2330, 10061166|2421, 10062220|2529, 10062651|2660, 10064591|2796, 10064778|2940, 10064858|3070, 10064982|5991, 10065676|6084, 10066300|6166, 10066782|6368, 10067094|6467, 10069004|7475, 10072285|7542, 10074023|8108, 10074139|8674, 10074587|10760, 10074667|10900, com.paypal.android.p2pmobile, 
10074731|1998, 10075236|2143, 10076134|2270, 10076194|2383, 10076541|2462, 10077031|2672, 10078041|2830, 10078093|3076, 10080911|4858, 10081122|4950, 10081970|5030, 10089831|5110, 10090666|5171, 10090718|5240, 10091030|5385, 10092148|5576, 10092200|5858, 10092408|10954, 10092648|11039, 10092728|11140, 10092852|11487, 10093297|11597, 10093475|12495, 10094125|12633, 10094177|12753, com.tripadvisor.tripadvisor, 
10094237|2374, 10094656|2491, 10095160|2620, 10095200|2733, 10095240|10767, com.isis_papyrus.raiffeisen_pay_eyewdg, 
10095303|3654, 10098708|3849, 10100693|4011, 10100759|4335, 10101440|4447, 10101785|4535, 10101837|4626, 10101899|5927, 10101959|6020, 10102925|6163, 10103112|6372, 10105325|7671, 10105411|7742, 10105463|7881, 10105583|8022, 10106204|8098, 10106505|8167, 10106943|8256, 10107137|8322, 10107235|8395, 10107399|10109, 10107815|11011, 10107867|11113, 10107971|12388, org.chromium.chrome, 
10108035|1820, 10108095|1918, 10108540|2016, 10109368|2129, 10109480|2239, 10109778|2308, 10110216|2413, 10111007|2498, 10111059|2575, 10111186|2934, 10111683|3037, 10115078|3129, 10116369|3231, 10116651|3316, 10117123|3390, 10117300|3670, 10117571|3761, 10118454|3886, 10119065|4008, 10119665|4193, 10120077|4784, 10120129|5043, 10120254|6085, 10120648|6175, 10120930|6277, 10121953|6361, 10122018|6572, 10122480|6685, 10123329|6800, 10124787|6890, 10125644|7013, 10126051|7648, 10126259|7756, 10126437|7855, 10128030|7989, 10129953|8103, 10130057|8219, 10130364|8351, 10131271|8436, 10131709|8506, 10132443|8642, 10132495|8850, 10133055|10845, 10133647|10911, 10133727|10981, de.mcdonalds.mcdonaldsinfoapp, 
10133926|1665, 10134607|1739, 10137090|1853, 10137142|1960, 10137290|2097, 10138347|2225, 10139756|2391, 10140335|2628, 10141245|2736, 10141505|2838, 10141839|2954, 10142956|3062, 10143581|3553, 10144327|3657, 10145135|3854, 10146654|3952, 10147444|5107, 10147496|5287, 10151501|8387, 10151605|8670, 10151730|9032, 10151996|9122, 10152116|9204, 10152895|9285, 10153539|10583, 10154263|10702, 10154367|10811, 10155255|11047, 10155335|11137, 10155395|11448, 10155840|11536, 10156018|11862, 10156667|11949, 10156719|12132, de.prosiebensat1digital.prosieben, 
10156779|2110, 10157191|2201, 10157525|2285, 10157813|2365, 10158242|2447, 10158993|2521, 10159073|2585, 10159364|2653, 10160992|2730, 10161303|2796, 10161355|2863, 10161530|2945, 10161570|3015, 10161690|5748, 10162784|5873, 10162948|5970, 10163547|6072, 10165457|7096, 10168686|7159, 10170244|7611, 10170296|7851, 10170535|9955, 10170983|10797, 10171063|10877, com.paypal.android.p2pmobile, 
10171124|3045, 10171244|3133, 10173352|3222, 10173902|3302, 10173954|3757, 10174754|10094, 10174806|10161, 10175070|11031, 10175130|11859, 10175190|12003, 10175470|12075, 10175730|12148, 10175908|12362, 10175960|12430, 10176203|12505, 10178402|12579, 10178544|12646, 10178596|12787, 10180405|13021, 10180457|13104, 10180509|13303, com.instagram.android, 
10180569|2020, 10180910|2112, 10181192|2221, 10181842|2323, 10181894|2419, 10182078|2518, 10182419|2620, 10182863|2707, 10183041|2782, 10183925|2858, 10184103|2937, 10185439|3015, 10185491|3252, 10185626|3608, 10185678|3682, 10187961|4098, 10188047|4188, 10188099|4293, 10188217|4385, 10188555|4478, 10189167|4570, 10191875|4641, 10192293|4707, 10193177|4788, 10193236|4983, 10193556|5088, 10193676|5202, 10194953|5403, 10195441|5520, 10196747|5646, 10197056|5739, 10197357|5818, 10198041|5887, 10198093|6083, 10198369|10958, 10198461|11027, 10198541|11099, com.moshbit.studo, 
10200977|1732, 10201063|1813, 10201330|1916, 10201455|2097, 10201745|2160, 10202079|2229, 10203197|2298, 10203249|2595, 10204477|8453, 10205253|8524, 10206427|8614, 10206791|8775, 10206843|8963, 10208170|9045, 10208222|9256, 10209374|9439, 10209490|9897, 10209594|10868, 10209754|10931, com.tripadvisor.tripadvisor, 
10209818|1676, 10209878|1751, 10210323|1856, 10211151|1987, 10211386|2126, 10211667|2210, 10212111|2298, 10212289|2368, 10213121|2446, 10213351|2520, 10214687|2689, 10214739|2956, 10214874|3184, 10214926|3341, 10217209|3776, 10217295|3873, 10217407|3968, 10217901|4057, 10218357|4146, 10220928|4219, 10221443|4283, 10221651|4355, 10221770|4548, 10222150|4710, 10222577|4834, 10224087|4966, 10224784|5084, 10224836|5195, 10225468|5287, 10225520|5357, 10225716|10826, 10225888|10906, 10225968|11002, com.moshbit.studo, 
10226819|2183, 10229275|2300, 10231742|2434, 10235642|2629, 10238574|2821, 10238967|2903, 10239203|3000, 10239322|3170, 10239582|3248, 10240288|7902, 10240496|8035, 10241410|8103, 10242116|8173, 10242926|8235, 10243736|8304, 10244599|8369, 10245410|8453, 10246221|8515, 10247032|8582, 10247136|8650, 10247947|8723, 10247999|8801, 10249215|10909, 10249319|13608, com.fsck.k9, 
10249423|1550, 10249483|2031, 10249991|2163, 10250333|2246, 10250762|2322, 10251245|2395, 10251616|2462, 10252084|2534, 10252440|2598, 10252751|2661, 10254181|2728, 10255424|3185, 10255476|3259, 10255596|5655, 10256170|5733, 10256794|5840, 10256854|5943, 10257141|6048, 10257453|6129, 10259363|7085, 10262644|7208, 10263982|7490, 10264242|7567, 10264474|8030, 10264682|10850, 10264922|10925, 10265002|10990, 10265363|12826, com.paypal.android.p2pmobile, 
10265879|1985, 10266837|2068, 10269305|2194, 10271046|2322, 10273933|2446, 10275378|2571, 10276063|2655, 10276598|2741, 10277396|2836, 10277920|2921, 10278610|3017, 10279011|3105, 10279115|3206, 10279821|6459, 10280029|6524, 10280787|6596, 10281545|6665, 10282355|6743, 10283165|6815, 10283975|6884, 10284786|6955, 10285597|7028, 10286408|7105, 10287219|7196, 10287323|7266, 10287413|10658, 10287465|10771, 10288001|10893, 10288681|10974, com.fsck.k9, 
10288745|1749, 10289094|1949, 10290139|2116, 10290259|2242, 10291036|2354, 10291214|2450, 10292098|2543, 10292276|2628, 10293612|2778, 10293664|3052, 10293799|3273, 10293851|3433, 10296220|3804, 10296272|3922, 10296390|4017, 10296728|4114, 10297340|4193, 10299911|4283, 10300426|4347, 10300686|4440, 10301006|4644, 10301126|4828, 10302010|4918, 10302671|5081, 10303980|5216, 10304612|5302, 10304664|5404, 10305073|10494, 10305113|10640, 10305309|10770, 10305481|10840, 10305561|10908, com.moshbit.studo, 
10305621|1990, 10305970|2118, 10306592|2201, 10306969|2286, 10307556|2352, 10307927|2456, 10308439|2564, 10310046|2631, 10310181|2699, 10310221|2760, 10310261|2828, 10310313|2900, 10310448|3713, 10310568|5660, 10311558|5748, 10311766|5843, 10311826|5946, 10312321|6033, 10312425|6129, 10314335|7105, 10317564|7172, 10319082|7693, 10319186|7774, 10319238|7994, 10319446|10690, 10319686|10767, 10319766|10903, com.paypal.android.p2pmobile, 
10319892|1929, 10321318|2033, 10324424|2148, 10325720|2251, 10328038|2404, 10330830|2497, 10332622|2600, 10333242|2680, 10333582|2748, 10334288|6485, 10335202|6547, 10335254|6611, 10336012|6677, 10336822|6746, 10337632|6815, 10337684|6881, 10338547|6952, 10339358|7020, 10340169|7103, 10340980|7167, 10341739|7231, 10341843|7301, 10343059|10811, com.fsck.k9, 
10343122|3061, 10346527|3205, 10348408|3374, 10348668|3459, 10348794|3553, 10349415|3689, 10349934|3811, 10350555|3884, 10350900|3955, 10350952|4120, 10351012|7515, 10351072|7591, 10351693|7658, 10352432|7750, 10352724|7832, 10352902|9630, 10353318|10783, 10353370|10893, org.chromium.chrome, 
10353430|1952, 10353782|2043, 10354176|2123, 10354841|2264, 10355036|2336, 10355679|2400, 10355897|2465, 10356231|2535, 10357785|2599, 10357920|2669, 10357972|2814, 10358096|5603, 10358790|5708, 10359414|5806, 10359969|5915, 10360073|6019, 10361983|6972, 10365212|7032, 10366602|7394, 10366770|7650, 10366822|7730, 10367030|10783, 10367270|10852, 10367350|10989, 10367454|13728, com.paypal.android.p2pmobile, 
10367518|1655, 10367867|1744, 10368023|1821, 10368851|1933, 10368903|2021, 10369036|2100, 10369594|2176, 10369772|2250, 10370615|2351, 10370682|2675, 10371083|2768, 10371635|2863, 10375925|2950, 10376575|3055, 10376627|3144, 10376679|3353, 10377135|3488, 10377850|3575, 10378569|3678, 10378621|3761, 10379221|3872, 10379633|4494, 10379685|4707, 10379750|5518, 10380100|5684, 10380308|5770, 10380486|5847, 10381517|5940, 10382486|6057, 10384278|6186, 10385083|6304, 10385255|6435, 10386041|6538, 10386197|6726, 10389934|6890, 10390507|7009, 10390611|7151, 10392323|7248, 10392458|7318, 10392819|7411, 10393373|7521, 10393858|7621, 10395774|7744, 10395918|7834, 10396600|7923, 10396652|8147, 10397224|10884, 10397800|10953, 10397880|11038, 10398680|12044, 10398732|12123, de.mcdonalds.mcdonaldsinfoapp, 
10398867|2173, 10399002|4743, 10399137|4903, 10399262|5732, 10399382|5795, 10399670|5863, 10400117|5932, 10401791|6149, 10402081|6220, 10402223|6282, 10403271|6429, 10403413|6571, 10403517|10843, 10403597|10990, 10403677|11056, com.twitter.android, 
10404485|2199, 10405546|2366, 10406652|2513, 10406820|3064, 10407084|10861, 10407147|13136, 10407207|13206, 10407495|13358, 10407807|13611, de.pilot.newyorker.android, 
10407867|174, 10408149|268, 10408357|337, 10408535|479, 10408726|558, 10409068|628, 10409336|785, 10409388|929, 10410629|1000, 10410889|1068, 10410941|1146, 10411045|1256, 10411105|1712, 10411394|1794, 10411550|1916, 10412378|2048, 10412550|2181, 10413275|2292, 10413831|2405, 10414515|2518, 10415852|2670, 10415904|3116, 10416039|3194, 10416155|3272, 10418438|3777, 10418524|3868, 10418576|3975, 10418636|4064, 10419130|4146, 10419360|4224, 10420292|4294, 10422507|4366, 10423024|4441, 10423232|4508, 10423292|4704, 10423672|4777, 10424181|4921, 10424501|5001, 10424541|5080, 10425173|5152, 10425360|5225, 10425412|5317, 10425472|5852, 10426381|5968, 10428156|6123, 10428960|6224, 10429214|6292, 10429349|6875, 10429401|6950, 10429581|9176, 10429949|10912, 10430029|11055, com.moshbit.studo, 
10430089|2311, 10430348|2404, 10430674|2499, 10431012|2597, 10431052|2685, 10431092|10807, com.isis_papyrus.raiffeisen_pay_eyewdg, 
10431212|1920, 10432192|2052, 10433399|2209, 10433839|2329, 10433943|2707, 10434007|2792, 10434215|10736, 10434455|10817, 10434535|10884, 10434658|13001, 10434946|13237, 10435258|13425, 10435318|13907, 10435600|13976, de.pilot.newyorker.android, 
10435808|1, 10435986|102, 10436195|214, 10436476|322, 10437382|426, 10437434|534, 10438677|641, 10438729|837, 10438790|2602, 10439274|2692, 10441464|2778, 10441620|2850, 10441724|2995, 10441828|10959, 10441988|11029, com.instagram.android, 
10442051|2366, 10442111|2442, 10442399|2601, 10442711|2909, 10442889|3000, 10444280|3173, 10444461|3266, 10445721|3342, 10445841|3427, 10446194|3506, 10446454|3590, 10446632|3657, 10446928|3721, 10446980|3946, 10447107|4319, 10447227|4395, 10447804|4466, 10448472|4588, 10451924|4658, 10452028|4852, 10453941|5148, 10455811|5248, 10458585|5340, 10458637|5497, 10458700|8068, 10459048|8155, 10459204|8239, 10459382|8319, 10460339|8411, 10460495|8676, 10460690|8790, 10460854|8864, 10461271|8952, 10461735|9043, 10462140|9139, 10462334|9214, 10462446|9294, 10462769|9376, 10462879|9455, 10462947|9549, 10463015|9641, 10463135|9737, 10463632|9825, 10463946|9921, 10464123|10008, 10464506|10094, 10464752|10185, 10464924|10302, 10465184|11531, 10465584|11615, 10465719|12409, 10465854|12482, org.zwanoo.android.speedtest, 
10465989|1312, 10466053|1575, 10466734|1644, 10468229|1721, 10469217|1868, 10470179|2021, 10470860|2170, 10472371|2435, 10473112|2537, 10473609|2759, 10474603|2860, 10475782|3047, 10475886|3243, 10477849|3340, 10477953|3535, 10478057|3627, 10478847|4824, 10478899|5118, 10479037|7653, 10479462|7731, 10483022|7818, 10484541|7904, 10484645|8024, 10484767|8399, 10485033|8478, 10485319|8575, 10485932|8655, 10487248|9802, 10487300|9984, 10487352|10099, 10487392|10343, 10488153|10976, 10492460|11082, 10492720|11219, 10493412|11336, 10493660|11411, 10493740|11474, de.prosiebensat1digital.prosieben, 
10493823|2009, 10494191|2153, 10494853|2275, 10495597|2407, 10495673|2827, 10495733|2957, 10495997|3400, 10496331|3719, 10496383|3949, 10497170|4061, 10497222|4338, 10498355|4518, 10498954|4627, 10502172|4739, 10504788|4834, 10506361|4941, 10507311|5065, 10510984|5162, 10512695|5257, 10515160|5357, 10515982|5443, 10516160|5548, 10516575|5655, 10516615|5747, 10517131|7197, 10517183|7283, 10517433|8003, 10517739|8199, 10518436|8517, 10518918|8623, 10519448|8707, 10520237|8784, 10520277|8885, 10520847|9154, 10521403|9264, 10521523|9419, 10523300|9537, 10524256|9647, 10524308|9753, 10526645|9853, 10527462|9948, 10527760|10042, 10528288|10202, 10528847|10276, 10528991|10785, 10529747|11013, 10530431|11085, 10530511|11240, org.mozilla.firefox, 
10530632|2503, 10531316|2582, 10533350|2687, 10533466|3203, 10533518|3847, 10533570|8977, 10533674|10811, 10533834|10879, com.instagram.android, 
10533894|2101, 10534313|2288, 10534479|2393, 10534817|2485, 10534857|2559, 10534897|10764, com.isis_papyrus.raiffeisen_pay_eyewdg, 
10534961|1660, 10535021|1741, 10535466|1836, 10536294|2039, 10536346|2133, 10539250|4417, 10539375|4491, 10539717|4561, 10540051|4644, 10541169|4713, 10541221|5005, 10542389|10588, 10542454|10692, 10542722|10821, 10543174|10889, com.tripadvisor.tripadvisor, 
10543294|1954, 10544625|2084, 10546464|2238, 10548207|2353, 10549298|2452, 10550708|2560, 10552441|2657, 10554183|2798, 10555934|2903, 10556642|3010, 10556850|3174, 10556965|3540, 10557121|3635, 10557383|6955, 10557553|7241, 10557721|7757, 10558427|8123, 10559341|8232, 10560204|8386, 10561774|8500, 10562637|8611, 10564207|8695, 10565018|8768, 10565823|8845, 10565927|8964, 10567143|11038, com.fsck.k9, 
10567462|2181, 10567622|2278, 10568126|2384, 10568166|2464, 10568206|10810, com.isis_papyrus.raiffeisen_pay_eyewdg, 
10568267|2668, 10568699|2784, 10570941|2860, 10571045|2951, 10571097|3384, 10571281|10948, 10571361|11014, com.instagram.android, 
10571425|1616, 10571485|1683, 10571774|1791, 10571930|1902, 10572758|1993, 10572810|2155, 10576128|4282, 10576284|4344, 10577632|4426, 10577684|4724, 10578852|10338, 10578964|10467, 10579688|10562, 10581174|10678, 10581330|10816, 10581610|10882, com.tripadvisor.tripadvisor, 
10581736|1919, 10585216|2077, 10587302|2225, 10590239|2375, 10592907|2478, 10594410|2577, 10595058|2659, 10595398|2744, 10596104|6363, 10596260|6426, 10597018|6495, 10597828|6565, 10598638|6627, 10598690|6710, 10599500|6779, 10600311|6849, 10601070|6915, 10601933|6982, 10602796|7075, 10602848|7135, 10603659|7201, 10603711|7287, 10603801|10655, 10603966|10777, 10604122|10865, 10605298|10989, 10605338|11074, com.fsck.k9, 
10605398|1671, 10605843|1769, 10606671|1983, 10606723|2226, 10609541|4238, 10609692|4336, 10610042|4405, 10610250|4474, 10611546|4542, 10611610|5007, 10611913|9786, 10613081|10593, 10613917|10691, 10615403|10823, 10615719|10906, 10615839|11056, com.tripadvisor.tripadvisor, 
10616158|2140, 10616318|2240, 10616822|2341, 10616862|2427, 10616902|10785, com.isis_papyrus.raiffeisen_pay_eyewdg, 
10616966|1669, 10617315|1748, 10617471|1894, 10618299|2015, 10618351|2182, 10621221|4183, 10621372|4310, 10621774|4379, 10621930|4454, 10622108|4522, 10623226|4592, 10623278|4822, 10624446|10447, 10625127|10549, 10625282|10625, 10626768|10701, 10626924|10828, 10627204|10891, com.tripadvisor.tripadvisor, 
10627329|5147, 10627449|5210, 10627501|5275, 10627737|5344, 10628184|5427, 10628518|5533, 10630097|5599, 10630291|5660, 10631185|5733, 10631341|5805, 10631431|5877, 10631483|5950, 10631587|10811, 10631667|10882, 10631747|10956, com.twitter.android, 
10631811|1680, 10632160|1799, 10632316|1900, 10632494|2014, 10633144|2112, 10633196|2264, 10636014|4271, 10636165|4360, 10636567|4428, 10636901|4512, 10638019|4577, 10638071|4791, 10639239|10511, 10639920|10630, 10640311|10753, 10640511|10816, 10640751|10895, com.tripadvisor.tripadvisor, 
10641100|1654, 10641320|1768, 10642148|1868, 10642200|1975, 10645018|4231, 10645169|4331, 10645229|4394, 10645727|4457, 10645905|4520, 10647023|4577, 10647075|4813, 10648243|10003, 10648924|10097, 10649079|10183, 10650461|10253, 10650565|10329, 10650801|10522, 10650881|10576, com.tripadvisor.tripadvisor, 
10651001|4252, 10651289|4368, 10651736|4435, 10651914|4553, 10653410|4608, 10653701|4664, 10653791|4714, 10654733|4829, 10654785|4885, 10654927|5003, 10655062|8182, 10655166|10271, 10655246|10393, 10655326|10449, com.twitter.android, 
10655446|4296, 10655734|4407, 10656025|4463, 10656181|4527, 10656359|4582, 10658033|4659, 10658197|4713, 10659178|4818, 10659334|4879, 10659476|5027, 10659580|10366, 10659660|10425, 10659740|10547, 10659844|12130, com.twitter.android, 
10659964|4288, 10660252|4395, 10660304|4450, 10660699|4520, 10660877|4579, 10662373|4632, 10662716|4690, 10662806|4800, 10663854|4864, 10663996|4989, 10664086|5455, 10664138|6768, 10664242|10251, 10664322|10313, 10664402|10389, com.twitter.android, 
