||class android.net.TrafficStats:public static long android.net.TrafficStats.getTotalTxBytes()
7722167|1, 7722780|149, 7723620|546, 7723794|757, 7724341|852, 7726236|986, 7726288|1461, 7726417|1551, 7727203|1736, 7729126|1822, 7730809|1947, 7733807|2045, 7736519|2136, 7738103|2235, 7738518|2311, 7739313|2412, 7739365|2484, 7739436|3382, 7739881|3539, 7740391|3625, 7740593|3695, 7740713|4570, 7741606|4667, 7742380|4769, 7743130|4886, 7743648|5001, 7743700|5152, 7744107|5262, 7744257|5387, 7745751|5491, 7747471|5601, 7750199|5691, 7750401|5769, 7750713|5842, 7751695|5922, 7752053|5976, 7752197|6936, 7752249|7001, 7753241|7616, 7753689|7694, 7753769|7875, 7755324|9371, 7755410|9424, 7755462|9537, org.mozilla.firefox, 
7758227|1185, 7758741|1283, 7759876|1359, 7760011|1529, 7760146|1664, 7760206|1938, 7760546|1993, 7760754|2045, 7760984|2102, 7761175|2158, 7762039|2209, 7762189|2255, 7762473|2312, 7762911|2365, 7764037|2420, 7764204|2616, 7764256|2779, 7764412|2832, 7764481|4928, 7764593|4989, 7764827|5048, 7765265|5127, 7765959|5251, 7766198|5307, 7766278|5361, 7766460|5737, 7766520|5789, 7767347|5839, 7769238|5943, 7769817|5995, 7769952|6050, 7770032|6163, 7770532|10057, 7770596|11085, 7770945|11243, 7771101|11311, 7771167|11743, 7771345|11824, 7772051|11887, 7772498|11953, 7772550|12035, com.airbnb.android, 
7772728|878, 7773323|1071, 7773375|1187, 7773724|1388, 7774058|1498, 7774707|1588, 7774759|1664, 7774819|2057, 7778520|2203, 7779109|2298, 7780766|2427, 7781643|2616, 7781932|2733, 7782266|2837, 7783364|2941, 7783925|3125, 7784491|3199, 7784543|3288, 7785179|3379, 7786766|3488, 7795240|3658, 7795785|3737, 7803914|4332, 7804459|4402, 7812588|4913, 7813133|4988, 7813923|5076, 7813975|5245, 7822259|5656, 7822498|5987, 7822946|6846, 7823247|6975, 7824289|7095, 7824651|7193, 7824779|8061, 7825188|8156, 7825333|8256, 7825943|8349, 7825995|8484, 7826055|8832, 7826474|8965, 7827595|9079, 7827957|9213, 7828027|10138, 7828485|10255, 7829293|10401, 7829373|10470, 7829518|12124, 7829570|12245, 7833018|12378, 7833070|12495, de.prosiebensat1digital.prosieben, 
7834410|809, 7834625|877, 7834711|1031, 7834763|1117, 7834826|2845, 7838231|2983, 7840216|3143, 7840282|3398, 7840394|3486, 7841308|3571, 7841360|3713, 7841422|4672, 7841482|4819, 7842448|4938, 7842500|5089, 7842560|7323, 7842620|7383, 7843241|7431, 7843345|7491, 7843542|7544, 7843980|7591, 7844376|7638, 7844547|9439, 7844963|9997, 7845683|10066, 7845735|10123, org.chromium.chrome, 
7845795|1497, 7845847|1557, 7846240|1622, 7847068|1704, 7847371|1907, 7847652|1977, 7848103|2032, 7848281|2091, 7848659|2151, 7849343|2226, 7850338|2413, 7850390|2588, 7850453|2649, 7850513|2745, 7850801|2825, 7850936|2936, 7851478|3014, 7853761|3124, 7855192|3185, 7855808|3260, 7856661|3340, 7857243|3422, 7857347|3476, 7857855|3540, 7860426|3615, 7860733|3666, 7860993|3722, 7861260|3811, 7861320|3868, 7861580|3922, 7861866|4000, 7862209|4063, 7862569|4121, 7862609|4191, 7862741|4308, 7863050|4358, 7863206|4421, 7863486|4477, 7864170|4531, 7864222|4654, 7864282|4724, 7865058|4827, 7866487|4949, 7867307|5051, 7868035|5127, 7868185|5202, 7868320|5673, 7868372|5774, 7868672|10087, 7868896|10137, 7869056|10247, com.moshbit.studo, 
7869119|1648, 7870525|1740, 7872858|1840, 7875369|1967, 7879442|2126, 7881502|2234, 7882160|2320, 7882396|2424, 7882515|2492, 7882775|2599, 7882890|3041, 7883046|3115, 7883308|5848, 7883478|6048, 7883634|6592, 7884392|6904, 7885254|7011, 7886169|7121, 7887687|7208, 7887791|7280, 7888550|7338, 7889361|7397, 7890172|7458, 7890983|7522, 7891892|7587, 7892388|10120, 7893108|10182, com.fsck.k9, 
7893169|2280, 7893505|2410, 7897998|2483, 7898804|2544, 7898856|2595, 7898960|2705, 7899116|10208, 7899356|10307, com.instagram.android, 
7899426|1492, 7899486|1579, 7899781|1786, 7899843|1922, 7900215|1986, 7900675|2054, 7900883|2116, 7902316|2211, 7902630|2291, 7903922|2404, 7904694|2526, 7905772|2651, 7906108|2757, 7906396|2911, 7906990|3086, 7908269|3322, 7908321|3833, 7908581|10048, 7908821|10108, 7908981|10211, 7909044|11970, 7909104|12120, 7909392|12361, 7909704|12475, 7909764|12799, 7910046|12871, de.pilot.newyorker.android, 
7910254|1, 7910432|118, 7911077|229, 7911129|286, 7911701|337, 7912995|398, 7913047|640, 7913107|1764, 7913367|1936, 7913523|2061, 7913583|2257, 7914232|2343, 7914658|2427, 7914918|2484, 7915802|2548, 7916114|2614, 7916218|3454, 7916322|3514, 7916380|4453, 7916560|4529, 7919135|4599, 7922212|4667, 7922784|4766, 7923541|4851, 7923654|4953, 7924527|5042, 7925463|5118, 7925523|5181, 7926374|5244, 7927225|5310, 7928023|5388, 7928929|5463, 7928981|5541, 7930556|5996, 7930816|6078, 7930874|6267, 7930934|6341, 7931696|6419, 7932435|6696, 7933007|6781, 7933059|7325, 7933111|7397, 7933175|7910, 7933235|7986, 7933887|8084, 7934635|8269, 7935155|8337, 7938735|8431, 7943284|8506, 7943804|8593, 7943875|9055, 7944426|9154, 7946853|9268, 7947491|9356, 7948242|9442, 7949747|9540, 7950319|9641, 7951079|9748, 7951131|9864, 7952030|9981, 7953102|10080, 7955334|10179, 7956674|10319, 7957454|10376, 7958130|10428, 7958182|10478, 7958234|10534, de.spiegel.android.app.spon, 
7958352|1767, 7958771|1862, 7958937|1949, 7959275|2017, 7959315|2093, 7959355|10006, com.isis_papyrus.raiffeisen_pay_eyewdg, 
7959415|1476, 7959475|1574, 7959855|1681, 7960085|1772, 7960429|1861, 7960571|1929, 7960699|1980, 7960751|2037, 7960909|2104, 7960961|2163, 7961089|2226, 7961201|2312, 7961711|2400, 7961908|2479, 7962551|2574, 7962603|2668, 7962655|2765, 7962782|2906, 7962834|2970, 7962959|3036, 7963011|3134, 7963265|4169, 7963317|4328, 7963421|10119, 7963525|10169, com.duckduckgo.mobile.android, 
7963585|1584, 7963785|1664, 7963889|1740, 7963941|1807, 7964001|1968, 7964053|2046, 7964308|2108, 7964754|2168, 7965076|2235, 7965388|2298, 7966532|2372, 7966636|3116, 7966740|3235, 7966920|4085, 7969496|4151, 7972129|4233, 7972441|4322, 7972501|5695, 7973211|5837, 7973375|5911, 7974162|5979, 7974266|6057, 7974327|6289, 7974447|6360, 7976810|6448, 7977558|6819, 7977818|6900, 7978130|6975, 7978182|7068, 7978368|7453, 7979732|7529, 7981791|7617, 7982275|7703, 7982432|7769, 7982570|7843, 7982622|7917, 7990844|7989, 7990994|8081, 7991702|8164, 7992363|8328, 7993239|8403, 7994174|8491, 7996679|8587, 8004342|8672, 8004394|8750, 8004446|8898, 8005118|8978, 8006308|9064, 8006904|9174, 8007008|9257, 8007060|9346, 8007240|9547, 8007678|9643, 8012333|9750, 8014752|9862, 8015881|9948, 8016187|10053, 8016389|10271, 8016545|10384, 8017065|10441, 8017429|10492, 8017481|10597, de.spiegel.android.app.spon, 
8017611|1687, 8017675|1749, 8018030|1812, 8018319|1877, 8018787|1941, 8019143|2013, 8019520|2074, 8020839|2190, 8020879|2241, 8021210|2296, 8021659|2365, 8021719|2415, 8022030|2467, 8022165|2524, 8022493|2586, 8022533|2643, 8023023|2775, 8024318|2971, 8024370|3434, 8024492|4754, 8025126|4829, 8025750|4913, 8025810|5006, 8026305|5074, 8026409|5141, 8026469|5444, 8026529|5514, 8026814|5594, 8026970|5676, 8027148|5737, 8028460|5805, 8030370|5865, 8033651|5915, 8034989|6237, 8035249|6298, 8035353|6456, 8035405|6554, 8035540|6902, 8035592|9104, 8035852|10216, 8036092|10266, 8036252|10372, com.paypal.android.p2pmobile, 
8036915|53, 8036967|105, 8037019|1122, 8037263|1496, 8038035|1647, 8038599|1766, 8039734|1842, 8039890|1911, 8040058|2445, 8040266|10099, 8040506|10158, 8040569|12126, 8040629|12287, 8040917|12510, 8041229|12620, 8041289|12856, de.pilot.newyorker.android, 
8041571|1, 8041779|60, 8041957|167, 8042148|225, 8042304|296, 8042668|355, 8042810|463, 8044570|520, 8044726|598, 8044778|739, 8045200|2036, 8045586|2161, 8046255|2249, 8046463|2349, 8046881|2442, 8047082|2530, 8047439|2602, 8048235|2681, 8048429|2746, 8048578|2798, 8048714|2854, 8048870|2969, 8048974|10006, 8049214|10065, org.indywidualni.fblite, 
8049278|1411, 8049338|1475, 8049783|1548, 8050611|1652, 8050684|1737, 8050796|1804, 8051302|1873, 8051532|1938, 8052323|1997, 8052375|2069, 8052442|2223, 8052637|2302, 8053230|2373, 8056469|2448, 8057935|2534, 8058355|2601, 8058407|2666, 8058524|2818, 8058907|2903, 8059075|2971, 8059872|3053, 8059924|3120, 8060263|3195, 8060543|3262, 8061143|3335, 8061555|3746, 8061974|3830, 8062340|3910, 8062984|4006, 8063224|4099, 8063289|4716, 8063639|4775, 8064366|4865, 8065555|4984, 8065680|5072, 8066649|5168, 8067161|5265, 8068501|5337, 8069703|5445, 8070037|5513, 8070559|5582, 8070746|5722, 8070798|5795, 8071319|5867, 8074860|6181, 8076323|6260, 8076813|6375, 8076926|6457, 8077046|6543, 8078759|6622, 8079435|6676, 8079604|6780, 8080228|6865, 8080535|6934, 8082162|7010, 8082214|7067, 8082600|7129, 8082846|7182, 8083110|7233, 8083792|7288, 8083844|7511, 8084456|10299, 8084600|10349, 8084968|10397, 8085048|10452, 8085152|10503, de.mcdonalds.mcdonaldsinfoapp, 
8085204|1308, 8085256|1381, 8085316|2231, 8085605|2321, 8086074|2423, 8086864|2518, 8087184|2645, 8087366|2722, 8087704|2828, 8088042|2900, 8088755|3011, 8089399|3087, 8090004|3173, 8090357|3252, 8091276|3384, 8091821|3691, 8092314|3763, 8092931|3832, 8093123|3914, 8093296|3978, 8093488|4039, 8093552|5117, 8093612|5188, 8094388|5260, 8095546|5379, 8095806|5448, 8096378|5502, 8096430|5560, 8096490|6052, 8096778|6100, 8096882|6151, 8106407|6207, 8106866|6260, 8107178|6314, 8114095|6374, 8114832|6473, 8114884|6525, 8115196|10084, 8115648|10149, com.waze, 
8115881|288, 8115942|1941, 8116062|2008, 8116994|2116, 8118720|2195, 8118848|2896, 8118952|3636, 8119216|10172, com.instagram.android, 
8119286|1848, 8119346|1909, 8119641|2087, 8119953|2335, 8120258|2438, 8120318|2508, 8121639|2569, 8123058|2625, 8123507|2682, 8123611|2741, 8123852|2807, 8124208|2864, 8124496|2977, 8124548|3036, 8124860|3199, 8125576|3336, 8126018|3407, 8127916|3465, 8131286|3543, 8131390|3626, 8131442|3691, 8133355|3962, 8133730|4032, 8137215|4108, 8137267|4166, 8137999|4225, 8138186|4290, 8138266|4422, 8138329|6952, 8138389|7063, 8138833|7147, 8139011|7208, 8139969|7277, 8140137|7766, 8140272|7839, 8140376|7909, 8140600|7971, 8140759|8033, 8141005|8096, 8141188|8156, 8141623|8235, 8141801|8312, 8142063|8395, 8142339|8485, 8142498|8549, 8142608|8668, 8142676|8727, 8142744|8788, 8142812|8852, 8142926|8916, 8143361|8987, 8143607|9053, 8143727|9128, 8144016|9191, 8144345|9255, 8144481|9322, 8144705|9400, 8144965|10145, 8145045|10202, 8145285|10265, 8145365|10322, org.zwanoo.android.speedtest, 
8145609|1447, 8146641|1582, 8146997|1673, 8148132|1771, 8148392|1868, 8148496|2135, 8148704|10032, 8148944|10158, 8149004|12289, 8149292|12519, 8149604|12691, de.pilot.newyorker.android, 
8149664|1, 8149946|121, 8150154|177, 8150332|400, 8150575|463, 8151029|518, 8151705|641, 8153000|702, 8153052|891, 8153116|1996, 8153176|2055, 8153621|2146, 8153925|2211, 8154788|2329, 8155025|2446, 8155363|2544, 8155701|2652, 8155917|2728, 8157264|2826, 8158437|2898, 8158681|2971, 8158733|3034, 8158950|3326, 8159567|3436, 8159619|3512, 8160777|4275, 8162181|4328, 8162493|4389, 8172251|4776, 8172385|4832, 8179510|4898, 8180247|5016, 8180299|5122, 8180359|9067, 8180419|9171, 8181092|9230, 8183875|9287, 8185033|9338, 8185227|9394, 8185279|9517, 8191333|9873, 8191777|10011, 8192149|10074, 8192201|10125, com.waze, 
8192253|939, 8192305|1713, 8192374|2198, 8192434|2262, 8193651|2325, 8193815|2388, 8194160|2445, 8194368|2526, 8194842|2577, 8194894|2816, 8195014|2955, 8195591|3041, 8195903|3126, 8196259|3206, 8199710|3263, 8199814|3431, 8201727|3516, 8202102|3584, 8205587|3647, 8206371|3708, 8206423|3778, 8206475|5097, 8206538|6518, 8206598|6585, 8206886|6647, 8207042|6715, 8207220|6774, 8208177|6839, 8208333|7117, 8208393|7189, 8208716|7248, 8208894|7331, 8208962|7395, 8209142|7464, 8209517|7529, 8209695|7592, 8209831|7654, 8209995|7713, 8210159|7769, 8210318|7828, 8210428|7891, 8210496|8010, 8210564|8078, 8210632|8143, 8211067|8210, 8211365|8285, 8211597|8346, 8212030|8405, 8212234|8460, 8212338|8528, 8214393|9900, 8216511|10071, 8216771|10358, 8217091|10413, 8217171|10470, org.zwanoo.android.speedtest, 
8217234|1699, 8217294|1780, 8217582|1974, 8217963|2301, 8219350|2374, 8219807|2445, 8220015|2507, 8221580|2567, 8221876|2675, 8221928|2746, 8221980|2862, 8222101|3065, 8223963|3158, 8224635|3243, 8226749|3318, 8228337|3389, 8228389|3448, 8230432|3568, 8234194|3735, 8234946|3792, 8234998|3849, 8235050|3907, 8235110|6562, 8235398|6624, 8235554|6686, 8235732|6756, 8236689|6811, 8236980|7204, 8237040|7269, 8237204|7325, 8237553|7389, 8237689|7456, 8238085|7522, 8238354|7588, 8238558|7651, 8238722|7719, 8238886|7785, 8239045|7851, 8239155|7917, 8239223|7982, 8239291|8047, 8239359|8111, 8239411|8175, 8239846|8247, 8240024|8315, 8240212|8374, 8240488|8433, 8240825|8494, 8240961|8558, 8241065|8652, 8245150|10093, 8245910|10181, 8246250|10371, 8246570|10429, org.zwanoo.android.speedtest, 
8246630|1243, 8247253|1435, 8247963|1534, 8248261|1599, 8248699|1671, 8249542|1723, 8249594|1848, 8249721|2032, 8250002|2100, 8253375|2198, 8254975|2276, 8255909|2354, 8256381|2429, 8256433|2500, 8256558|2589, 8256881|2683, 8257215|2762, 8257704|2845, 8257756|2926, 8258168|3480, 8258220|3740, 8258285|4386, 8258635|4575, 8258791|4643, 8259940|4725, 8260177|4830, 8261368|4923, 8261606|5006, 8263171|5103, 8264244|5195, 8264529|5272, 8265393|5388, 8266339|5507, 8267384|5765, 8268784|5842, 8269486|5914, 8269590|5994, 8269957|6076, 8270864|6130, 8271588|6185, 8271744|6346, 8272656|6416, 8273069|6611, 8273256|6777, 8273336|6831, 8273908|10021, 8274432|10075, 8274564|10180, de.mcdonalds.mcdonaldsinfoapp, 
8274688|1486, 8275372|1607, 8276144|1746, 8277331|1859, 8277435|1959, 8277603|2462, 8277655|9348, 8277863|10094, 8278103|10167, 8278163|11882, 8278451|12089, 8278586|12169, 8278898|12258, 8278958|12493, 8279240|12605, 8279448|12719, 8279626|12776, 8280003|12873, de.pilot.newyorker.android, 
8280323|1, 8281051|126, 8282293|208, 8282345|380, 8282405|1628, 8282517|1783, 8282769|1863, 8282829|2089, 8283478|2182, 8283530|2239, 8283852|2305, 8284632|2368, 8285308|2441, 8285360|2557, 8285412|2623, 8285464|3334, 8285516|3385, 8285696|4197, 8287407|4265, 8288895|4335, 8292704|4430, 8292912|4510, 8292964|4616, 8293024|4703, 8293897|4770, 8296311|4834, 8296363|4906, 8296423|5584, 8297133|5656, 8297297|5724, 8298084|5814, 8298136|5897, 8298188|5963, 8298249|6110, 8299100|6183, 8299672|6257, 8300420|7246, 8301691|7330, 8302783|7401, 8302920|7952, 8303931|8053, 8305310|8140, 8306747|8224, 8308714|8300, 8309026|8377, 8309734|8455, 8310612|8532, 8311780|8612, 8311906|8684, 8313551|8757, 8316257|8846, 8316557|8937, 8317169|9036, 8317245|9586, 8318165|9682, 8319085|9780, 8324817|9877, 8325842|9961, 8326895|10044, 8326947|10138, 8327342|10219, 8327914|10385, 8328422|10443, 8328474|10548, 8328609|12665, de.spiegel.android.app.spon, 
8328744|1482, 8329041|1560, 8329109|2142, 8329185|2256, 8329261|6900, com.whatsapp, 
8329321|1600, 8329373|1686, 8329625|1768, 8329677|1844, 8329984|2046, 8330148|2108, 8330438|2158, 8330760|2218, 8331124|2282, 8332216|2342, 8332268|2478, 8332320|2537, 8332372|3239, 8332424|3288, 8332482|4089, 8332662|4148, 8335238|4209, 8338027|4327, 8338079|4406, 8338977|4572, 8339029|4639, 8339185|4702, 8339245|4786, 8340099|4848, 8340151|4918, 8340211|5570, 8340921|5713, 8341085|5787, 8341872|5861, 8341924|5973, 8342045|6274, 8342897|6347, 8344468|6423, 8345216|6793, 8346412|6868, 8346851|7446, 8347790|7525, 8349361|7629, 8349875|7700, 8349935|8031, 8350591|8237, 8351987|8424, 8353910|8509, 8355734|8595, 8356040|8672, 8356710|8959, 8358496|9032, 8358548|9219, 8358652|9349, 8358756|9442, 8359194|9543, 8360226|9644, 8365362|9757, 8366390|9846, 8367685|9943, 8368316|10059, 8370182|10148, 8370482|10235, 8370546|10313, 8371734|10465, 8371786|10514, 8371838|10617, de.spiegel.android.app.spon, 
8371962|1179, 8374733|1310, 8377114|1408, 8377166|1586, 8377353|1726, 8377413|1954, 8377753|2048, 8378013|2103, 8378191|2159, 8379135|2207, 8379225|2258, 8379344|2322, 8379680|2380, 8379940|2437, 8380118|2501, 8381192|2557, 8381359|2707, 8381567|2910, 8381636|5095, 8381982|5174, 8382420|5307, 8383062|5428, 8383301|5488, 8383381|5539, 8383563|6018, 8383623|6073, 8384450|6122, 8386401|6236, 8386957|6298, 8387092|6357, 8387172|6479, 8387328|10138, 8387540|10189, 8387889|11385, 8388045|11457, 8388223|11815, 8388869|11954, 8388935|12021, 8389047|12090, 8389494|12157, com.airbnb.android, 
8390215|1064, 8390267|1186, 8390327|1518, 8390527|1643, 8390631|1759, 8390691|1930, 8390998|2032, 8391444|2107, 8392026|2204, 8392546|2282, 8393222|2381, 8393286|2478, 8393346|2584, 8393843|2688, 8394073|2948, 8394177|3039, 8394281|3134, 8402755|3405, 8403300|3500, 8411429|3920, 8412154|4038, 8414731|4115, 8417019|4226, 8425148|4580, 8425693|4661, 8433977|5200, 8434037|5341, 8435538|5446, 8436884|5555, 8436988|5675, 8437040|6755, 8437788|7199, 8438984|7337, 8439044|7713, 8439705|7811, 8440144|7906, 8441791|8011, 8444622|8120, 8445760|8203, 8446528|8471, 8447896|8558, 8450924|8658, 8451328|8769, 8451940|8875, 8452044|9389, 8452526|9629, 8455563|9741, 8456852|9838, 8458145|9954, 8460123|10083, 8460175|10222, 8460273|10337, 8460897|10484, 8461157|10543, 8461209|10671, de.spiegel.android.app.spon, 
8461261|103, 8462816|679, 8462902|743, 8462954|881, 8463024|1874, 8463084|2009, 8463379|2131, 8463691|2326, 8463869|2392, 8463921|2531, 8464911|2599, 8465026|2917, 8465086|2979, 8465152|3047, 8465500|3137, 8465560|3226, 8466223|3299, 8466941|3378, 8468045|3461, 8470218|3519, 8470689|3616, 8471387|3684, 8473102|3775, 8473280|3849, 8474475|3918, 8475015|4012, 8478029|4086, 8478363|4142, 8478403|4207, 8478455|4521, 8478519|4590, 8480145|5813, 8480197|5868, 8481445|6570, 8484488|7039, 8484540|7242, 8484748|10141, 8485116|10240, 8485276|10297, de.zalando.mobile, 
8485336|1621, 8485625|1773, 8486609|1880, 8486842|2099, 8487123|2161, 8487567|2221, 8487745|2281, 8488123|2334, 8488807|2431, 8490143|2596, 8490195|2808, 8490330|3124, 8490382|3215, 8492665|3471, 8492751|3559, 8492861|3647, 8492921|3729, 8493259|3793, 8493871|3854, 8495102|3913, 8496789|3984, 8497049|4056, 8497316|4161, 8497756|4277, 8499085|4529, 8500126|4641, 8500564|4734, 8501008|4794, 8501164|4854, 8501361|4912, 8501993|4972, 8502045|5129, 8503710|5220, 8503762|5297, 8504171|10191, 8504619|10375, 8504699|10487, com.moshbit.studo, 
8504762|1788, 8504822|1869, 8505110|2292, 8505600|2493, 8506949|2703, 8507061|2956, 8507401|3029, 8507899|3134, 8509332|3198, 8509770|3277, 8510778|3366, 8511635|3475, 8513167|3542, 8516233|3630, 8516567|3691, 8518543|3865, 8519545|3977, 8522588|4372, 8522951|4547, 8523003|4680, 8523159|10500, 8523527|10595, 8523607|10740, de.zalando.mobile, 
8523670|3484, 8523970|3605, 8528389|3737, 8529112|3913, 8529178|4258, 8529238|4339, 8529859|4408, 8530204|4517, 8530256|4604, 8530318|5942, 8530378|6017, 8531344|6134, 8531396|6345, 8531456|7911, 8532137|7991, 8532438|8061, 8532876|8143, 8533018|8206, 8533168|8293, 8533341|10013, 8533757|11100, 8533809|11215, org.chromium.chrome, 
8533933|2675, 8534378|2762, 8534691|2896, 8535541|2983, 8535801|3163, 8536139|3283, 8536321|3398, 8536477|3525, 8536662|3627, 8536818|3742, 8537714|3849, 8538056|3923, 8538108|3996, 8538325|4290, 8538942|4509, 8539058|4584, 8539424|4672, 8539725|4758, 8540566|4825, 8541724|5546, 8543440|5697, 8553198|6280, 8553298|6347, 8560423|6439, 8561160|6498, 8561212|6643, 8561656|10826, 8561976|10904, com.waze, 
8562036|2549, 8562325|2635, 8562481|2721, 8563426|2857, 8563634|2982, 8563819|3116, 8563975|3229, 8564313|3339, 8564495|3446, 8564651|3555, 8565205|3641, 8565837|3710, 8565941|3799, 8566158|4184, 8566775|4322, 8566827|4451, 8567985|5447, 8569649|5533, 8579407|6090, 8579524|6218, 8586701|6293, 8587438|6419, 8587490|6496, 8587750|10776, 8588150|10862, com.waze, 
8588270|2215, 8588546|2313, 8588880|2403, 8589172|2507, 8589366|2604, 8589494|2675, 8589546|2822, 8589704|2891, 8589884|2980, 8589944|3069, 8590298|3188, 8590703|3296, 8590755|3402, 8591554|3523, 8591681|3943, 8591858|4085, 8591952|4298, 8592206|5665, 8592258|5771, 8592362|10869, 8592466|10933, com.duckduckgo.mobile.android, 
8592534|2399, 8592610|2484, com.whatsapp, 
8592686|2441, 8592925|3217, 8593001|6734, 8593061|6938, 8593401|7070, 8593661|7140, 8593839|7537, 8595179|7669, 8596360|7741, 8596412|7957, 8598266|8253, 8598318|8325, 8598370|8394, com.whatsapp, 
8598500|2966, 8598795|3167, 8599107|3398, 8599285|3666, 8600333|3888, 8600385|4070, 8600510|5230, 8600630|5336, 8600918|5394, 8601365|5450, 8601543|5579, 8603039|5635, 8603330|5688, 8603420|5795, 8604311|5852, 8604363|5917, 8604557|5980, 8604761|6522, 8604813|6778, 8605466|6835, 8605556|6892, 8605608|7068, 8605764|10636, 8605844|10770, 8606004|10830, com.twitter.android, 
8606065|2184, 8606185|2264, 8607117|2343, 8608791|2407, 8608843|2467, 8608947|2890, 8609051|10361, 8609211|10423, com.instagram.android, 
8609275|1189, 8609624|1266, 8609780|1355, 8610608|1445, 8610681|1511, 8611091|1575, 8611351|1641, 8612319|1700, 8612371|1817, 8612438|1985, 8612498|2051, 8615375|2129, 8616117|2198, 8616473|2271, 8618285|2326, 8618454|2568, 8618845|2688, 8619738|2762, 8620227|2844, 8620445|2942, 8620839|3018, 8620879|3080, 8621291|3341, 8621407|3899, 8621467|4195, 8621519|4263, 8621757|4324, 8622091|4407, 8623062|4486, 8623174|4565, 8623464|4651, 8623836|4724, 8625830|4823, 8626635|4908, 8626739|5011, 8627675|5302, 8629198|5394, 8630078|5502, 8630308|5610, 8632486|5695, 8632790|5766, 8632850|5822, 8634064|5937, 8634116|5990, 8634502|6097, 8635184|6364, 8635236|6491, 8635796|10042, 8636100|10089, 8636388|10140, 8636468|10193, 8637267|10613, 8637319|10665, de.mcdonalds.mcdonaldsinfoapp, 
8637382|2456, 8637682|2570, 8642512|2712, 8643002|2824, 8643623|2940, 8643968|3034, 8644020|3101, 8644142|3905, 8644763|3995, 8645108|4091, 8645160|4172, 8645212|5723, 8645264|5775, 8645324|6862, 8645384|6963, 8646005|7014, 8646306|7088, 8646744|7140, 8647140|7196, 8647312|8984, 8647728|10051, 8647780|10120, org.chromium.chrome, 
8647848|1855, 8647924|1919, 8648040|8163, 8648273|11461, com.whatsapp, 
8648393|1508, 8648669|1614, 8649003|1719, 8649295|1809, 8649489|1893, 8649617|1957, 8649827|2106, 8649973|2178, 8650033|2260, 8650463|2341, 8650723|2439, 8650920|2528, 8651563|2606, 8651667|2694, 8651794|2925, 8651846|2983, 8652023|3099, 8652277|4099, 8652329|4333, 8652433|10148, 8652537|10196, com.duckduckgo.mobile.android, 
8652620|1703, 8652988|1830, 8653144|1917, 8653650|2012, 8654082|2105, 8654374|2287, 8654638|2714, 8654794|3083, 8654972|3180, 8655933|3384, 8656220|3458, 8659338|3555, 8659976|3639, 8660132|3892, 8660192|4274, 8662417|4356, 8663875|4438, 8664439|4527, 8667541|4633, 8668619|4699, 8668859|4772, 8668930|6017, 8669557|6168, 8670110|6236, 8670734|6312, 8671234|6377, 8672296|7185, 8672913|7286, 8674110|7381, 8674840|7502, 8674900|7638, 8676151|7745, 8676251|7820, 8676551|7952, 8677114|8041, 8677670|8107, 8678000|8171, 8678905|8235, 8680544|8307, 8681805|8382, 8682404|8438, 8682738|8531, 8684457|8604, 8684561|8880, 8684765|9004, 8685492|9061, 8685648|9132, 8685792|10051, 8685844|10114, 8686600|10362, 8687388|10428, 8687468|10659, org.mozilla.firefox, 
8687544|1829, com.whatsapp, 
8687604|1446, 8687664|1534, 8687940|1620, 8688096|1714, 8688566|1796, 8688708|1881, 8688760|1940, 8688888|1998, 8689034|2061, 8689192|2129, 8689320|2284, 8689372|2371, 8689432|2480, 8689734|2563, 8689942|2663, 8690692|2764, 8690886|2846, 8691065|2917, 8691242|2981, 8691294|3107, 8691548|4205, 8691600|4361, 8691735|4532, 8691839|10161, 8691943|10278, com.duckduckgo.mobile.android, 
8692003|1486, 8692279|1699, 8692613|1772, 8692905|1834, 8692957|1890, 8693099|1953, 8693227|2015, 8693339|2153, 8693799|2251, 8694153|2324, 8694478|2405, 8695121|2485, 8695277|2568, 8695404|2836, 8695581|3018, 8695633|3128, 8695887|3988, 8695939|4073, 8696043|10151, 8696095|10199, 8696147|10262, com.duckduckgo.mobile.android, 
8696753|1762, 8700506|1899, 8702129|2028, 8704971|2160, 8708343|2302, 8709230|2388, 8709622|2455, 8709741|2508, 8710001|2566, 8710116|3166, 8710272|3255, 8710534|5834, 8710706|5929, 8710825|6038, 8710981|6211, 8711605|6278, 8712593|6337, 8713128|6389, 8713232|6441, 8713284|6503, 8713991|6695, 8714147|6820, 8714958|6901, 8715717|6953, 8716528|7013, 8717339|7086, 8717443|7150, 8718202|7199, 8718961|7249, 8719772|7305, 8719824|7358, 8720583|7407, 8720635|7458, 8721388|7511, 8721492|7570, 8721988|10083, 8722708|10151, com.fsck.k9, 
8722772|1416, 8723121|1579, 8723455|1663, 8724104|1721, 8724156|1869, 8724424|2255, 8727949|2361, 8729554|2478, 8729810|2557, 8730720|2700, 8731136|2859, 8731922|2973, 8732379|3105, 8733049|3181, 8733101|3317, 8733857|3400, 8735116|3466, 8735272|3543, 8735324|3615, 8736114|5060, 8736166|5362, 8736234|8113, 8736304|8176, 8736729|8234, 8740289|8304, 8741201|8363, 8741811|8430, 8741915|8570, 8741977|8803, 8742042|8899, 8742368|9007, 8742488|9095, 8742654|9171, 8743267|9245, 8743307|9419, 8743891|9985, 8744727|10070, 8745615|10266, 8745695|10331, 8745755|10626, 8746044|10677, 8746200|10738, 8746378|10971, 8747027|11084, 8747079|11219, de.prosiebensat1digital.prosieben, 
8747206|1873, 8747326|1937, 8747615|2003, 8747903|2067, 8748237|2140, 8748614|2204, 8749299|2281, 8750914|2415, 8751248|2478, 8751611|2592, 8751746|2651, 8751786|2715, 8751826|2770, 8751961|3586, 8752085|5127, 8752779|5214, 8753195|5284, 8753463|5359, 8753802|5471, 8754062|5552, 8754122|5799, 8754467|5877, 8754801|6017, 8755410|6137, 8755625|6208, 8758858|6362, 8760816|6426, 8761204|6914, 8762594|6987, 8762646|7557, 8762854|10306, 8763094|10370, 8763174|10486, com.paypal.android.p2pmobile, 
8763234|1798, 8763522|2215, 8763580|2474, 8763961|2571, 8765352|2653, 8765508|2713, 8766841|2775, 8766893|2967, 8766961|3421, 8767561|3555, 8768398|3622, 8768888|3702, 8772961|3800, 8773117|3935, 8775108|4184, 8775483|4331, 8778870|4399, 8779674|4467, 8779726|4607, 8779861|5683, 8779984|7177, 8780272|7253, 8780428|7320, 8780606|7393, 8781563|7458, 8781719|7751, 8781914|7839, 8782237|7906, 8782427|7971, 8782563|8057, 8782743|8132, 8783118|8214, 8783432|8280, 8783670|8354, 8783834|8499, 8783993|8571, 8784103|8644, 8784171|8797, 8784239|8867, 8784307|8941, 8784481|9012, 8784966|9079, 8785170|9145, 8785407|9228, 8785908|9323, 8787052|9414, 8787104|9520, 8787364|10427, 8787764|10491, org.zwanoo.android.speedtest, 
8790058|1480, 8790144|1577, 8790196|1668, 8790898|2012, 8791969|2202, 8793591|2421, 8793851|2540, 8794699|2637, 8795208|2718, 8795312|2806, 8796016|2908, 8797587|3020, 8798377|4753, 8798429|5015, 8798481|5115, 8798533|5855, 8798606|6701, 8798981|6802, 8799981|6913, 8800969|7029, 8801899|7119, 8802457|7636, 8805958|7728, 8806010|7845, 8806070|8210, 8806456|8293, 8806622|8392, 8807235|8479, 8807275|8583, 8807410|9169, 8808173|9489, 8808845|9582, 8808897|9675, 8809658|10656, 8809965|10762, 8814299|10854, 8814467|10996, 8814683|11168, 8815675|11268, 8815795|11340, 8815875|11406, de.prosiebensat1digital.prosieben, 
8815939|2831, 8816288|2925, 8816622|3012, 8817097|3087, 8817149|3236, 8817284|3449, 8817599|3582, 8817867|3726, 8818049|3843, 8818205|3945, 8818387|4038, 8818543|4146, 8818725|4268, 8818881|4369, 8819832|4467, 8820122|4544, 8820174|4615, 8820455|5018, 8821438|5135, 8822441|5227, 8822685|5305, 8822892|5494, 8823084|5574, 8823343|6545, 8824119|6625, 8825277|6709, 8825537|6780, 8825589|6874, 8826733|6961, 8826928|7640, 8827549|7703, 8837554|7772, 8837658|7839, 8844627|7915, 8845364|7987, 8845416|8057, 8845728|11028, 8846180|11104, com.waze, 
8846240|1660, 8846685|1784, 8847512|1914, 8847788|2602, 8849053|2739, 8850606|2944, 8851483|3085, 8851772|3185, 8852974|3406, 8853587|3598, 8854153|3703, 8854257|3826, 8856220|3921, 8856376|4030, 8856428|4127, 8857218|5485, 8857270|5759, 8857828|8132, 8861326|8220, 8861378|8368, 8861704|8779, 8861824|8863, 8861990|8972, 8862603|9051, 8862643|9154, 8863227|10101, 8863279|10294, 8864063|11108, 8864143|11186, 8864701|11438, 8864753|11508, 8868196|11692, 8868959|11839, 8869011|11911, de.prosiebensat1digital.prosieben, 
8870095|1661, 8873152|1772, 8874340|1913, 8874527|2062, 8874587|2616, 8874927|2704, 8875187|2772, 8875615|2847, 8876764|2914, 8877062|2985, 8878314|3059, 8878418|3148, 8878585|3337, 8878637|3438, 8878793|3522, 8878862|5679, 8879208|5789, 8879646|5922, 8880340|6017, 8880659|6109, 8880841|7133, 8881107|7201, 8881780|7267, 8883619|7339, 8884201|7411, 8884416|7478, 8884456|7564, 8884612|10872, 8884824|10991, 8884884|12374, 8885329|12489, 8885507|13101, 8886219|13218, 8886383|13350, 8886778|13425, 8886956|13765, 8887499|13836, com.airbnb.android, 
8887551|1, 8887611|2493, 8888307|2634, 8889092|2758, 8889300|2892, 8889716|3023, 8889977|3176, 8890608|3303, 8891212|3409, 8891497|3491, 8891549|3590, 8891601|3714, 8891665|4556, 8892014|4644, 8892222|4723, 8892400|5237, 8892452|5350, 8900926|5924, 8901471|6026, 8910145|6673, 8918274|7338, 8918819|7455, 8927132|8029, 8927435|8618, 8927539|10720, 8927779|10799, org.indywidualni.fblite, 
8929334|346, 8929420|413, 8929472|558, 8929540|2365, 8929616|2483, com.whatsapp, 
8929676|2049, 8929736|2152, 8930168|2270, 8930346|2362, 8930780|2443, 8930832|2521, 8930960|2598, 8931012|2693, 8931170|2767, 8931350|2853, 8931462|2959, 8931972|3069, 8932169|3157, 8933020|3302, 8933147|3846, 8933324|3919, 8933418|4107, 8933672|5419, 8933724|5614, 8933828|10923, 8933932|10988, com.duckduckgo.mobile.android, 
8934055|2193, 8934343|2404, 8934655|2575, 8934833|2650, 8934902|2912, 8936292|2990, 8937617|3070, 8937677|3138, 8938022|3220, 8938282|3310, 8938756|3394, 8938808|3611, 8938935|4060, 8939632|4159, 8939944|4260, 8940300|4334, 8943752|4430, 8943856|4500, 8945847|4718, 8946222|4832, 8949609|4928, 8950413|5005, 8950465|5097, 8950528|7762, 8950588|7839, 8951032|7921, 8951210|8001, 8952167|8093, 8952470|8603, 8952694|8699, 8953043|8782, 8953179|8861, 8953411|8947, 8953844|9030, 8954100|9111, 8954376|9197, 8954535|9297, 8954645|9380, 8954713|9480, 8954849|9575, 8954963|9675, 8955398|9782, 8955712|9874, 8956272|9988, 8956586|10090, 8956690|10209, 8956950|10938, 8957350|11032, org.zwanoo.android.speedtest, 
8957545|2239, 8957957|2355, 8959164|2471, 8960206|2671, 8960310|2829, 8960446|2951, 8960710|3318, 8961044|3703, 8961096|3959, 8961882|4050, 8961934|4288, 8962108|4388, 8962603|4477, 8965461|4564, 8966048|4658, 8966268|5257, 8966328|5440, 8966628|5529, 8968613|5614, 8970804|5702, 8971442|5818, 8973656|5909, 8975691|6000, 8978126|6099, 8978708|6186, 8980252|6275, 8980557|6365, 8980815|6451, 8980886|7755, 8981271|8122, 8981323|8215, 8981573|8528, 8981729|8610, 8981879|8688, 8981999|9343, 8982892|9472, 8983678|9576, 8984288|9727, 8984945|9991, 8984985|10150, 8985541|10579, 8987125|10796, 8988651|10908, 8989370|11014, 8989979|11168, 8991471|11296, 8991551|11464, org.mozilla.firefox, 
8991611|2361, 8992030|2453, 8992534|2539, 8992574|2638, 8992614|10949, com.isis_papyrus.raiffeisen_pay_eyewdg, 
8994884|1511, 8995094|1668, 8996008|1794, 8997320|1928, 8997507|2130, 8997567|2780, 8997627|2854, 8998115|2921, 8998404|3005, 8998939|3076, 8999952|3143, 9001294|3208, 9001346|3275, 9001398|3361, 9001565|3490, 9001669|3749, 9001837|3839, 9001966|5910, 9002252|5995, 9002690|6084, 9003384|6172, 9003623|6260, 9003786|6334, 9003826|6408, 9004008|7265, 9004120|7337, 9004895|7406, 9007362|7475, 9007497|7549, 9007577|7616, 9007733|10795, 9007945|10863, 9008009|11879, 9008069|11964, 9008514|12074, 9008640|12673, 9008991|12746, 9010418|12847, 9010470|13097, com.airbnb.android, 
9010700|1323, 9013062|1497, 9013166|1606, 9013230|1692, 9016402|1851, 9016894|2013, 9018436|2134, 9035630|2343, 9044393|2461, 9053067|2574, 9057894|2664, 9058081|2899, 9058133|3027, 9058192|3345, 9058876|3436, 9059522|3541, 9061770|3625, 9061860|3750, 9062131|3861, 9062403|4174, 9062463|6159, 9063009|6320, 9063187|6474, 9063985|6565, 9064240|6655, 9064422|7611, 9064688|7693, 9067252|7781, 9067823|7864, 9067958|7955, 9068038|8039, 9068298|10872, 9068670|10937, 9068734|12189, 9069083|12274, 9069239|12394, 9069417|12906, 9070414|13020, 9070570|13111, 9070622|13186, com.airbnb.android, 
9070852|2359, 9070915|2575, 9070975|2658, 9071806|2762, 9071858|2864, 9072348|2977, 9073697|3165, 9073749|3602, 9074098|3840, 9074306|3952, 9074656|4363, 9075374|4498, 9076491|4596, 9076981|4697, 9078150|4841, 9079318|5014, 9080974|5179, 9092796|5327, 9093393|5441, 9096317|5615, 9104991|5984, 9113120|6679, 9113665|6766, 9121794|7311, 9123265|7422, 9123504|7674, 9126547|8274, 9126599|8441, 9126755|10842, 9127123|10939, 9127203|11017, 9128758|14001, de.zalando.mobile, 
9128844|1, 9128896|74, 9129019|2241, 9129307|2451, 9129797|2698, 9131130|2903, 9132513|3051, 9132745|3127, 9133246|3237, 9133476|3323, 9133772|3437, 9133824|3660, 9133951|4026, 9134648|4132, 9134960|4244, 9138767|4375, 9138871|4484, 9141023|4883, 9144785|5010, 9145428|5139, 9145480|5274, 9145543|7858, 9145891|7959, 9146047|8034, 9147182|8115, 9147350|8600, 9147545|8704, 9147813|8782, 9148194|8873, 9148590|8963, 9148927|9043, 9149227|9131, 9149391|9210, 9149550|9290, 9149660|9368, 9149728|9450, 9149864|9539, 9149976|9642, 9150597|9759, 9150902|9874, 9151471|10008, 9151643|10124, 9151903|10982, 9151983|11065, 9152303|11138, org.zwanoo.android.speedtest, 
9152366|3624, 9155771|3744, 9157496|3882, 9157808|4001, 9158555|4117, 9158900|4241, 9158952|4343, 9159014|5291, 9159074|5370, 9159695|5446, 9160040|5538, 9160092|5703, 9160152|7971, 9160212|8045, 9160833|8122, 9161134|8203, 9161572|8269, 9161968|8333, 9162137|10093, 9162553|10839, 9162605|10941, org.chromium.chrome, 
9162968|3166, 9166073|3273, 9168058|3398, 9168214|3529, 9168340|3646, 9169306|3762, 9169358|3909, 9169420|4803, 9169480|4868, 9170101|4942, 9170498|5111, 9170558|7505, 9170618|7577, 9171239|7643, 9171540|7725, 9171978|7796, 9172374|7862, 9172431|9591, 9172548|9651, 9172964|10829, 9173016|10913, org.chromium.chrome, 
9173076|1942, 9173412|2086, 9173568|2185, 9174038|2309, 9174180|2391, 9174360|2458, 9174412|2546, 9174570|2620, 9174622|2700, 9174750|2776, 9174802|2882, 9175164|2980, 9175372|3069, 9175569|3170, 9175621|3253, 9176316|3347, 9176420|3438, 9176547|3637, 9176724|3710, 9176818|3793, 9177072|5409, 9177124|5519, 9178293|9517, 9178345|9590, 9178449|11034, 9178553|11105, com.duckduckgo.mobile.android, 
9178613|2204, 9179032|2327, 9179536|2443, 9179576|2524, 9179616|10836, com.isis_papyrus.raiffeisen_pay_eyewdg, 
9179740|2811, 9180185|2897, 9180363|2973, 9180838|3045, 9180890|3219, 9181025|3342, 9181274|3465, 9181542|3585, 9181724|3693, 9181880|3793, 9182218|3900, 9182403|4019, 9182623|4155, 9183543|4270, 9184580|4368, 9185551|4451, 9185726|4898, 9186135|5027, 9186752|5120, 9186804|5207, 9186956|5376, 9187148|5479, 9187200|6391, 9187399|6495, 9188080|6581, 9188235|6660, 9189393|6729, 9189653|6799, 9190225|6907, 9190277|7299, 9190472|7531, 9191093|7599, 9201011|7671, 9208032|7814, 9208769|7948, 9208821|8024, 9209213|10801, 9209585|10902, com.waze, 
9209705|2553, 9210341|2636, 9210958|2755, 9211062|2834, 9211270|2939, 9211687|3049, 9211893|3228, 9212346|3309, 9213128|3384, 9213413|3535, 9213465|3599, 9213517|3694, 9213861|10815, 9213913|11231, 9213965|11512, org.indywidualni.fblite, 
9214088|2208, 9214376|2386, 9214688|2538, 9214866|2610, 9216215|2760, 9216267|3240, 9216327|3691, 9216667|3895, 9217453|3965, 9218943|4034, 9219671|4097, 9219723|4175, 9219928|4281, 9221227|4391, 9224419|4467, 9225937|4533, 9226093|4608, 9226145|5075, 9230892|5204, 9230944|5293, 9233987|7349, 9234039|7494, 9234195|10715, 9234563|10822, 9234643|10895, 9234703|12098, 9234763|12176, 9235043|12255, 9235303|12328, 9235481|12474, 9239156|12550, 9239246|12615, 9239298|12778, 9242505|12918, 9242557|12982, 9242609|13194, de.zalando.mobile, 
9242733|1864, 9243178|1972, 9244006|2081, 9244191|2302, 9244489|2373, 9244927|2454, 9245718|2528, 9245770|2613, 9245837|2989, 9246178|3103, 9249457|3218, 9251242|3306, 9251628|3427, 9252152|3526, 9252217|3711, 9252816|3844, 9254094|3940, 9254312|4037, 9254746|4130, 9254798|4229, 9255210|4928, 9255262|5199, 9255327|6324, 9255387|6392, 9255885|6483, 9257034|6590, 9257086|6678, 9257211|6830, 9258462|6979, 9259920|7097, 9260897|7193, 9261398|7304, 9261861|7391, 9263549|7529, 9265970|7658, 9266022|7812, 9267734|8017, 9268053|8106, 9268291|8211, 9268351|8303, 9269004|8408, 9270171|8525, 9270787|8600, 9271830|8744, 9271941|8959, 9272236|9024, 9272392|10817, 9272860|10891, 9273384|10959, 9273568|11026, de.mcdonalds.mcdonaldsinfoapp, 
9273930|2399, 9274264|2500, 9274997|2612, 9275511|2722, 9275709|2830, 9275824|2945, 9276455|3043, 9277059|3109, 9277208|3178, 9277344|3245, 9277396|3315, 9277500|3422, 9277844|10815, org.indywidualni.fblite, 
9277912|2523, 9277988|2591, com.whatsapp, 
9278123|759, 9278258|1198, 9279610|2114, 9283076|2261, 9284459|2378, 9287364|2584, 9290402|2751, 9291386|2862, 9291661|3002, 9291921|3080, 9292627|6700, 9293541|6779, 9294455|6845, 9295265|6913, 9296075|6979, 9296886|7042, 9297697|7107, 9298508|7176, 9299319|7245, 9300130|7308, 9300234|7383, 9300324|10745, 9300952|10857, 9301592|10938, com.fsck.k9, 
9301644|652, 9301696|727, 9301756|2308, 9302118|2414, 9302504|2516, 9303237|2612, 9303445|2694, 9303803|2794, 9304009|2916, 9305102|3016, 9305296|3089, 9306325|3159, 9306429|3229, 9306481|3323, 9306585|10711, 9306825|10789, 9307058|12667, org.indywidualni.fblite, 
9307257|1523, 9311156|1727, 9312522|1829, 9312626|1961, 9312813|2110, 9312933|2577, 9313421|2663, 9313473|2733, 9314654|2810, 9314856|2882, 9315296|2956, 9316600|3034, 9316652|3108, 9316819|3213, 9317027|3391, 9317156|5650, 9317442|5748, 9317880|5860, 9318574|5940, 9318813|6018, 9318893|6097, 9319075|6872, 9319962|6950, 9321853|7014, 9322461|7082, 9322596|7153, 9322676|7225, 9322884|10848, 9323096|10927, 9323156|12002, 9323601|12122, 9323779|12728, 9324425|12812, 9324491|12894, 9324715|12993, 9325162|13090, 9325557|13165, com.airbnb.android, 
9326278|1587, 9326560|1892, 9326680|2085, 9327112|2183, 9327290|2285, 9327634|2383, 9327776|2479, 9329553|2606, 9329961|2754, 9330443|2871, 9330848|2975, 9331543|3101, 9331647|3226, 9331711|3444, 9332572|3578, 9332624|3791, 9332802|3907, 9332854|4036, 9341873|4596, 9342126|5151, 9350852|5276, 9358981|5704, 9359526|5785, 9367839|6353, 9367891|6568, 9368078|6639, 9368182|10619, 9368286|10829, com.duckduckgo.mobile.android, 
9368362|1928, com.whatsapp, 
9368425|1870, 9368485|1932, 9368773|2107, 9369085|2301, 9369263|2369, 9370612|2505, 9370664|2821, 9370730|2893, 9370790|2996, 9370910|3095, 9371481|3167, 9371982|3270, 9373095|3323, 9373911|3400, 9375020|3504, 9375080|3570, 9376579|3678, 9377890|3766, 9381384|3872, 9381770|3960, 9381810|4029, 9383786|4108, 9384788|4185, 9387831|6650, 9387883|6815, 9388039|10250, 9388303|10323, 9388407|10385, 9388487|10447, de.zalando.mobile, 
9388548|2502, 9388980|2569, 9391222|2678, 9391378|2743, 9391482|2868, 9391586|10464, 9391746|10520, com.instagram.android, 
9391806|1857, 9392094|2072, 9392406|2517, 9392584|2588, 9393933|2796, 9393985|3003, 9394105|3094, 9394437|3168, 9394883|3259, 9396312|3319, 9396750|3385, 9397473|3469, 9397533|3526, 9398531|3620, 9399002|3678, 9403143|3739, 9403529|3814, 9403581|3961, 9404153|4037, 9406455|4132, 9406559|4222, 9409602|4382, 9409654|4596, 9409810|10082, 9410178|10148, 9410258|10256, de.zalando.mobile, 
9410322|1199, 9410382|1259, 9410827|1357, 9411655|1451, 9411715|1523, 9412117|1583, 9412503|1645, 9413294|1701, 9413346|1798, 9413473|1979, 9413754|2091, 9417013|2157, 9417099|2208, 9418256|2294, 9418652|2386, 9418947|2464, 9419750|2542, 9420423|2634, 9421244|2710, 9421514|2782, 9421908|2848, 9421948|2912, 9422360|3299, 9422412|3596, 9422472|4233, 9422762|4295, 9422970|4351, 9423148|4416, 9424119|4484, 9424171|4557, 9424581|4637, 9425148|4727, 9425660|4815, 9427000|4902, 9428202|5008, 9428881|5106, 9429745|5233, 9430513|5378, 9431558|5510, 9433624|5662, 9433788|5746, 9433909|5817, 9435409|5881, 9435669|5932, 9435847|5982, 9436646|6032, 9436757|6081, 9437000|6135, 9437682|6203, 9437734|6560, 9438306|10043, 9438882|10093, 9438962|10204, de.mcdonalds.mcdonaldsinfoapp, 
9439022|1808, 9439082|1881, 9439384|1956, 9440283|2034, 9440335|2101, 9440439|2184, 9440746|2272, 9440798|2351, 9440999|2421, 9441059|2478, 9441356|2528, 9442152|2584, 9442346|2632, 9442576|2736, 9442628|2791, 9442680|2853, 9442784|9985, 9442904|10040, 9443024|10090, org.indywidualni.fblite, 
9443088|1386, 9443148|1462, 9443437|1526, 9443771|1602, 9444421|1689, 9444657|1866, 9444717|1947, 9445286|2005, 9445442|2058, 9445620|2116, 9446310|2180, 9446682|2247, 9448020|2367, 9448072|2606, 9449153|2994, 9451626|3098, 9451736|3252, 9451796|3334, 9452134|3414, 9452746|3470, 9453271|3531, 9455454|3585, 9455780|3638, 9456196|3699, 9456627|3829, 9456820|3945, 9457361|4040, 9458705|4136, 9459175|4245, 9459247|4331, 9459307|4391, 9459751|4455, 9459958|4509, 9460590|4619, 9460694|4734, 9461103|9854, 9461143|9974, 9461419|10144, 9461511|10196, 9461591|10301, com.moshbit.studo, 
9461786|1765, 9462198|1842, 9463136|2014, 9463292|2161, 9463368|2384, 9463428|2494, 9463692|2959, 9464026|3278, 9464148|3386, 9464695|3466, 9468392|3541, 9468979|3620, 9469031|3777, 9469187|3874, 9469247|4171, 9469547|4254, 9471472|4320, 9472868|4416, 9473662|4491, 9477149|4569, 9479479|4663, 9481137|4733, 9482175|4801, 9482509|4867, 9482796|4926, 9482848|4977, 9483364|6097, 9483416|6169, 9483666|6499, 9484076|6622, 9484196|7147, 9484773|7257, 9485295|7341, 9486613|7427, 9486653|7509, 9487223|7644, 9487629|7834, 9487779|7906, 9489272|7989, 9490993|8056, 9493231|8133, 9494386|8201, 9495309|8283, 9495565|8361, 9496343|8415, 9496701|8469, 9496845|9409, 9496897|9513, 9497032|9724, 9497112|9833, 9497868|10323, 9498524|10388, 9498604|10600, org.mozilla.firefox, 
9498656|1925, 9499019|2454, 9503849|2618, 9504175|2748, 9504908|2846, 9505253|2937, 9505305|3014, 9505367|3781, 9505427|3848, 9506393|3965, 9506445|4082, 9506505|5669, 9506565|5776, 9506845|5830, 9507105|5883, 9507283|5994, 9507440|6052, 9507578|6120, 9507630|6173, 9509213|6336, 9509909|6390, 9509961|6454, 9510013|6517, 9511817|6862, 9511877|6915, 9512453|6972, 9513074|7027, 9513427|7094, 9513865|7159, 9514157|7213, 9514334|9013, 9514750|10055, 9514802|10127, org.chromium.chrome, 
9514866|2114, 9515215|2198, 9515371|2271, 9516024|2327, 9516076|2525, 9516346|2725, 9516586|2800, 9516794|2897, 9516976|2977, 9517314|3051, 9517470|3122, 9517652|3215, 9518365|3309, 9518945|3369, 9519049|3428, 9519101|3499, 9519382|3784, 9519442|3885, 9520365|3946, 9520718|4026, 9521368|4083, 9521612|4144, 9521819|4294, 9522011|4381, 9522210|4866, 9522943|4974, 9523098|5028, 9524256|5143, 9524516|5195, 9525088|5257, 9525140|5329, 9525335|5715, 9525956|5766, 9535491|5818, 9535938|5871, 9536042|5924, 9543011|5983, 9543748|6035, 9543800|6145, 9544192|10028, 9544564|10081, com.waze, 
9544624|1877, 9545090|2050, 9545885|2148, 9545937|2234, 9546041|2314, 9546509|2418, 9547012|2553, 9547346|2610, 9548002|2656, 9548232|2764, 9548284|2819, 9548388|2891, 9548492|10117, 9548732|10172, org.indywidualni.fblite, 
9548792|1984, 9548904|2063, 9549156|2166, 9549208|2425, 9549320|2507, 9549917|2591, 9550239|2658, 9550499|2729, 9551123|2803, 9551799|2897, 9551851|2963, 9551903|3257, 9551955|3326, 9552013|4893, 9552193|4966, 9555392|5060, 9559018|5197, 9559899|5311, 9560107|5395, 9560228|5486, 9561605|5574, 9561665|5768, 9562516|5863, 9563367|5940, 9564973|6025, 9565819|6104, 9565871|6248, 9567504|6740, 9568534|6821, 9569537|6964, 9569641|7120, 9570389|8290, 9571758|8400, 9573543|8498, 9575498|8606, 9576159|8692, 9576910|8841, 9577670|8921, 9577793|8992, 9578284|9093, 9579483|9197, 9580898|9299, 9580996|9375, 9582256|9479, 9582932|9559, 9583659|10023, 9583779|10105, 9584546|10188, 9587117|10282, 9588384|10375, 9588892|10468, 9589516|10676, 9590036|10732, 9590088|10845, de.spiegel.android.app.spon, 
9590437|2212, 9590593|2295, 9590897|2379, 9591760|2526, 9592153|2656, 9592335|2753, 9592491|2839, 9592673|2926, 9593383|3018, 9594067|3105, 9594119|3228, 9594336|3506, 9594953|3597, 9595005|3795, 9596163|4591, 9597879|4718, 9607637|5207, 9607735|5315, 9614912|5390, 9615649|5510, 9615701|5631, 9615961|10231, 9616361|10300, 9616465|12671, com.waze, 
9616705|2070, 9617389|2243, 9617805|2391, 9619012|2517, 9619452|2609, 9619608|2980, 9619724|3060, 9619828|10797, 9620138|10870, 9620201|12958, 9620261|13030, 9620549|13188, 9620861|13425, de.pilot.newyorker.android, 
9620921|91, 9621203|170, 9621411|246, 9621589|315, 9621738|393, 9621884|463, 9622309|543, 9624280|699, 9624332|916, 9624457|5838, 9624577|5903, 9624629|5969, 9624865|6035, 9625312|6114, 9625646|6263, 9627224|6332, 9627328|6394, 9628306|6464, 9628462|6561, 9628604|6640, 9628708|10887, 9628788|11046, 9628868|11115, com.twitter.android, 
9628932|1751, 9629044|1824, 9629437|1945, 9630265|2065, 9630781|2212, 9631115|2303, 9631781|2370, 9631975|2442, 9632287|2521, 9632465|2594, 9633094|2672, 9634432|2750, 9634484|2839, 9634536|2911, 9634671|3200, 9634723|3271, 9637006|3807, 9637092|3926, 9637204|4031, 9637542|4145, 9638154|4228, 9639194|4303, 9641212|4375, 9641552|4481, 9641872|4690, 9641992|4838, 9643269|5003, 9643610|5113, 9644647|5248, 9645279|5334, 9645383|5406, 9645792|10573, 9646200|10774, 9646280|10910, com.moshbit.studo, 
9646785|1986, 9647612|2105, 9647664|2290, 9649944|2960, 9650880|3096, 9652463|3296, 9653925|3418, 9654422|3657, 9655416|3796, 9656029|3891, 9656595|3977, 9656647|4069, 9657403|4169, 9658818|4255, 9658870|4537, 9659660|5937, 9659712|6268, 9659840|9335, 9660431|9431, 9663980|9515, 9665356|9602, 9665460|9721, 9665522|10101, 9665712|10242, 9665978|10339, 9666098|10445, 9666304|10537, 9666877|10644, 9666917|10770, 9667321|11303, 9667701|11392, 9667781|11460, 9667841|11783, 9668130|11866, 9668286|11937, 9668464|12279, 9669113|12350, 9669165|12525, de.prosiebensat1digital.prosieben, 
9669285|5233, 9669573|5369, 9670020|5437, 9670354|5583, 9671933|5655, 9672127|5727, 9673017|5803, 9673069|5870, 9673173|5940, 9673315|6005, 9673419|10862, 9673499|10942, 9673579|11020, com.twitter.android, 
9673778|1654, 9674680|1794, 9677677|1975, 9679042|2161, 9679229|2384, 9679289|2888, 9679629|2975, 9679889|3051, 9680258|3135, 9681182|3206, 9681764|3277, 9683120|3358, 9683287|3637, 9683571|4201, 9683675|4368, 9683744|6038, 9683804|6127, 9684350|6239, 9685222|6332, 9685409|6416, 9685541|6513, 9685723|7469, 9685783|7539, 9686610|7604, 9688501|7672, 9689106|7742, 9689241|7809, 9689321|7882, 9689373|9398, 9689845|10919, 9689905|12208, 9690350|12297, 9691174|12911, 9691240|12998, 9691404|13091, 9691643|13287, 9691799|13365, com.airbnb.android, 
9691977|1332, 9692572|1509, 9692624|1634, 9693075|2337, 9693409|2513, 9694325|2800, 9694401|3168, 9694461|3334, 9694725|3481, 9695059|3926, 9695898|4538, 9695960|4716, 9697032|4870, 9700685|5046, 9700841|5284, 9701071|5424, 9701431|5534, 9705022|5676, 9705868|5838, 9709946|5985, 9710066|6084, 9719085|6453, 9727759|7307, 9728285|8015, 9728337|8147, 9737011|8388, 9737364|8530, 9737998|8650, 9738244|8775, 9738748|8910, 9747160|9268, 9748202|9403, 9749052|9530, 9750017|9656, 9751567|9795, 9752217|9961, 9753388|10430, 9754163|10567, 9755649|10681, 9756533|10797, 9757204|11059, 9758620|11187, 9758954|11327, 9759006|11446, 9760498|11549, 9760578|11732, 9762133|14071, 9762219|14148, 9762271|14218, org.mozilla.firefox, 
9762331|1594, 9762776|1723, 9763604|1896, 9763729|2053, 9764087|2155, 9764525|2248, 9765368|2356, 9765435|2608, 9765836|2757, 9767615|2874, 9768369|2995, 9768421|3144, 9768473|3267, 9768538|3371, 9768869|3521, 9769692|3630, 9773110|3768, 9773322|3892, 9773882|3981, 9773922|4091, 9774334|4579, 9774386|4837, 9774451|5749, 9774957|5876, 9775135|5988, 9776106|6094, 9776568|6246, 9777647|6366, 9778927|6450, 9778979|6542, 9779732|6632, 9779784|6738, 9780720|7127, 9782243|7246, 9783123|7361, 9783353|7475, 9785426|7593, 9785834|7673, 9785894|7780, 9787108|7977, 9787316|8063, 9787598|8156, 9788280|8310, 9788332|8537, 9789116|10839, 9789484|10907, 9789564|10973, de.mcdonalds.mcdonaldsinfoapp, 
9789684|2442, 9790320|2544, 9790795|2636, 9791105|2709, 9791516|2941, 9791769|3032, 9792126|3118, 9792922|3207, 9793116|3273, 9793265|3339, 9793401|3411, 9793453|3479, 9793557|3563, 9793781|10784, 9793901|10866, org.indywidualni.fblite, 
9793964|2193, 9794148|2283, 9794437|2373, 9795059|2478, 9795800|2578, 9796239|2656, 9797905|2752, 9798061|2825, 9798239|2904, 9798654|2977, 9798789|3054, 9798829|3123, 9798869|3189, 9799113|6228, 9800311|6345, 9800658|6530, 9800970|6628, 9801160|7490, 9802880|7558, 9806161|7623, 9806473|8020, 9807759|8118, 9807875|8671, 9808083|10841, 9808243|10910, 9808323|10976, com.paypal.android.p2pmobile, 
9808443|1584, 9810823|1675, 9811050|1832, 9811123|2071, 9811318|2165, 9812463|2303, 9813042|2414, 9814212|2649, 9815182|2767, 9815776|2971, 9815828|3110, 9816893|3192, 9817049|3377, 9817615|3465, 9817719|3557, 9818423|3672, 9819890|3782, 9819942|3956, 9820732|5121, 9820784|5312, 9824788|8645, 9824892|8749, 9825893|9082, 9825953|9286, 9826219|9380, 9826339|9466, 9827118|9566, 9827158|9789, 9827742|10759, 9827802|10872, 9828578|10989, 9829334|11470, 9829414|11542, 9829478|11879, 9829827|11971, 9829983|12060, 9830161|12240, 9830810|12310, 9830862|12483, de.prosiebensat1digital.prosieben, 
9831313|2095, 9831469|2210, 9831647|2328, 9832511|2447, 9832563|2636, 9832639|2786, 9832699|2911, 9832963|3110, 9833119|3509, 9833297|3602, 9833349|3840, 9834136|3940, 9834188|4304, 9834250|4407, 9834657|4579, 9837022|4672, 9838721|4805, 9842990|4916, 9846567|5040, 9848542|5136, 9849228|5226, 9849683|5343, 9850500|5437, 9850604|5515, 9850989|7109, 9851041|7191, 9851291|7924, 9851701|8107, 9851821|8328, 9852714|8419, 9853254|8509, 9853540|8589, 9854198|8686, 9854756|8883, 9854808|9055, 9855364|9154, 9856094|9239, 9856584|9319, 9857364|9400, 9858625|9518, 9860914|9644, 9861529|9727, 9861671|9799, 9861775|9879, 9862557|10060, 9862707|10129, 9862863|10223, 9863078|10478, 9863222|10711, 9863274|10834, 9864634|10928, 9864714|11148, org.mozilla.firefox, 
9864837|2566, 9865125|2794, 9865437|2959, 9865615|3037, 9866963|3259, 9867015|3505, 9867075|4248, 9867415|4325, 9867675|4434, 9869081|4506, 9869459|4578, 9870535|4684, 9870732|4764, 9871798|4888, 9872477|4963, 9876802|5046, 9876854|5112, 9876906|5210, 9878778|5312, 9881701|5429, 9881753|5522, 9884796|8003, 9884848|8154, 9885372|10945, 9885452|11017, de.zalando.mobile, 
9885576|1991, 9886260|2136, 9886854|2271, 9888219|2413, 9888323|2516, 9888491|3101, 9888782|9615, 9888938|10777, 9889098|10854, 9889158|12857, 9889446|13015, 9889758|13167, de.pilot.newyorker.android, 
9890100|1, 9890308|89, 9890486|242, 9890677|323, 9890833|413, 9891019|499, 9891369|580, 9891525|672, 9891703|849, 9891755|1090, 9892998|1190, 9893050|1306, 9893173|2299, 9893461|2529, 9893773|2672, 9893951|2749, 9895299|2898, 9895351|3199, 9895411|3749, 9895751|3834, 9896249|3927, 9897850|3993, 9898756|4073, 9898945|4181, 9899383|4272, 9900646|4375, 9905023|4456, 9905127|4605, 9907831|4895, 9909979|4983, 9913022|5366, 9913074|5507, 9913334|10798, 9913598|10870, 9913678|10951, 9913738|12228, 9913798|12297, 9914286|12367, 9914338|12439, 9914516|12588, 9916909|12661, 9917051|12752, 9917103|12816, 9918908|13186, 9919425|13255, 9919477|13327, de.zalando.mobile, 
9919537|2275, 9919597|2354, 9919797|2443, 9919901|2517, 9919953|2612, 9920005|2765, 9920312|2912, 9920714|2993, 9921036|3060, 9921296|3131, 9922492|3221, 9922544|3296, 9922596|3367, 9922648|3957, 9922700|4054, 9922758|5779, 9925513|5876, 9928538|5979, 9929730|6096, 9930705|6213, 9930765|6519, 9931616|6604, 9931668|6733, 9931786|7817, 9932496|7917, 9932660|8008, 9933499|8102, 9933551|8199, 9934819|10008, 9935495|10126, 9935577|10852, 9935637|10971, 9936473|11131, 9936773|11198, 9936877|11264, 9936917|11333, de.spiegel.android.app.spon, 
9937040|2269, 9937328|2451, 9937818|2683, 9937870|2842, 9939152|2921, 9939262|3107, 9939391|3188, 9940649|3287, 9940713|3801, 9941192|4341, 9942310|4466, 9943156|4609, 9946904|4673, 9947008|4779, 9947060|4845, 9947100|4935, 9949091|5250, 9949466|5352, 9952853|5449, 9953657|5529, 9953709|5603, 9953749|5852, 9953812|8252, 9954160|8369, 9954494|8465, 9955451|8538, 9955555|8851, 9955742|8950, 9955966|9037, 9956315|9118, 9956451|9199, 9956847|9287, 9957252|9366, 9957558|9449, 9957722|9536, 9957881|9632, 9957991|9718, 9958127|9814, 9958195|9914, 9958744|10042, 9958990|10139, 9959295|10233, 9959728|10342, 9959984|10444, 9960036|10564, 9960296|10995, 9960696|11078, org.zwanoo.android.speedtest, 
9960756|2181, 9961008|2269, 9961112|2350, 9961164|2600, 9961276|2678, 9961873|2774, 9962195|2845, 9962455|2927, 9963339|3000, 9963703|3089, 9963755|3162, 9963807|3491, 9963859|3678, 9966616|5415, 9968904|5530, 9968956|5637, 9969016|7356, 9969726|7539, 9970677|7640, 9970781|7742, 9970868|8572, 9970920|8721, 9970980|9145, 9972389|9446, 9974388|9591, 9974440|9744, 9975044|10363, 9975156|10482, 9976044|10628, 9978252|10752, 9978766|10846, 9979026|11281, 9979182|11360, 9979234|11428, de.spiegel.android.app.spon, 
9981628|1472, 9982536|1622, 9982806|1725, 9983942|1841, 9984129|2003, 9984189|2422, 9984529|2502, 9984789|2568, 9985217|2638, 9986664|2748, 9987916|2819, 9987968|2958, 9988187|3072, 9988459|3568, 9988511|4821, 9988926|5490, 9989364|5602, 9990297|5738, 9990377|5815, 9990619|6920, 9991446|7006, 9993377|7076, 9993973|7146, 9994108|7215, 9994188|7282, 9994240|9948, 9994528|10834, 9994740|10931, 9994864|11842, 9995309|11946, 9996133|12541, 9996199|12610, 9996363|12719, 9996870|12836, 9997109|12906, 9997265|12989, com.airbnb.android, 
9998216|399, 9998268|514, 9999823|1062, 9999909|1194, 9999961|1310, 10000156|2053, 10000568|2207, 10002041|2342, 10002957|2555, 10003165|2788, 10003301|2963, 10003565|3165, 10003617|3310, 10003773|3469, 10004015|3650, 10005411|3833, 10005463|4099, 10005693|4363, 10006040|4620, 10009158|4769, 10009745|4862, 10011910|4985, 10013915|5131, 10022923|5258, 10027743|5396, 10030660|5519, 10032070|5678, 10032816|5818, 10032920|5923, 10041049|6029, 10041594|6145, 10049723|7006, 10050268|7128, 10050705|7507, 10059025|7871, 10059275|8207, 10059924|8352, 10060350|8738, 10061103|8856, 10061711|8970, 10062421|9102, 10063031|9278, 10064141|9681, 10064930|9782, 10065050|9910, 10065972|10048, 10069321|10189, 10070540|10336, 10071628|10733, 10073068|11187, 10073148|11501, org.mozilla.firefox, 
10073268|2175, 10074001|2320, 10074179|2411, 10075293|2520, 10075716|2649, 10077604|2786, 10077831|2932, 10077871|3060, 10077995|5981, 10078689|6076, 10079313|6160, 10079795|6358, 10080107|6457, 10082017|7464, 10085298|7532, 10087036|8098, 10087152|8663, 10087600|10753, 10087680|10889, com.paypal.android.p2pmobile, 
10087744|1919, 10087804|2003, 10088249|2149, 10089207|2282, 10089554|2464, 10090044|2672, 10091054|2831, 10091106|3078, 10093924|4858, 10094135|4954, 10094983|5032, 10102844|5110, 10103679|5172, 10103731|5240, 10104043|5387, 10105161|5577, 10105213|5858, 10105421|10958, 10105661|11039, 10105741|11141, 10105865|11491, 10106310|11608, 10106488|12495, 10107138|12633, 10107190|12770, com.tripadvisor.tripadvisor, 
10107250|2365, 10107669|2479, 10108173|2608, 10108213|2719, 10108253|10764, com.isis_papyrus.raiffeisen_pay_eyewdg, 
10108316|3667, 10111721|3852, 10113706|4014, 10113772|4341, 10114453|4448, 10114798|4540, 10114850|4627, 10114912|5930, 10114972|6023, 10115938|6175, 10116125|6384, 10118338|7673, 10118424|7743, 10118476|7882, 10118596|8027, 10119217|8099, 10119518|8169, 10119956|8257, 10120248|8324, 10120412|10109, 10120828|11013, 10120880|11114, 10120932|12312, 10120984|12388, org.chromium.chrome, 
10121048|1818, 10121108|1916, 10121731|2029, 10122381|2130, 10122493|2236, 10122791|2309, 10123229|2411, 10124020|2494, 10124072|2572, 10124199|2934, 10124800|3034, 10128091|3127, 10129560|3228, 10129664|3315, 10130136|3390, 10130188|3557, 10130313|3669, 10130584|3760, 10131467|3888, 10132078|4005, 10132244|4102, 10132678|4190, 10133090|4786, 10133142|5042, 10133267|6083, 10133765|6172, 10133943|6274, 10134966|6358, 10135031|6569, 10135748|6687, 10136342|6798, 10137800|6897, 10138657|7012, 10138718|7496, 10139064|7645, 10139272|7754, 10139450|7858, 10141095|7988, 10142966|8100, 10143070|8227, 10143377|8349, 10144284|8434, 10144722|8502, 10145456|8638, 10145508|8851, 10146068|10842, 10146660|10907, 10146740|10978, de.mcdonalds.mcdonaldsinfoapp, 
10146939|1666, 10147620|1739, 10150103|1855, 10150155|1962, 10150303|2100, 10151360|2227, 10152769|2402, 10153348|2639, 10154258|2737, 10154518|2844, 10154852|2956, 10155969|3070, 10156594|3559, 10157340|3659, 10158148|3856, 10159667|3956, 10160457|5108, 10160509|5287, 10164514|8389, 10164618|8672, 10164743|9037, 10165009|9124, 10165295|9206, 10165908|9288, 10166552|10585, 10167276|10704, 10167380|10817, 10168268|11047, 10168348|11138, 10168408|11448, 10168853|11536, 10169031|11863, 10169680|11953, 10169732|12133, de.prosiebensat1digital.prosieben, 
10169792|2109, 10170204|2199, 10170538|2286, 10171255|2367, 10172006|2519, 10172086|2583, 10172377|2652, 10174005|2728, 10174316|2794, 10174368|2861, 10174543|2943, 10174583|3013, 10174703|5748, 10175797|5874, 10175961|5968, 10176560|6070, 10178470|7093, 10181699|7156, 10183257|7612, 10183309|7852, 10183548|9956, 10183996|10794, 10184076|10878, com.paypal.android.p2pmobile, 
10184137|3046, 10184309|3134, 10186365|3222, 10186915|3302, 10186967|3758, 10187767|10026, 10187819|10161, 10187923|10956, 10188083|11030, 10188143|11859, 10188203|12003, 10188691|12075, 10188743|12147, 10188921|12361, 10188973|12430, 10189216|12505, 10191505|12578, 10191557|12646, 10191609|12787, 10193418|13024, 10193470|13103, 10193522|13308, com.instagram.android, 
10193582|2017, 10193975|2109, 10194205|2217, 10194855|2320, 10194907|2416, 10195151|2528, 10195432|2617, 10195876|2707, 10196054|2778, 10197116|2857, 10198452|3013, 10198504|3249, 10198639|3606, 10198691|3679, 10200974|4097, 10201060|4185, 10201112|4290, 10201230|4386, 10201568|4476, 10202180|4567, 10204888|4637, 10205306|4711, 10206190|4785, 10206249|4985, 10206569|5087, 10206689|5209, 10208122|5406, 10208454|5517, 10209760|5649, 10210069|5737, 10210370|5815, 10211054|5888, 10211106|6081, 10211422|10956, 10211474|11023, 10211554|11096, com.moshbit.studo, 
10214076|1726, 10214343|1913, 10214468|2091, 10214758|2155, 10215092|2229, 10216210|2292, 10216262|2590, 10217490|8448, 10218266|8520, 10219440|8611, 10219804|8769, 10219856|8961, 10221183|9050, 10221235|9251, 10222387|9434, 10222503|9896, 10222647|10863, 10222767|10925, com.tripadvisor.tripadvisor, 
10222831|1680, 10222891|1753, 10223336|1862, 10224164|1992, 10224399|2126, 10224680|2224, 10225124|2298, 10225302|2368, 10226134|2446, 10226364|2520, 10227700|2695, 10227752|2957, 10227887|3186, 10227939|3342, 10230222|3781, 10230308|3876, 10230420|3969, 10230914|4062, 10231370|4151, 10233941|4219, 10234456|4284, 10234664|4369, 10234783|4570, 10235163|4716, 10235694|4836, 10237100|4969, 10237797|5085, 10237849|5199, 10238481|5288, 10238533|5363, 10238729|10826, 10238901|10907, 10238981|11006, com.moshbit.studo, 
10240169|2193, 10242368|2306, 10244807|2435, 10248952|2640, 10251587|2823, 10251980|2903, 10252216|3007, 10252335|3173, 10252595|3249, 10253301|7903, 10253509|8040, 10254423|8105, 10255129|8173, 10255939|8236, 10256749|8304, 10257612|8370, 10258423|8454, 10259234|8516, 10260045|8582, 10260149|8650, 10260960|8724, 10261012|8803, 10261508|10824, 10262228|10909, 10262332|13609, com.fsck.k9, 
10262436|1551, 10262496|2031, 10263004|2167, 10263346|2248, 10263775|2323, 10264258|2395, 10264629|2463, 10265275|2534, 10265764|2599, 10267194|2728, 10268437|3190, 10268489|3263, 10268609|5656, 10269183|5739, 10269807|5842, 10269867|5945, 10270154|6050, 10270466|6132, 10272376|7085, 10275657|7208, 10276995|7491, 10277255|7569, 10277487|8033, 10277695|10852, 10277935|10925, 10278015|10990, 10278376|12827, com.paypal.android.p2pmobile, 
10278892|1987, 10280058|2075, 10282788|2208, 10284321|2324, 10286946|2446, 10288391|2571, 10289076|2658, 10289611|2744, 10290409|2837, 10290933|2921, 10291623|3022, 10292024|3106, 10292128|3206, 10292834|6458, 10293042|6524, 10293800|6596, 10294610|6665, 10295420|6743, 10296178|6814, 10296988|6883, 10297799|6954, 10298610|7028, 10299421|7126, 10300232|7195, 10300336|7271, 10300426|10667, 10300478|10778, 10301054|10895, 10301694|10979, com.fsck.k9, 
10301758|1749, 10302263|1961, 10303152|2121, 10303324|2249, 10304049|2358, 10304227|2453, 10305111|2544, 10305289|2628, 10306625|2778, 10306677|3055, 10306812|3281, 10306864|3434, 10309233|3810, 10309285|3924, 10309403|4020, 10309741|4119, 10310353|4196, 10312924|4283, 10313491|4348, 10313699|4447, 10314019|4649, 10314139|4828, 10315023|4921, 10315684|5085, 10316993|5219, 10317625|5301, 10317677|5403, 10318086|10493, 10318126|10647, 10318322|10770, 10318494|10839, 10318574|10909, com.moshbit.studo, 
10318634|1994, 10319035|2120, 10319605|2204, 10319982|2286, 10320569|2357, 10320940|2457, 10321452|2564, 10323059|2633, 10323194|2700, 10323234|2761, 10323274|2829, 10323326|2902, 10323461|3715, 10323581|5661, 10324571|5748, 10324779|5847, 10324839|5948, 10325334|6038, 10325438|6130, 10327348|7106, 10330577|7172, 10332095|7695, 10332199|7778, 10332251|7995, 10332459|10695, 10332699|10768, 10332779|10904, com.paypal.android.p2pmobile, 
10332905|1931, 10334331|2033, 10337437|2152, 10338733|2263, 10341146|2409, 10344034|2506, 10345635|2603, 10346295|2682, 10346595|2750, 10347301|6485, 10348215|6548, 10348267|6614, 10349025|6677, 10349835|6746, 10350645|6816, 10350697|6882, 10351560|6952, 10352371|7026, 10353182|7104, 10353993|7168, 10354752|7232, 10354856|7303, 10356072|10812, com.fsck.k9, 
10356135|3074, 10359540|3209, 10361421|3378, 10361681|3460, 10361807|3559, 10362636|3695, 10362947|3813, 10363568|3885, 10363913|3963, 10363965|4046, 10364025|7516, 10364706|7592, 10364758|7662, 10365445|7752, 10365737|7832, 10365915|9630, 10366331|10799, 10366383|10901, org.chromium.chrome, 
10366443|1956, 10366795|2047, 10367189|2123, 10367854|2264, 10368049|2336, 10368692|2401, 10369066|2470, 10369244|2536, 10370798|2599, 10370933|2669, 10370985|2815, 10371109|5604, 10371803|5716, 10372487|5808, 10372982|5922, 10373086|6021, 10374996|6972, 10378225|7033, 10379615|7395, 10379783|7652, 10379835|7731, 10380043|10785, 10380283|10852, 10380363|10989, 10380467|13730, com.paypal.android.p2pmobile, 
10380531|1656, 10380880|1744, 10381214|1825, 10381864|1934, 10381916|2027, 10382049|2104, 10382607|2178, 10383576|2253, 10383628|2352, 10383695|2676, 10384096|2769, 10387469|2864, 10388938|2957, 10389588|3056, 10389640|3145, 10389692|3361, 10390148|3489, 10391041|3577, 10391582|3679, 10391800|3766, 10392234|3874, 10392646|4495, 10392698|4716, 10392763|5518, 10393113|5690, 10393321|5772, 10393499|5848, 10394530|5952, 10395499|6058, 10397291|6187, 10398096|6305, 10398268|6436, 10399054|6549, 10399210|6739, 10402947|6891, 10403572|7021, 10403624|7152, 10405336|7250, 10405523|7320, 10405892|7416, 10406386|7522, 10406871|7622, 10408787|7745, 10408931|7835, 10409613|7926, 10409665|8147, 10410237|10884, 10410813|10954, 10410893|11040, 10411693|12044, 10411745|12125, de.mcdonalds.mcdonaldsinfoapp, 
10411880|2174, 10412015|4752, 10412150|4909, 10412275|5732, 10412395|5795, 10412683|5863, 10413130|5941, 10414804|6152, 10415094|6220, 10415236|6283, 10415288|6354, 10416284|6429, 10416426|6574, 10416530|10843, 10416610|10919, 10416690|11056, com.twitter.android, 
10417706|2211, 10418559|2367, 10419665|2516, 10419833|3066, 10420097|10861, 10420160|13137, 10420220|13206, 10420508|13359, 10420820|13513, de.pilot.newyorker.android, 
10420880|170, 10421162|264, 10421370|337, 10421548|476, 10421739|554, 10422081|625, 10422349|784, 10422401|925, 10423642|997, 10423902|1065, 10424058|1145, 10424118|1710, 10424407|1791, 10424563|1913, 10425391|2046, 10425563|2183, 10426288|2289, 10426844|2401, 10427528|2514, 10428865|2667, 10428917|3112, 10429052|3192, 10429168|3268, 10431451|3787, 10431537|3866, 10431589|3972, 10431649|4060, 10432143|4155, 10432599|4221, 10433305|4291, 10435520|4364, 10436089|4439, 10436245|4505, 10436305|4702, 10436685|4774, 10437194|4918, 10437514|4998, 10437554|5076, 10438186|5152, 10438373|5223, 10438425|5313, 10438485|5849, 10439394|5971, 10441169|6121, 10442129|6221, 10442227|6289, 10442362|6795, 10442414|6947, 10442594|9174, 10442790|10836, 10442962|10909, 10443042|11051, com.moshbit.studo, 
10443102|2311, 10443361|2404, 10443687|2500, 10444025|2600, 10444065|2687, 10444105|10807, com.isis_papyrus.raiffeisen_pay_eyewdg, 
10444277|1927, 10445205|2073, 10446412|2211, 10446852|2331, 10446956|2707, 10447020|2795, 10447228|10742, 10447468|10817, 10447548|10885, 10447671|13002, 10447959|13239, 10448271|13430, 10448331|13909, 10448613|13977, de.pilot.newyorker.android, 
10448821|1, 10448999|101, 10449208|213, 10449489|322, 10450395|426, 10450447|533, 10451690|640, 10451742|836, 10451803|2511, 10451923|2608, 10452547|2698, 10454581|2779, 10454633|2851, 10454737|2994, 10454841|10959, 10455001|11028, com.instagram.android, 
10455064|2367, 10455124|2442, 10455412|2597, 10455724|2912, 10455902|2996, 10457293|3181, 10458578|3264, 10458802|3346, 10458854|3424, 10459207|3506, 10459467|3586, 10459645|3654, 10459941|3717, 10459993|3943, 10460120|4315, 10460240|4391, 10460817|4462, 10461485|4585, 10464937|4657, 10465041|4849, 10466954|5144, 10468824|5246, 10471598|5337, 10471650|5496, 10471713|8071, 10472061|8154, 10472217|8238, 10472395|8316, 10473352|8409, 10473508|8683, 10473703|8790, 10473867|8863, 10474352|8951, 10474748|9040, 10475153|9135, 10475399|9212, 10475459|9291, 10475782|9372, 10475892|9452, 10475960|9553, 10476028|9637, 10476210|9734, 10476645|9824, 10476959|9918, 10477196|10006, 10477519|10091, 10477765|10182, 10477937|10300, 10478197|11528, 10478597|11611, 10478732|12407, 10478867|12479, org.zwanoo.android.speedtest, 
10479002|1314, 10479066|1575, 10479747|1647, 10481242|1726, 10482230|1870, 10483487|2029, 10483873|2170, 10485384|2438, 10486125|2538, 10486414|2630, 10486622|2762, 10487616|2862, 10488795|3047, 10488899|3246, 10490862|3341, 10490966|3538, 10491070|3630, 10491860|4826, 10491912|5120, 10492050|7654, 10493096|7736, 10496799|7820, 10497554|7906, 10497658|8032, 10497780|8401, 10498046|8479, 10498332|8578, 10498945|8656, 10500261|9810, 10500365|9987, 10500405|10355, 10501166|10984, 10505525|11085, 10505733|11231, 10506633|11336, 10506673|11411, 10506753|11473, de.prosiebensat1digital.prosieben, 
10506836|2013, 10507360|2153, 10507866|2280, 10508610|2413, 10508686|2828, 10508746|2962, 10509010|3401, 10509166|3616, 10509344|3723, 10509396|3950, 10510183|4074, 10510235|4340, 10511368|4520, 10511967|4636, 10515185|4742, 10517801|4834, 10519552|4946, 10520324|5068, 10524117|5168, 10525708|5257, 10528173|5360, 10528995|5448, 10529225|5548, 10529588|5655, 10529628|5751, 10530144|7202, 10530196|7284, 10530446|8003, 10530752|8203, 10531449|8517, 10531931|8623, 10532591|8707, 10533250|8787, 10533290|8891, 10533808|9002, 10533860|9156, 10534416|9280, 10535241|9425, 10536313|9538, 10537269|9648, 10537321|9752, 10539658|9858, 10540475|9950, 10540773|10042, 10541554|10203, 10541860|10276, 10542004|10786, 10542760|11013, 10543444|11086, 10543524|11240, org.mozilla.firefox, 
10543645|2504, 10544329|2585, 10546363|2688, 10546479|3204, 10546531|3848, 10546583|8977, 10546767|10812, 10546847|10879, com.instagram.android, 
10546907|2102, 10547326|2301, 10547492|2396, 10547830|2488, 10547870|2560, 10547910|10766, com.isis_papyrus.raiffeisen_pay_eyewdg, 
10547974|1661, 10548086|1743, 10548479|1836, 10549307|2045, 10549359|2134, 10552263|4419, 10552388|4495, 10552730|4563, 10553064|4646, 10554182|4713, 10554234|5009, 10555402|10597, 10555467|10696, 10555735|10821, 10556187|10891, com.tripadvisor.tripadvisor, 
10556419|1960, 10558183|2088, 10559477|2240, 10561323|2354, 10562311|2453, 10563877|2562, 10565543|2658, 10567196|2798, 10568947|2906, 10569655|3013, 10569863|3180, 10569978|3469, 10570134|3635, 10570396|6956, 10570448|7164, 10570566|7241, 10570734|7758, 10571440|8124, 10572354|8244, 10573217|8389, 10574787|8501, 10575650|8615, 10577220|8696, 10578031|8770, 10578836|8845, 10578940|8970, 10580156|11040, com.fsck.k9, 
10580216|2100, 10580475|2181, 10580635|2283, 10581139|2387, 10581179|2464, 10581219|10809, com.isis_papyrus.raiffeisen_pay_eyewdg, 
10581280|2667, 10581712|2783, 10583954|2864, 10584058|2948, 10584110|3380, 10584294|10944, 10584374|11011, com.instagram.android, 
10584438|1615, 10584498|1682, 10584787|1793, 10585121|1907, 10585771|1992, 10585823|2156, 10589141|4281, 10589349|4343, 10590645|4425, 10590697|4724, 10591865|10349, 10591977|10469, 10592701|10567, 10594187|10681, 10594343|10814, 10594623|10881, com.tripadvisor.tripadvisor, 
10594749|1923, 10598229|2075, 10600315|2224, 10603545|2373, 10606014|2476, 10607527|2581, 10608331|2657, 10608411|2743, 10609117|6361, 10609273|6424, 10610031|6492, 10610841|6562, 10611651|6625, 10611703|6707, 10612513|6778, 10613324|6848, 10614083|6912, 10614946|6980, 10615809|7073, 10615861|7132, 10616672|7199, 10616724|7286, 10616814|10654, 10616979|10774, 10617135|10869, 10618351|10992, com.fsck.k9, 
10618411|1676, 10618856|1774, 10619684|1992, 10619736|2228, 10622554|4240, 10622705|4336, 10623055|4405, 10623263|4474, 10624559|4543, 10624623|5010, 10624926|9792, 10626154|10595, 10626930|10696, 10628572|10830, 10628732|10906, 10628852|11056, com.tripadvisor.tripadvisor, 
10629171|2144, 10629331|2248, 10629835|2346, 10629875|2430, 10629915|10787, com.isis_papyrus.raiffeisen_pay_eyewdg, 
10629979|1671, 10630328|1765, 10630484|1895, 10631312|2015, 10631364|2196, 10634234|4190, 10634385|4311, 10634787|4380, 10634943|4456, 10636239|4522, 10636291|4822, 10637459|10450, 10638295|10554, 10639469|10627, 10639781|10703, 10639937|10828, 10640217|10892, com.tripadvisor.tripadvisor, 
10640342|5146, 10640462|5210, 10640514|5277, 10640750|5344, 10641197|5431, 10641531|5533, 10643110|5598, 10643304|5659, 10644198|5733, 10644354|5805, 10644444|5877, 10644496|5950, 10644600|10811, 10644680|10881, 10644760|10955, com.twitter.android, 
10644824|1679, 10645173|1799, 10645329|1905, 10645507|2014, 10646157|2112, 10646209|2263, 10649027|4273, 10649238|4361, 10649580|4427, 10649914|4512, 10651032|4576, 10651084|4790, 10652252|10511, 10652933|10631, 10653324|10753, 10653764|10815, com.tripadvisor.tripadvisor, 
10653824|1570, 10654113|1653, 10654333|1767, 10655161|1866, 10655213|1979, 10658031|4229, 10658182|4330, 10658242|4392, 10658740|4455, 10658918|4519, 10660036|4574, 10660088|4810, 10661256|10004, 10661937|10100, 10662092|10183, 10663578|10252, 10663814|10520, 10663894|10573, com.tripadvisor.tripadvisor, 
10664014|4250, 10664302|4371, 10664749|4434, 10664927|4551, 10666423|4607, 10666714|4661, 10666804|4712, 10667746|4829, 10667798|4884, 10667940|5002, 10668075|8180, 10668179|10272, 10668259|10334, 10668339|10447, com.twitter.android, 
10668459|4295, 10668747|4406, 10669194|4464, 10669372|4582, 10671046|4659, 10671210|4712, 10672191|4818, 10672347|4882, 10672489|4967, 10672593|10303, 10672673|10427, 10672713|10488, 10672753|10546, 10672857|12130, com.twitter.android, 
10672977|4288, 10673265|4395, 10673712|4450, 10673890|4579, 10675386|4632, 10675729|4690, 10676711|4800, 10676867|4866, 10677009|4989, 10677099|5455, 10677151|6767, 10677255|10253, 10677335|10313, 10677415|10391, com.twitter.android, 
