||class android.net.TrafficStats:public static long android.net.TrafficStats.getMobileTxPackets()
44000|1, 44009|150, 44011|547, 44014|758, 44021|853, 44024|987, 44025|1462, 44027|1552, 44037|1737, 44052|1823, 44076|1946, 44105|2046, 44142|2137, 44166|2237, 44170|2313, 44178|2414, 44179|2483, 44180|3384, 44182|3540, 44188|3627, 44191|3697, 44193|4565, 44204|4668, 44211|4770, 44214|4879, 44215|5002, 44216|5154, 44219|5263, 44221|5388, 44230|5492, 44245|5603, 44257|5693, 44260|5770, 44266|5843, 44271|5924, 44277|5977, 44278|6937, 44279|7002, 44299|7618, 44309|7696, 44311|7877, 44313|9373, 44314|9425, 44315|9538, org.mozilla.firefox, 
44322|1184, 44329|1281, 44330|1358, 44332|1524, 44334|1662, 44335|1937, 44338|1993, 44342|2044, 44344|2101, 44345|2158, 44347|2208, 44349|2254, 44351|2312, 44357|2364, 44359|2419, 44360|2611, 44361|2779, 44364|2831, 44365|4928, 44367|4989, 44368|5047, 44374|5126, 44376|5251, 44380|5307, 44382|5360, 44384|5736, 44385|5789, 44389|5838, 44401|5942, 44402|5995, 44404|6050, 44406|6162, 44417|10056, 44418|11082, 44421|11242, 44424|11311, 44425|11742, 44426|11824, 44428|11886, 44433|11953, 44434|12035, com.airbnb.android, 
44435|878, 44437|1070, 44438|1179, 44441|1387, 44445|1498, 44446|1587, 44447|1663, 44448|2036, 44462|2202, 44469|2297, 44491|2419, 44497|2615, 44499|2733, 44502|2830, 44512|2940, 44515|3125, 44516|3192, 44517|3282, 44519|3376, 44529|3488, 44536|3653, 44537|3736, 44544|4331, 44545|4401, 44552|4906, 44553|4984, 44554|5070, 44555|5236, 44562|5656, 44566|5986, 44569|6844, 44574|6974, 44582|7094, 44585|7193, 44587|8060, 44591|8155, 44592|8255, 44594|8349, 44595|8483, 44596|8831, 44600|8960, 44608|9078, 44611|9212, 44612|10137, 44617|10254, 44633|10400, 44635|10470, 44636|12124, 44637|12245, 44640|12377, 44641|12495, de.prosiebensat1digital.prosieben, 
44642|810, 44643|877, 44644|1031, 44645|1118, 44646|2846, 44661|2983, 44691|3143, 44692|3398, 44694|3483, 44700|3571, 44701|3713, 44702|4748, 44703|4819, 44710|4938, 44711|5088, 44712|7324, 44713|7384, 44715|7432, 44717|7491, 44719|7544, 44721|7592, 44727|7639, 44730|9440, 44738|9997, 44740|10067, 44741|10124, org.chromium.chrome, 
44742|1496, 44743|1556, 44747|1621, 44749|1703, 44754|1905, 44756|1977, 44761|2031, 44762|2090, 44763|2150, 44773|2223, 44775|2411, 44776|2586, 44777|2649, 44778|2744, 44780|2823, 44782|2935, 44790|3014, 44792|3123, 44795|3184, 44801|3259, 44807|3339, 44813|3421, 44815|3475, 44819|3539, 44826|3614, 44829|3665, 44834|3721, 44839|3808, 44840|3868, 44842|3921, 44846|3999, 44847|4063, 44855|4121, 44857|4191, 44859|4307, 44861|4358, 44864|4420, 44867|4477, 44869|4531, 44870|4654, 44871|4723, 44875|4823, 44880|4948, 44889|5050, 44892|5127, 44894|5201, 44896|5671, 44897|5774, 44903|10087, 44908|10137, 44912|10247, com.moshbit.studo, 
44913|1649, 44932|1739, 44964|1838, 44993|1967, 45025|2126, 45045|2234, 45053|2320, 45058|2419, 45059|2492, 45064|2599, 45065|3042, 45068|3115, 45069|5848, 45071|6049, 45074|6592, 45076|6902, 45080|6996, 45085|7122, 45089|7208, 45091|7280, 45093|7338, 45096|7398, 45099|7458, 45102|7523, 45107|7588, 45117|10120, 45135|10183, com.fsck.k9, 
45136|2279, 45141|2409, 45158|2482, 45163|2544, 45164|2594, 45166|2705, 45169|10207, 45175|10305, com.instagram.android, 
45176|1491, 45177|1579, 45179|1786, 45180|1922, 45187|1986, 45190|2054, 45194|2116, 45198|2211, 45203|2291, 45221|2404, 45231|2526, 45237|2652, 45242|2757, 45244|2911, 45253|3086, 45255|3322, 45256|3833, 45261|10049, 45267|10109, 45271|10211, 45272|11970, 45273|12120, 45275|12361, 45281|12476, 45282|12800, 45284|12871, de.pilot.newyorker.android, 
45288|1, 45289|118, 45293|229, 45294|287, 45305|337, 45309|399, 45310|641, 45311|1764, 45314|1936, 45317|2061, 45318|2257, 45325|2344, 45329|2427, 45334|2485, 45351|2549, 45357|2614, 45359|3451, 45361|3515, 45362|4452, 45365|4529, 45371|4598, 45401|4667, 45412|4766, 45413|4849, 45415|4953, 45418|5042, 45436|5118, 45437|5182, 45439|5244, 45441|5310, 45442|5389, 45445|5463, 45446|5542, 45448|5997, 45453|6076, 45454|6267, 45455|6339, 45458|6420, 45459|6696, 45470|6779, 45471|7321, 45472|7398, 45473|7910, 45474|7986, 45477|8083, 45478|8270, 45488|8337, 45515|8431, 45562|8503, 45572|8594, 45573|9056, 45578|9145, 45605|9266, 45617|9357, 45618|9440, 45623|9540, 45634|9640, 45638|9749, 45639|9862, 45644|9981, 45655|10080, 45669|10179, 45693|10319, 45708|10377, 45721|10429, 45722|10479, 45723|10534, de.spiegel.android.app.spon, 
45725|1769, 45731|1864, 45732|1951, 45734|2019, 45735|2095, 45736|10008, com.isis_papyrus.raiffeisen_pay_eyewdg, 
45737|1479, 45738|1577, 45742|1684, 45744|1775, 45746|1864, 45748|1932, 45749|1984, 45750|2041, 45751|2106, 45752|2163, 45753|2230, 45755|2316, 45761|2403, 45763|2482, 45766|2577, 45767|2671, 45768|2768, 45769|2909, 45770|2973, 45771|3038, 45772|3138, 45773|4172, 45774|4332, 45776|10122, 45778|10173, com.duckduckgo.mobile.android, 
45779|1584, 45781|1663, 45783|1739, 45784|1806, 45785|1968, 45789|2108, 45794|2167, 45796|2234, 45801|2298, 45824|2371, 45826|3115, 45828|3235, 45831|4084, 45837|4151, 45873|4231, 45879|4318, 45880|5693, 45882|5836, 45885|5910, 45887|5978, 45889|6052, 45890|6288, 45892|6359, 45911|6448, 45912|6819, 45917|6894, 45923|6974, 45924|7067, 45927|7452, 45938|7528, 45966|7616, 45972|7702, 45974|7768, 45975|7842, 45976|7916, 45983|7986, 45985|8080, 45988|8162, 45990|8326, 45993|8403, 46003|8489, 46018|8586, 46050|8671, 46051|8749, 46052|8898, 46054|8977, 46076|9062, 46077|9171, 46079|9256, 46080|9340, 46083|9546, 46087|9642, 46106|9749, 46117|9861, 46122|9944, 46127|10052, 46130|10270, 46133|10383, 46143|10441, 46150|10491, 46151|10597, de.spiegel.android.app.spon, 
46153|1673, 46154|1749, 46157|1812, 46159|1877, 46168|1940, 46170|2013, 46171|2073, 46177|2190, 46178|2240, 46181|2295, 46187|2365, 46188|2414, 46189|2465, 46191|2524, 46194|2585, 46195|2641, 46202|2775, 46204|2970, 46205|3433, 46206|4752, 46212|4828, 46224|4912, 46225|5005, 46231|5073, 46233|5140, 46234|5443, 46235|5514, 46237|5593, 46240|5675, 46241|5736, 46243|5804, 46247|5864, 46251|5915, 46253|6235, 46258|6297, 46260|6456, 46261|6553, 46263|6902, 46264|9103, 46269|10215, 46275|10265, 46279|10371, com.paypal.android.p2pmobile, 
46280|53, 46281|104, 46282|1121, 46284|1496, 46294|1646, 46300|1765, 46306|1841, 46309|1910, 46312|2444, 46316|10099, 46322|10158, 46323|12125, 46324|12286, 46326|12509, 46332|12619, 46333|12855, de.pilot.newyorker.android, 
46335|1, 46339|59, 46340|167, 46341|225, 46344|295, 46346|355, 46348|462, 46359|517, 46362|596, 46363|718, 46367|2036, 46372|2155, 46377|2249, 46381|2348, 46384|2442, 46387|2529, 46390|2601, 46396|2681, 46399|2746, 46401|2798, 46402|2854, 46405|2968, 46407|10005, 46413|10065, org.indywidualni.fblite, 
46414|1412, 46415|1476, 46420|1549, 46422|1649, 46423|1737, 46425|1804, 46431|1874, 46433|1940, 46434|1997, 46435|2070, 46436|2225, 46439|2300, 46447|2371, 46452|2449, 46460|2535, 46461|2602, 46462|2668, 46464|2819, 46468|2904, 46471|2972, 46475|3053, 46476|3122, 46479|3196, 46486|3263, 46489|3333, 46490|3748, 46495|3831, 46501|3911, 46507|4007, 46513|4100, 46514|4718, 46517|4776, 46529|4867, 46532|4985, 46534|5073, 46545|5169, 46550|5266, 46553|5339, 46559|5446, 46563|5514, 46564|5584, 46567|5723, 46568|5797, 46569|5868, 46573|6178, 46577|6259, 46584|6376, 46586|6459, 46588|6545, 46590|6621, 46596|6676, 46599|6781, 46606|6866, 46608|6935, 46611|7012, 46612|7067, 46617|7130, 46621|7183, 46627|7234, 46628|7290, 46629|7512, 46641|10300, 46644|10351, 46652|10399, 46654|10453, 46656|10504, de.mcdonalds.mcdonaldsinfoapp, 
46657|1308, 46658|1381, 46659|2230, 46661|2319, 46667|2420, 46673|2517, 46679|2644, 46680|2722, 46684|2824, 46688|2899, 46693|3010, 46701|3086, 46708|3172, 46713|3251, 46720|3383, 46723|3688, 46727|3762, 46728|3832, 46730|3910, 46732|3977, 46734|4038, 46735|5117, 46736|5184, 46740|5259, 46741|5379, 46746|5447, 46757|5502, 46758|5560, 46759|6051, 46761|6099, 46763|6150, 46771|6207, 46772|6259, 46778|6314, 46784|6373, 46785|6472, 46786|6525, 46792|10084, 46803|10148, com.waze, 
46806|289, 46807|1942, 46809|2009, 46820|2116, 46826|2196, 46828|2896, 46830|3637, 46836|10172, com.instagram.android, 
46837|1849, 46838|1910, 46840|2088, 46846|2333, 46849|2438, 46850|2508, 46855|2569, 46859|2625, 46864|2683, 46866|2741, 46868|2807, 46870|2864, 46872|2977, 46873|3037, 46879|3198, 46886|3336, 46891|3407, 46898|3464, 46903|3543, 46905|3627, 46906|3692, 46909|3963, 46912|4032, 46917|4109, 46918|4166, 46919|4226, 46922|4290, 46924|4422, 46925|6953, 46926|7063, 46931|7148, 46932|7209, 46933|7278, 46936|7766, 46938|7839, 46940|7910, 46944|7971, 46947|8033, 46951|8097, 46954|8157, 46962|8235, 46965|8309, 46969|8391, 46974|8486, 46977|8548, 46979|8669, 46980|8727, 46981|8789, 46982|8853, 46984|8917, 46992|8987, 46996|9053, 46998|9128, 47001|9189, 47009|9255, 47011|9322, 47015|9400, 47020|10145, 47022|10203, 47028|10266, 47030|10323, org.zwanoo.android.speedtest, 
47034|1445, 47047|1566, 47049|1672, 47055|1771, 47060|1867, 47062|2134, 47066|10024, 47072|10158, 47073|12286, 47075|12518, 47081|12690, de.pilot.newyorker.android, 
47082|1, 47084|122, 47085|173, 47088|230, 47089|401, 47091|463, 47094|519, 47107|642, 47109|702, 47110|891, 47111|1995, 47112|2055, 47117|2147, 47120|2211, 47128|2329, 47130|2444, 47134|2545, 47138|2652, 47142|2728, 47152|2827, 47163|2898, 47166|2972, 47167|3035, 47168|3326, 47169|3436, 47170|3512, 47171|4275, 47198|4328, 47204|4389, 47212|4777, 47213|4833, 47223|4898, 47224|5017, 47225|5123, 47226|9068, 47227|9172, 47230|9230, 47233|9287, 47234|9339, 47237|9395, 47238|9517, 47243|9874, 47252|10011, 47261|10074, 47262|10125, com.waze, 
47263|940, 47264|1711, 47265|2196, 47266|2262, 47269|2325, 47272|2388, 47275|2445, 47279|2526, 47281|2578, 47282|2817, 47284|2955, 47288|3040, 47294|3126, 47296|3206, 47302|3264, 47304|3432, 47307|3516, 47310|3585, 47315|3647, 47317|3708, 47318|3778, 47319|5098, 47320|6516, 47321|6586, 47323|6647, 47326|6715, 47327|6774, 47328|6837, 47331|7118, 47332|7189, 47338|7247, 47341|7332, 47342|7395, 47345|7464, 47352|7529, 47355|7591, 47357|7654, 47360|7714, 47363|7769, 47366|7829, 47368|7889, 47369|8011, 47370|8079, 47371|8144, 47379|8210, 47384|8285, 47388|8346, 47396|8405, 47399|8461, 47401|8528, 47403|9901, 47407|10072, 47412|10359, 47420|10413, 47422|10470, org.zwanoo.android.speedtest, 
47423|1700, 47424|1781, 47426|1975, 47433|2301, 47437|2374, 47442|2445, 47446|2507, 47450|2567, 47451|2676, 47452|2746, 47453|2862, 47455|3066, 47460|3158, 47467|3242, 47474|3319, 47476|3389, 47477|3448, 47481|3566, 47489|3736, 47490|3792, 47491|3850, 47492|3907, 47493|6562, 47495|6625, 47498|6686, 47499|6757, 47500|6812, 47505|7205, 47506|7269, 47509|7325, 47516|7390, 47518|7457, 47525|7522, 47530|7589, 47533|7652, 47536|7719, 47539|7786, 47542|7852, 47544|7918, 47545|7982, 47546|8044, 47547|8112, 47548|8174, 47556|8248, 47559|8316, 47562|8373, 47567|8433, 47573|8495, 47575|8558, 47577|8651, 47582|10093, 47585|10182, 47592|10372, 47600|10429, org.zwanoo.android.speedtest, 
47601|1243, 47606|1435, 47609|1534, 47611|1600, 47617|1671, 47619|1724, 47620|1848, 47622|2032, 47624|2100, 47637|2198, 47648|2277, 47655|2351, 47657|2430, 47658|2500, 47660|2589, 47663|2683, 47667|2763, 47668|2845, 47669|2927, 47670|3481, 47671|3740, 47672|4387, 47675|4575, 47678|4643, 47680|4724, 47684|4830, 47697|4923, 47699|5007, 47703|5103, 47710|5194, 47712|5273, 47717|5388, 47723|5507, 47725|5766, 47729|5840, 47740|5915, 47742|5994, 47745|6076, 47746|6130, 47754|6186, 47757|6346, 47760|6416, 47762|6612, 47765|6776, 47767|6832, 47778|10021, 47789|10075, 47792|10180, de.mcdonalds.mcdonaldsinfoapp, 
47794|1485, 47800|1607, 47810|1744, 47817|1858, 47819|1958, 47822|2461, 47823|9347, 47827|10093, 47833|10166, 47834|11881, 47836|12088, 47838|12169, 47844|12257, 47845|12492, 47847|12604, 47851|12719, 47852|12776, 47854|12872, de.pilot.newyorker.android, 
47857|1, 47871|127, 47872|209, 47873|381, 47874|1628, 47876|1784, 47879|1863, 47880|2089, 47887|2183, 47888|2239, 47890|2305, 47905|2368, 47918|2440, 47919|2557, 47920|2623, 47921|3335, 47922|3385, 47925|4194, 47929|4265, 47943|4335, 47974|4430, 47978|4511, 47979|4612, 47980|4700, 47983|4770, 48015|4834, 48016|4906, 48017|5584, 48019|5656, 48022|5724, 48024|5815, 48025|5898, 48026|5960, 48027|6110, 48030|6184, 48041|6255, 48042|7247, 48053|7330, 48074|7401, 48076|7951, 48082|8053, 48106|8140, 48112|8220, 48125|8299, 48131|8377, 48134|8452, 48137|8532, 48149|8610, 48151|8684, 48162|8757, 48193|8846, 48199|8937, 48205|9036, 48206|9586, 48215|9682, 48225|9777, 48249|9877, 48252|9962, 48256|10044, 48257|10138, 48263|10218, 48274|10385, 48284|10444, 48285|10548, 48287|12665, de.spiegel.android.app.spon, 
48289|1482, 48293|1559, 48294|2141, 48295|2255, 48296|6899, com.whatsapp, 
48297|1600, 48298|1685, 48301|1767, 48302|1844, 48306|2046, 48309|2107, 48311|2157, 48313|2218, 48318|2281, 48341|2341, 48342|2477, 48343|2536, 48344|3238, 48345|3288, 48346|4088, 48349|4146, 48355|4209, 48394|4326, 48395|4403, 48398|4572, 48399|4638, 48402|4701, 48403|4784, 48405|4847, 48406|4917, 48407|5569, 48409|5712, 48412|5785, 48414|5860, 48415|5970, 48417|6274, 48420|6346, 48437|6422, 48438|6792, 48461|6867, 48465|7444, 48472|7524, 48494|7628, 48503|7699, 48504|8029, 48506|8237, 48514|8423, 48526|8507, 48551|8594, 48557|8672, 48559|8958, 48582|9030, 48583|9218, 48585|9348, 48587|9441, 48591|9542, 48603|9644, 48622|9756, 48625|9845, 48632|9942, 48639|10058, 48647|10145, 48651|10234, 48652|10312, 48676|10465, 48677|10513, 48678|10616, de.spiegel.android.app.spon, 
48680|1177, 48693|1308, 48698|1407, 48699|1585, 48702|1725, 48703|1954, 48706|2047, 48711|2103, 48712|2158, 48713|2206, 48714|2257, 48716|2321, 48719|2380, 48724|2437, 48725|2501, 48726|2556, 48727|2705, 48731|2909, 48732|5094, 48735|5174, 48741|5306, 48742|5428, 48746|5487, 48748|5539, 48750|6017, 48751|6072, 48755|6121, 48767|6235, 48768|6297, 48769|6356, 48770|6415, 48772|6476, 48775|10137, 48780|10189, 48783|11384, 48786|11457, 48787|11814, 48788|11954, 48789|12021, 48791|12089, 48796|12155, com.airbnb.android, 
48798|1064, 48799|1186, 48800|1519, 48802|1644, 48804|1759, 48805|1930, 48809|2032, 48814|2104, 48821|2204, 48831|2283, 48844|2381, 48845|2479, 48846|2585, 48852|2688, 48854|2949, 48856|3039, 48858|3135, 48865|3406, 48866|3500, 48873|3921, 48877|4038, 48883|4116, 48926|4226, 48927|4342, 48934|4580, 48935|4661, 48942|5200, 48943|5342, 48946|5446, 48958|5556, 48960|5675, 48961|6755, 48962|7200, 48985|7330, 48986|7713, 48988|7809, 48992|7906, 49002|8011, 49034|8112, 49056|8203, 49060|8471, 49073|8558, 49104|8659, 49111|8770, 49117|8875, 49119|9390, 49124|9629, 49135|9741, 49142|9838, 49148|9954, 49153|10083, 49154|10222, 49155|10337, 49167|10484, 49172|10544, 49173|10671, de.spiegel.android.app.spon, 
49174|114, 49176|691, 49177|755, 49178|891, 49179|1885, 49180|2020, 49182|2142, 49188|2337, 49189|2404, 49190|2542, 49191|2610, 49193|2927, 49194|2990, 49195|3058, 49198|3148, 49199|3237, 49208|3310, 49216|3390, 49219|3472, 49230|3530, 49236|3620, 49238|3691, 49249|3786, 49250|3859, 49252|3929, 49258|4023, 49264|4097, 49265|4154, 49266|4218, 49267|4532, 49268|4602, 49283|5824, 49284|5879, 49308|6581, 49311|7051, 49312|7254, 49316|10152, 49324|10251, 49328|10308, de.zalando.mobile, 
49329|1621, 49331|1773, 49336|1879, 49340|2097, 49342|2161, 49347|2220, 49348|2281, 49349|2334, 49359|2431, 49361|2596, 49362|2808, 49364|3124, 49365|3215, 49367|3471, 49368|3557, 49370|3647, 49371|3729, 49374|3793, 49380|3854, 49386|3913, 49391|3985, 49396|4056, 49401|4162, 49407|4277, 49421|4527, 49430|4641, 49437|4734, 49441|4795, 49444|4854, 49446|4912, 49447|4972, 49448|5128, 49450|5220, 49451|5297, 49452|10192, 49462|10375, 49464|10488, com.moshbit.studo, 
49465|1787, 49466|1859, 49468|2291, 49475|2492, 49477|2703, 49479|2955, 49482|3028, 49489|3134, 49493|3197, 49499|3277, 49503|3365, 49512|3473, 49517|3540, 49524|3630, 49525|3690, 49563|3865, 49566|3976, 49569|4372, 49570|4547, 49571|4679, 49574|10498, 49582|10594, 49584|10739, de.zalando.mobile, 
49585|3483, 49590|3604, 49622|3736, 49631|3910, 49632|4254, 49633|4338, 49635|4408, 49640|4511, 49641|4604, 49642|5940, 49643|6015, 49650|6133, 49651|6341, 49652|7910, 49655|7990, 49659|8057, 49661|8142, 49663|8205, 49665|8292, 49668|10012, 49676|11099, 49677|11214, org.chromium.chrome, 
49679|2676, 49684|2762, 49687|2896, 49694|2983, 49699|3163, 49703|3283, 49704|3398, 49707|3522, 49708|3627, 49711|3742, 49718|3849, 49722|3923, 49723|3995, 49724|4286, 49725|4509, 49727|4584, 49730|4672, 49734|4758, 49740|4825, 49741|5546, 49774|5697, 49782|6280, 49783|6347, 49793|6439, 49794|6498, 49795|6643, 49804|10827, 49812|10904, com.waze, 
49813|2549, 49815|2635, 49818|2722, 49825|2854, 49829|2982, 49830|3116, 49833|3228, 49837|3333, 49838|3447, 49841|3556, 49844|3641, 49851|3710, 49853|3799, 49854|4184, 49855|4317, 49856|4451, 49857|5447, 49889|5533, 49897|6090, 49898|6218, 49909|6293, 49910|6419, 49911|6496, 49916|10776, 49926|10863, com.waze, 
49928|2211, 49930|2313, 49933|2403, 49935|2507, 49938|2604, 49939|2675, 49940|2823, 49941|2891, 49943|2979, 49944|3067, 49947|3188, 49953|3296, 49954|3402, 49960|3523, 49961|3943, 49963|4085, 49964|4297, 49965|5665, 49966|5771, 49968|10869, 49970|10934, com.duckduckgo.mobile.android, 
49971|2398, 49972|2484, com.whatsapp, 
49973|2441, 49977|3218, 49978|6735, 49979|6938, 49982|7071, 49987|7141, 49988|7537, 49989|7669, 49993|7741, 49994|7957, 49996|8253, 49997|8325, 49998|8394, com.whatsapp, 
50000|2966, 50002|3167, 50008|3396, 50009|3666, 50011|3889, 50012|4071, 50014|5230, 50016|5337, 50018|5395, 50023|5450, 50024|5579, 50028|5636, 50031|5688, 50032|5795, 50033|5852, 50034|5916, 50037|5980, 50038|6523, 50039|6778, 50040|6835, 50041|6892, 50042|7067, 50045|10636, 50047|10771, 50051|10830, com.twitter.android, 
50052|2183, 50054|2260, 50065|2342, 50070|2407, 50071|2466, 50073|2890, 50075|10361, 50079|10423, com.instagram.android, 
50080|1189, 50083|1266, 50086|1355, 50088|1445, 50089|1511, 50093|1575, 50098|1640, 50100|1701, 50101|1818, 50102|1985, 50103|2051, 50109|2129, 50119|2198, 50121|2271, 50125|2327, 50128|2569, 50132|2688, 50145|2763, 50146|2844, 50148|2942, 50149|3018, 50150|3081, 50151|3341, 50153|3899, 50154|4195, 50155|4264, 50156|4324, 50160|4400, 50161|4487, 50163|4563, 50165|4651, 50172|4715, 50179|4823, 50181|4908, 50183|5011, 50186|5302, 50191|5394, 50202|5499, 50204|5609, 50209|5696, 50214|5766, 50215|5822, 50218|5937, 50219|5990, 50224|6098, 50225|6364, 50226|6492, 50237|10043, 50243|10090, 50250|10140, 50252|10194, 50253|10613, 50254|10665, de.mcdonalds.mcdonaldsinfoapp, 
50255|2455, 50260|2569, 50295|2693, 50303|2811, 50306|2940, 50311|3030, 50312|3097, 50314|3901, 50316|3994, 50321|4088, 50322|4171, 50323|5723, 50324|5774, 50325|6861, 50326|6962, 50328|7013, 50332|7087, 50334|7139, 50340|7196, 50343|8984, 50351|10051, 50352|10119, org.chromium.chrome, 
50353|1854, 50354|1919, 50356|8164, 50359|11462, com.whatsapp, 
50361|1508, 50363|1613, 50367|1718, 50368|1808, 50371|1892, 50372|1956, 50374|2100, 50376|2178, 50377|2259, 50380|2340, 50385|2437, 50387|2528, 50390|2605, 50392|2693, 50393|2925, 50394|2980, 50396|3098, 50397|4099, 50398|4333, 50400|10147, 50402|10195, com.duckduckgo.mobile.android, 
50403|1702, 50406|1829, 50409|1916, 50411|2012, 50414|2104, 50418|2283, 50419|2415, 50421|2713, 50424|3082, 50425|3179, 50429|3383, 50431|3457, 50439|3554, 50442|3639, 50445|3891, 50446|4273, 50465|4356, 50490|4437, 50496|4527, 50524|4632, 50544|4698, 50550|4772, 50551|6017, 50556|6167, 50563|6235, 50566|6311, 50574|6376, 50583|7184, 50594|7285, 50605|7379, 50610|7501, 50611|7637, 50619|7744, 50621|7818, 50623|7951, 50628|8040, 50633|8107, 50638|8170, 50644|8235, 50659|8305, 50668|8381, 50675|8437, 50679|8528, 50682|8604, 50684|8880, 50685|9003, 50690|9060, 50693|9130, 50694|10050, 50695|10114, 50710|10361, 50727|10427, 50729|10658, org.mozilla.firefox, 
50730|1829, com.whatsapp, 
50731|1445, 50732|1534, 50734|1619, 50737|1713, 50739|1795, 50741|1878, 50742|1940, 50743|1997, 50745|2061, 50746|2128, 50747|2284, 50748|2370, 50749|2480, 50751|2563, 50755|2662, 50759|2762, 50762|2845, 50764|2916, 50766|2980, 50767|3106, 50768|4283, 50769|4360, 50771|4529, 50773|10161, 50775|10276, com.duckduckgo.mobile.android, 
50776|1485, 50778|1699, 50782|1772, 50783|1831, 50784|1890, 50786|1952, 50787|2014, 50789|2148, 50792|2245, 50798|2323, 50801|2404, 50804|2484, 50807|2567, 50808|2836, 50810|3005, 50811|3127, 50812|3988, 50813|4072, 50815|10151, 50816|10198, 50817|10261, com.duckduckgo.mobile.android, 
50827|1761, 50873|1900, 50893|2028, 50915|2160, 50947|2302, 50957|2388, 50965|2455, 50966|2509, 50971|2565, 50972|3166, 50975|3255, 50976|5835, 50978|5930, 50979|6038, 50982|6211, 50994|6279, 51013|6338, 51022|6390, 51024|6441, 51025|6503, 51026|6696, 51029|6820, 51032|6902, 51034|6953, 51037|7014, 51040|7087, 51042|7150, 51044|7199, 51046|7250, 51049|7306, 51050|7358, 51052|7408, 51053|7458, 51055|7512, 51057|7570, 51067|10083, 51085|10151, com.fsck.k9, 
51086|1417, 51089|1579, 51093|1663, 51094|1721, 51095|1869, 51099|2256, 51110|2359, 51131|2476, 51135|2552, 51139|2700, 51147|2859, 51150|2973, 51151|3106, 51154|3182, 51155|3318, 51159|3400, 51163|3467, 51166|3543, 51167|3616, 51168|5061, 51169|5362, 51170|8113, 51171|8177, 51175|8235, 51183|8300, 51185|8363, 51187|8431, 51189|8570, 51190|8803, 51191|8900, 51194|9006, 51197|9094, 51198|9169, 51200|9246, 51201|9417, 51202|9986, 51207|10069, 51225|10267, 51227|10331, 51228|10623, 51230|10678, 51233|10738, 51234|10971, 51235|11085, 51236|11219, de.prosiebensat1digital.prosieben, 
51238|1872, 51240|1936, 51242|2002, 51244|2066, 51248|2139, 51249|2204, 51259|2281, 51264|2414, 51268|2478, 51270|2591, 51272|2650, 51273|2714, 51274|2770, 51276|3585, 51278|5126, 51284|5214, 51292|5283, 51297|5358, 51300|5470, 51305|5552, 51306|5798, 51309|5875, 51313|6016, 51315|6137, 51319|6207, 51324|6362, 51327|6426, 51334|6913, 51337|6987, 51338|7557, 51342|10305, 51348|10369, 51350|10485, com.paypal.android.p2pmobile, 
51351|1797, 51353|2212, 51354|2474, 51361|2570, 51365|2652, 51368|2712, 51370|2773, 51371|2966, 51372|3420, 51379|3554, 51388|3621, 51395|3702, 51404|3799, 51406|3934, 51407|3994, 51410|4184, 51413|4331, 51418|4399, 51420|4467, 51421|4606, 51423|5683, 51425|7176, 51427|7252, 51430|7319, 51431|7392, 51432|7457, 51435|7750, 51438|7838, 51444|7906, 51448|7970, 51450|8057, 51453|8130, 51460|8213, 51465|8279, 51469|8353, 51472|8498, 51475|8571, 51477|8642, 51478|8796, 51479|8867, 51480|8940, 51483|9011, 51492|9079, 51495|9144, 51499|9226, 51508|9322, 51513|9413, 51514|9519, 51519|10426, 51529|10491, org.zwanoo.android.speedtest, 
51531|1480, 51532|1578, 51533|1665, 51536|2007, 51555|2202, 51564|2421, 51569|2538, 51573|2638, 51575|2718, 51577|2806, 51580|2908, 51590|3020, 51591|4752, 51592|5013, 51593|5115, 51594|5855, 51595|6701, 51598|6802, 51605|6912, 51624|7030, 51641|7119, 51642|7636, 51646|7728, 51647|7837, 51648|8211, 51653|8293, 51654|8393, 51656|8479, 51657|8583, 51659|9169, 51663|9488, 51665|9582, 51666|9674, 51670|10656, 51672|10763, 51680|10854, 51683|10988, 51687|11162, 51707|11268, 51710|11340, 51712|11406, de.prosiebensat1digital.prosieben, 
51713|2831, 51716|2925, 51719|3012, 51721|3087, 51722|3236, 51724|3448, 51729|3580, 51734|3727, 51735|3844, 51738|3944, 51739|4038, 51742|4146, 51743|4268, 51746|4370, 51754|4468, 51757|4544, 51758|4615, 51760|5017, 51764|5136, 51773|5227, 51776|5300, 51777|5494, 51779|5575, 51783|6545, 51787|6626, 51788|6709, 51793|6780, 51794|6874, 51816|6961, 51819|7640, 51821|7703, 51830|7772, 51833|7839, 51840|7916, 51841|7988, 51842|8058, 51848|11021, 51859|11104, com.waze, 
51860|1660, 51865|1784, 51867|1908, 51871|2591, 51881|2738, 51901|2941, 51907|3081, 51909|3183, 51920|3406, 51924|3598, 51925|3703, 51927|3826, 51934|3921, 51937|4030, 51938|4125, 51939|5485, 51940|5759, 51941|8129, 51945|8220, 51946|8368, 51949|8779, 51952|8862, 51953|8972, 51955|9052, 51956|9154, 51957|10101, 51958|10294, 51974|11109, 51976|11187, 51977|11438, 51978|11508, 51981|11692, 51982|11839, 51983|11912, de.prosiebensat1digital.prosieben, 
51992|1661, 52002|1770, 52004|1913, 52007|2061, 52008|2616, 52011|2704, 52016|2772, 52019|2848, 52023|2914, 52028|2986, 52030|3060, 52032|3149, 52033|3337, 52034|3438, 52037|3523, 52038|5679, 52041|5788, 52047|5922, 52049|6017, 52055|6108, 52057|7133, 52060|7201, 52063|7268, 52074|7340, 52075|7411, 52079|7478, 52080|7565, 52083|10873, 52088|10981, 52089|12375, 52094|12489, 52095|13099, 52097|13218, 52100|13351, 52102|13425, 52104|13505, 52105|13766, 52106|13836, com.airbnb.android, 
52107|1, 52108|2493, 52115|2635, 52122|2758, 52126|2892, 52129|3024, 52133|3172, 52139|3303, 52143|3404, 52146|3491, 52147|3590, 52148|3714, 52149|4550, 52152|4645, 52156|4723, 52157|5237, 52158|5351, 52165|5925, 52166|6022, 52174|6673, 52181|7338, 52182|7456, 52189|8022, 52194|8618, 52196|10720, 52202|10800, org.indywidualni.fblite, 
52204|346, 52205|413, 52206|559, 52207|2365, 52208|2484, com.whatsapp, 
52209|2046, 52210|2152, 52215|2270, 52216|2358, 52219|2443, 52220|2521, 52221|2598, 52222|2691, 52223|2768, 52225|2853, 52227|2959, 52233|3069, 52235|3158, 52242|3302, 52243|3846, 52245|3919, 52246|4107, 52247|5419, 52248|5614, 52250|10923, 52252|10988, com.duckduckgo.mobile.android, 
52254|2193, 52256|2404, 52262|2575, 52263|2650, 52264|2912, 52267|2990, 52272|3069, 52273|3138, 52276|3221, 52281|3311, 52283|3394, 52284|3611, 52286|4061, 52292|4149, 52298|4260, 52300|4334, 52306|4430, 52308|4500, 52311|4719, 52314|4832, 52319|4928, 52321|5005, 52322|5097, 52323|7762, 52324|7838, 52329|7922, 52330|8002, 52331|8089, 52336|8603, 52340|8699, 52347|8782, 52349|8862, 52353|8947, 52361|9031, 52364|9111, 52370|9197, 52373|9298, 52375|9378, 52376|9480, 52378|9575, 52380|9675, 52388|9782, 52393|9873, 52403|9989, 52408|10091, 52410|10208, 52415|10938, 52425|11032, org.zwanoo.android.speedtest, 
52428|2239, 52432|2354, 52433|2471, 52439|2667, 52442|2829, 52444|2951, 52446|3317, 52450|3703, 52451|3959, 52452|4051, 52453|4287, 52456|4386, 52462|4477, 52465|4564, 52467|4658, 52471|5257, 52472|5440, 52477|5529, 52492|5614, 52524|5702, 52529|5818, 52545|5910, 52567|6000, 52607|6099, 52613|6186, 52629|6274, 52634|6365, 52637|6451, 52638|7745, 52639|8122, 52640|8213, 52641|8528, 52644|8610, 52646|8688, 52648|9343, 52659|9471, 52666|9577, 52669|9726, 52670|9991, 52671|10150, 52676|10579, 52686|10796, 52698|10908, 52706|11013, 52713|11167, 52744|11296, 52746|11463, org.mozilla.firefox, 
52747|2360, 52753|2447, 52756|2538, 52757|2638, 52758|10948, com.isis_papyrus.raiffeisen_pay_eyewdg, 
52760|1508, 52763|1666, 52776|1792, 52778|1927, 52781|2129, 52782|2776, 52783|2854, 52789|2920, 52792|3003, 52796|3075, 52801|3142, 52804|3208, 52805|3274, 52806|3360, 52807|3489, 52812|3838, 52814|5910, 52816|5995, 52822|6082, 52824|6170, 52828|6259, 52831|6333, 52832|6407, 52834|7263, 52836|7336, 52839|7405, 52852|7475, 52854|7547, 52856|7615, 52859|10795, 52864|10863, 52865|11878, 52866|11963, 52871|12070, 52873|12657, 52876|12745, 52886|12846, 52887|13096, com.airbnb.android, 
52889|1323, 52894|1497, 52896|1605, 52897|1692, 52908|1837, 52917|2014, 52921|2134, 52937|2342, 52946|2456, 52954|2574, 52958|2665, 52961|2899, 52962|3017, 52963|3345, 52969|3436, 52979|3541, 52983|3625, 52984|3750, 52987|3861, 52992|4174, 52993|6159, 53000|6321, 53001|6474, 53005|6564, 53010|6655, 53012|7612, 53015|7693, 53030|7775, 53031|7863, 53033|7955, 53035|8039, 53040|10873, 53049|10937, 53050|12189, 53053|12274, 53056|12395, 53057|12907, 53061|13020, 53064|13111, 53065|13186, com.airbnb.android, 
53067|2358, 53068|2572, 53069|2657, 53072|2762, 53073|2863, 53080|2969, 53082|3164, 53083|3602, 53086|3812, 53090|3951, 53094|4362, 53102|4497, 53104|4596, 53109|4693, 53117|4840, 53128|5011, 53135|5176, 53149|5322, 53151|5440, 53191|5614, 53199|5983, 53206|6678, 53207|6765, 53214|7310, 53216|7421, 53220|7673, 53223|8273, 53224|8441, 53227|10841, 53235|10938, 53237|11014, 53239|14000, de.zalando.mobile, 
53240|1, 53241|82, 53243|2248, 53245|2458, 53252|2705, 53254|2911, 53260|3058, 53264|3135, 53270|3244, 53272|3331, 53273|3445, 53274|3667, 53276|4033, 53282|4139, 53288|4251, 53296|4382, 53298|4488, 53301|4887, 53309|5018, 53311|5147, 53312|5281, 53313|7865, 53316|7965, 53319|8041, 53321|8123, 53324|8607, 53327|8711, 53332|8789, 53339|8880, 53346|8970, 53352|9050, 53357|9138, 53360|9217, 53363|9298, 53365|9375, 53366|9454, 53368|9546, 53370|9650, 53381|9766, 53386|9881, 53396|10012, 53399|10131, 53404|10988, 53406|11072, 53414|11145, org.zwanoo.android.speedtest, 
53415|3623, 53430|3743, 53455|3882, 53461|4000, 53465|4116, 53470|4240, 53471|4343, 53472|5289, 53473|5369, 53475|5443, 53480|5537, 53481|5702, 53482|7970, 53483|8044, 53485|8121, 53489|8201, 53491|8268, 53497|8333, 53500|10093, 53508|10838, 53509|10941, org.chromium.chrome, 
53515|3165, 53525|3268, 53555|3396, 53558|3528, 53560|3645, 53567|3759, 53568|3908, 53569|4802, 53570|4868, 53572|4941, 53578|5110, 53579|7504, 53580|7576, 53582|7642, 53586|7723, 53588|7796, 53594|7861, 53595|9590, 53597|9650, 53605|10829, 53606|10912, org.chromium.chrome, 
53607|1941, 53610|2084, 53613|2181, 53615|2308, 53617|2390, 53619|2458, 53620|2544, 53621|2619, 53622|2699, 53623|2775, 53624|2881, 53627|2979, 53631|3068, 53633|3170, 53634|3249, 53638|3346, 53640|3437, 53641|3637, 53643|3709, 53644|3792, 53645|5408, 53646|5518, 53647|9516, 53648|9589, 53650|11033, 53652|11104, com.duckduckgo.mobile.android, 
53653|2204, 53659|2327, 53662|2444, 53663|2524, 53664|10837, com.isis_papyrus.raiffeisen_pay_eyewdg, 
53666|2809, 53671|2896, 53672|2972, 53673|3044, 53674|3218, 53676|3341, 53680|3465, 53685|3584, 53686|3691, 53689|3791, 53693|3899, 53694|4014, 53698|4154, 53704|4269, 53717|4363, 53725|4451, 53726|4897, 53729|5025, 53730|5119, 53731|5207, 53732|5375, 53734|5478, 53735|6391, 53738|6490, 53741|6579, 53743|6660, 53744|6728, 53749|6798, 53760|6905, 53761|7298, 53764|7530, 53766|7598, 53776|7670, 53784|7814, 53785|7945, 53786|8024, 53794|10800, 53803|10901, com.waze, 
53805|2552, 53811|2632, 53815|2754, 53817|2833, 53821|2938, 53824|3048, 53827|3226, 53832|3308, 53837|3383, 53840|3534, 53841|3598, 53842|3693, 53850|10813, 53851|11231, 53852|11511, org.indywidualni.fblite, 
53854|2208, 53856|2386, 53862|2538, 53863|2611, 53865|2759, 53866|3241, 53867|3692, 53870|3895, 53879|3966, 53886|4034, 53888|4097, 53889|4175, 53892|4282, 53904|4391, 53911|4467, 53914|4533, 53917|4608, 53918|5076, 53993|5204, 53994|5291, 53997|7350, 53998|7494, 54001|10715, 54009|10820, 54011|10895, 54012|12098, 54013|12176, 54015|12256, 54020|12328, 54021|12474, 54025|12550, 54026|12615, 54027|12779, 54030|12919, 54031|12983, 54032|13195, de.zalando.mobile, 
54034|1864, 54039|1972, 54041|2081, 54044|2300, 54046|2374, 54052|2455, 54053|2528, 54054|2613, 54055|2989, 54058|3103, 54069|3219, 54074|3306, 54079|3427, 54082|3526, 54083|3711, 54091|3844, 54103|3935, 54105|4037, 54107|4130, 54108|4229, 54109|4928, 54110|5199, 54111|6325, 54112|6393, 54118|6483, 54120|6590, 54121|6678, 54123|6827, 54137|6979, 54140|7097, 54145|7180, 54151|7304, 54154|7392, 54162|7529, 54172|7658, 54173|7813, 54174|8017, 54181|8103, 54185|8211, 54186|8303, 54191|8408, 54197|8525, 54204|8600, 54206|8745, 54208|8959, 54214|9024, 54226|10892, 54237|10960, 54241|11026, de.mcdonalds.mcdonaldsinfoapp, 
54244|2400, 54248|2500, 54254|2612, 54259|2715, 54262|2830, 54264|2945, 54270|3043, 54274|3110, 54276|3178, 54277|3245, 54278|3315, 54280|3422, 54288|10815, org.indywidualni.fblite, 
54289|2523, 54290|2591, com.whatsapp, 
54292|759, 54294|1198, 54312|2114, 54353|2253, 54374|2377, 54396|2579, 54425|2751, 54438|2862, 54442|3002, 54447|3080, 54448|6700, 54453|6779, 54458|6846, 54461|6913, 54464|6980, 54467|7042, 54470|7107, 54473|7176, 54476|7245, 54479|7308, 54481|7383, 54482|10745, 54495|10857, 54511|10938, com.fsck.k9, 
54512|653, 54513|727, 54514|2304, 54517|2414, 54522|2512, 54528|2612, 54532|2694, 54534|2794, 54537|2914, 54545|3015, 54548|3089, 54551|3160, 54553|3230, 54554|3323, 54556|10711, 54562|10789, 54565|12667, org.indywidualni.fblite, 
54568|1522, 54585|1727, 54588|1828, 54590|1961, 54593|2111, 54595|2577, 54601|2663, 54602|2733, 54605|2809, 54608|2881, 54613|2957, 54616|3032, 54617|3107, 54618|3213, 54622|3391, 54624|5650, 54626|5747, 54632|5860, 54634|5941, 54638|6014, 54640|6096, 54642|6872, 54647|6950, 54658|7014, 54660|7082, 54662|7154, 54664|7225, 54668|10849, 54673|10927, 54674|12002, 54679|12119, 54680|12728, 54681|12812, 54682|12894, 54686|12993, 54691|13091, 54695|13165, com.airbnb.android, 
54697|1590, 54700|1874, 54702|2089, 54707|2186, 54708|2288, 54710|2386, 54712|2482, 54716|2610, 54721|2757, 54725|2874, 54731|2978, 54735|3104, 54737|3228, 54738|3447, 54748|3581, 54749|3791, 54750|3910, 54751|4039, 54759|4599, 54760|5154, 54769|5279, 54776|5706, 54777|5788, 54784|6356, 54785|6571, 54788|6642, 54790|10623, 54792|10833, com.duckduckgo.mobile.android, 
54793|1929, com.whatsapp, 
54794|1871, 54795|1933, 54797|2107, 54803|2301, 54804|2370, 54806|2504, 54807|2821, 54808|2894, 54809|2997, 54811|3096, 54815|3161, 54822|3270, 54824|3323, 54833|3400, 54840|3504, 54841|3570, 54852|3678, 54856|3766, 54867|3873, 54869|3960, 54870|4030, 54908|4108, 54911|4185, 54914|6648, 54915|6815, 54918|10251, 54924|10323, 54926|10385, 54928|10447, de.zalando.mobile, 
54929|2502, 54935|2569, 54946|2678, 54949|2743, 54951|2868, 54953|10464, 54957|10521, com.instagram.android, 
54958|1857, 54960|2072, 54966|2514, 54967|2587, 54969|2796, 54970|3003, 54972|3094, 54974|3168, 54981|3259, 54985|3319, 54991|3385, 54993|3469, 54994|3526, 55004|3621, 55007|3678, 55014|3739, 55016|3815, 55017|3962, 55027|4035, 55056|4131, 55058|4223, 55061|4382, 55062|4596, 55065|10082, 55073|10149, 55075|10256, de.zalando.mobile, 
55076|1199, 55077|1258, 55082|1356, 55084|1448, 55085|1522, 55089|1583, 55094|1644, 55095|1700, 55096|1797, 55098|1978, 55100|2090, 55109|2157, 55110|2207, 55114|2293, 55119|2385, 55122|2464, 55127|2540, 55134|2633, 55143|2709, 55146|2781, 55147|2848, 55148|2911, 55149|3298, 55150|3595, 55151|4232, 55153|4294, 55157|4350, 55158|4414, 55159|4484, 55160|4557, 55162|4636, 55171|4726, 55176|4814, 55179|4902, 55185|5008, 55192|5105, 55197|5232, 55202|5377, 55204|5510, 55218|5658, 55221|5745, 55223|5817, 55228|5880, 55233|5931, 55234|5981, 55241|6031, 55243|6080, 55248|6134, 55249|6202, 55250|6559, 55261|10043, 55273|10092, 55275|10202, de.mcdonalds.mcdonaldsinfoapp, 
55276|1804, 55277|1881, 55279|1954, 55286|2033, 55287|2101, 55289|2183, 55290|2272, 55291|2350, 55294|2420, 55295|2478, 55297|2528, 55303|2584, 55306|2632, 55308|2736, 55309|2790, 55310|2852, 55312|9984, 55315|10040, 55318|10089, org.indywidualni.fblite, 
55319|1383, 55320|1461, 55322|1526, 55326|1600, 55327|1686, 55331|1866, 55332|1946, 55336|2005, 55339|2057, 55340|2115, 55347|2179, 55351|2246, 55353|2367, 55354|2605, 55357|2988, 55362|3095, 55364|3248, 55365|3334, 55368|3413, 55374|3470, 55379|3529, 55381|3584, 55387|3637, 55395|3698, 55400|3828, 55404|3942, 55408|4039, 55416|4135, 55426|4243, 55427|4331, 55428|4389, 55432|4454, 55435|4508, 55436|4618, 55438|4732, 55439|9854, 55440|9966, 55446|10144, 55448|10196, 55450|10300, com.moshbit.studo, 
55453|1765, 55457|1843, 55461|2009, 55465|2160, 55466|2384, 55467|2493, 55469|2960, 55473|3278, 55475|3381, 55482|3466, 55487|3542, 55489|3620, 55490|3778, 55493|3874, 55494|4171, 55499|4255, 55513|4321, 55535|4414, 55543|4491, 55573|4569, 55612|4657, 55624|4733, 55639|4801, 55643|4867, 55646|4926, 55647|4978, 55650|6097, 55651|6170, 55652|6499, 55659|6622, 55661|7142, 55665|7257, 55674|7341, 55682|7427, 55683|7509, 55685|7639, 55688|7834, 55690|7905, 55699|7990, 55714|8057, 55723|8134, 55734|8201, 55745|8283, 55746|8361, 55751|8415, 55757|8470, 55758|9410, 55759|9513, 55761|9724, 55763|9833, 55778|10323, 55792|10388, 55794|10601, org.mozilla.firefox, 
55795|1923, 55801|2453, 55836|2617, 55842|2748, 55846|2842, 55851|2936, 55852|3014, 55853|3780, 55854|3847, 55861|3964, 55862|4079, 55863|5668, 55864|5776, 55866|5829, 55871|5882, 55872|5994, 55874|6051, 55875|6118, 55876|6172, 55878|6335, 55879|6390, 55880|6452, 55881|6516, 55883|6862, 55884|6915, 55887|6971, 55889|7026, 55894|7093, 55896|7159, 55900|7212, 55903|9012, 55911|10055, 55912|10126, org.chromium.chrome, 
55913|2113, 55916|2197, 55919|2271, 55921|2326, 55922|2521, 55926|2724, 55930|2800, 55934|2895, 55935|2976, 55939|3049, 55942|3118, 55943|3213, 55949|3307, 55955|3368, 55957|3426, 55958|3498, 55960|3783, 55961|3884, 55964|3945, 55969|4022, 55973|4082, 55976|4143, 55977|4294, 55979|4381, 55982|4865, 55986|4973, 55988|5028, 55989|5141, 55994|5194, 56005|5256, 56006|5329, 56009|5714, 56011|5766, 56020|5817, 56021|5871, 56023|5923, 56030|5983, 56031|6035, 56032|6144, 56040|10028, 56049|10080, com.waze, 
56050|1877, 56055|2049, 56060|2147, 56061|2234, 56063|2313, 56067|2417, 56072|2552, 56076|2609, 56081|2656, 56083|2763, 56084|2819, 56086|2890, 56088|10117, 56094|10171, org.indywidualni.fblite, 
56095|1985, 56097|2063, 56100|2166, 56101|2425, 56103|2507, 56109|2591, 56111|2658, 56116|2729, 56128|2803, 56141|2897, 56142|2963, 56143|3257, 56144|3416, 56145|4894, 56148|4967, 56166|5054, 56193|5197, 56196|5311, 56200|5395, 56202|5485, 56215|5574, 56216|5768, 56218|5863, 56220|5940, 56223|6026, 56225|6104, 56226|6248, 56229|6740, 56237|6822, 56243|6963, 56245|7120, 56246|8290, 56258|8400, 56278|8492, 56302|8605, 56304|8692, 56305|8840, 56309|8921, 56311|8992, 56316|9090, 56326|9193, 56347|9298, 56348|9375, 56359|9479, 56372|9559, 56375|10023, 56377|10106, 56382|10189, 56418|10283, 56426|10375, 56434|10468, 56446|10674, 56456|10732, 56457|10846, de.spiegel.android.app.spon, 
56460|2211, 56463|2294, 56466|2378, 56474|2525, 56479|2654, 56480|2753, 56483|2839, 56484|2922, 56490|3015, 56498|3104, 56499|3226, 56500|3505, 56501|3592, 56502|3794, 56503|4591, 56536|4717, 56544|5207, 56545|5315, 56556|5389, 56557|5509, 56558|5630, 56563|10230, 56573|10299, 56575|12671, com.waze, 
56579|2070, 56585|2242, 56593|2390, 56597|2516, 56604|2610, 56607|2980, 56609|3060, 56611|10798, 56617|10870, 56618|12958, 56619|13031, 56621|13189, 56627|13425, de.pilot.newyorker.android, 
56628|91, 56630|171, 56634|247, 56635|315, 56636|393, 56638|464, 56641|544, 56656|694, 56657|916, 56659|5838, 56661|5903, 56662|5969, 56663|6035, 56668|6112, 56672|6264, 56675|6332, 56677|6394, 56679|6464, 56682|6561, 56684|6640, 56686|10887, 56688|11046, 56690|11115, com.twitter.android, 
56691|1751, 56693|1823, 56697|1945, 56699|2062, 56705|2212, 56709|2300, 56712|2370, 56715|2442, 56721|2521, 56722|2594, 56723|2673, 56725|2750, 56726|2839, 56727|2908, 56729|3200, 56730|3271, 56732|3803, 56733|3925, 56735|4031, 56738|4145, 56744|4228, 56749|4303, 56757|4375, 56764|4482, 56767|4690, 56770|4838, 56784|5003, 56789|5113, 56797|5245, 56798|5334, 56800|5406, 56801|10574, 56810|10774, 56812|10910, com.moshbit.studo, 
56818|1986, 56820|2105, 56821|2289, 56823|2961, 56829|3093, 56855|3296, 56863|3418, 56869|3649, 56876|3796, 56880|3891, 56881|3977, 56882|4068, 56886|4169, 56892|4253, 56893|4368, 56894|4536, 56895|5936, 56896|6268, 56898|9335, 56905|9431, 56911|9515, 56914|9602, 56916|9720, 56917|10101, 56920|10240, 56922|10339, 56925|10446, 56927|10535, 56928|10644, 56929|10770, 56937|11302, 56945|11392, 56947|11461, 56948|11783, 56950|11867, 56953|11938, 56954|12277, 56955|12351, 56956|12525, de.prosiebensat1digital.prosieben, 
56958|5233, 56960|5369, 56965|5437, 56969|5584, 56972|5655, 56975|5728, 56976|5803, 56977|5870, 56979|5941, 56981|6005, 56983|10862, 56985|10939, 56987|11020, com.twitter.android, 
56990|1653, 56996|1788, 57007|1975, 57010|2161, 57013|2383, 57014|2887, 57017|2975, 57022|3051, 57024|3133, 57027|3207, 57034|3277, 57038|3358, 57039|3637, 57044|4201, 57046|4368, 57047|6038, 57048|6127, 57055|6239, 57058|6331, 57061|6416, 57064|6512, 57066|7469, 57067|7539, 57071|7605, 57083|7673, 57084|7743, 57086|7809, 57088|7883, 57089|9398, 57099|10920, 57100|12209, 57105|12297, 57107|12911, 57108|12998, 57111|13091, 57112|13286, 57115|13365, com.airbnb.android, 
57116|1320, 57118|1509, 57119|1635, 57123|2337, 57127|2508, 57134|2790, 57135|3168, 57136|3334, 57138|3481, 57142|3923, 57144|4538, 57145|4696, 57158|4870, 57167|5045, 57170|5285, 57172|5418, 57178|5534, 57221|5664, 57230|5837, 57281|5985, 57284|6084, 57292|6453, 57300|7307, 57303|7979, 57304|8127, 57312|8387, 57315|8530, 57322|8650, 57326|8775, 57331|8909, 57341|9268, 57351|9403, 57363|9530, 57372|9656, 57385|9794, 57389|9961, 57395|10431, 57404|10568, 57420|10682, 57426|10797, 57431|11060, 57447|11187, 57451|11327, 57452|11447, 57483|11541, 57485|11733, 57487|14071, 57488|14149, 57489|14218, org.mozilla.firefox, 
57490|1594, 57495|1723, 57497|1895, 57499|2053, 57502|2142, 57508|2248, 57510|2356, 57511|2607, 57515|2756, 57524|2872, 57531|2995, 57532|3142, 57533|3267, 57534|3371, 57537|3521, 57542|3631, 57553|3768, 57558|3888, 57560|3981, 57561|4091, 57562|4579, 57563|4837, 57564|5749, 57570|5872, 57571|5988, 57572|6093, 57577|6247, 57589|6366, 57591|6450, 57592|6542, 57593|6627, 57594|6738, 57597|7127, 57602|7247, 57613|7361, 57615|7475, 57618|7594, 57625|7673, 57626|7780, 57629|7977, 57633|8063, 57636|8157, 57637|8311, 57638|8537, 57654|10839, 57662|10907, 57664|10973, de.mcdonalds.mcdonaldsinfoapp, 
57665|2440, 57672|2543, 57674|2635, 57679|2708, 57682|2939, 57686|3031, 57689|3117, 57695|3206, 57698|3272, 57700|3338, 57701|3411, 57702|3478, 57704|3562, 57709|10783, 57712|10866, org.indywidualni.fblite, 
57713|2190, 57716|2282, 57718|2373, 57724|2478, 57732|2577, 57737|2656, 57743|2751, 57746|2826, 57747|2904, 57750|2977, 57752|3055, 57753|3123, 57754|3190, 57758|6228, 57774|6345, 57777|6530, 57783|6628, 57784|7490, 57787|7559, 57791|7624, 57797|8020, 57798|8118, 57800|8669, 57804|10841, 57808|10910, 57810|10976, com.paypal.android.p2pmobile, 
57813|1584, 57816|1676, 57820|1832, 57821|2070, 57824|2165, 57832|2303, 57834|2414, 57855|2648, 57860|2766, 57869|2971, 57870|3110, 57873|3192, 57875|3377, 57877|3465, 57879|3558, 57882|3672, 57890|3781, 57891|3956, 57892|5121, 57893|5312, 57897|8646, 57899|8749, 57901|9081, 57902|9285, 57904|9380, 57907|9466, 57910|9566, 57911|9789, 57912|10758, 57913|10872, 57917|10988, 57932|11471, 57934|11542, 57935|11879, 57938|11972, 57941|12056, 57942|12240, 57943|12310, 57944|12483, de.prosiebensat1digital.prosieben, 
57948|2094, 57951|2209, 57952|2327, 57958|2446, 57959|2635, 57960|2782, 57961|2910, 57963|3109, 57966|3508, 57967|3600, 57968|3839, 57969|3939, 57970|4302, 57971|4407, 57975|4578, 57997|4671, 58018|4804, 58035|4915, 58073|5039, 58102|5132, 58110|5225, 58115|5343, 58121|5436, 58123|5514, 58124|7108, 58125|7190, 58126|7923, 58133|8105, 58135|8327, 58146|8419, 58149|8509, 58154|8588, 58155|8685, 58157|8883, 58158|9052, 58163|9153, 58169|9238, 58176|9318, 58180|9399, 58188|9518, 58196|9636, 58203|9726, 58205|9798, 58207|9878, 58211|10060, 58213|10128, 58216|10221, 58220|10477, 58221|10711, 58222|10834, 58250|10927, 58252|11147, org.mozilla.firefox, 
58254|2566, 58256|2791, 58262|2959, 58263|3038, 58265|3260, 58266|3505, 58267|4248, 58270|4326, 58275|4433, 58280|4507, 58283|4576, 58290|4684, 58293|4764, 58304|4884, 58311|4963, 58316|5046, 58317|5112, 58318|5210, 58354|5307, 58394|5429, 58395|5518, 58398|8004, 58399|8154, 58410|10944, 58412|11018, de.zalando.mobile, 
58414|1990, 58420|2136, 58429|2271, 58437|2413, 58439|2516, 58442|3101, 58447|9615, 58450|10777, 58454|10854, 58455|12857, 58457|13015, 58463|13167, de.pilot.newyorker.android, 
58466|1, 58470|90, 58471|242, 58472|323, 58475|414, 58476|499, 58482|580, 58485|672, 58486|843, 58487|1085, 58488|1190, 58489|1306, 58491|2299, 58493|2527, 58499|2672, 58500|2750, 58502|2898, 58503|3199, 58504|3749, 58507|3834, 58514|3926, 58522|3994, 58525|4073, 58528|4181, 58532|4273, 58545|4375, 58551|4456, 58553|4606, 58605|4895, 58630|4982, 58633|5366, 58634|5508, 58639|10798, 58645|10871, 58647|10951, 58648|12228, 58649|12297, 58655|12368, 58656|12440, 58657|12588, 58660|12661, 58662|12750, 58663|12817, 58665|13183, 58667|13255, 58668|13327, de.zalando.mobile, 
58669|2275, 58670|2355, 58672|2443, 58674|2515, 58675|2612, 58676|2765, 58680|2912, 58684|2994, 58686|3059, 58691|3131, 58714|3218, 58715|3297, 58716|3367, 58717|3957, 58718|4054, 58719|5779, 58728|5876, 58757|5979, 58767|6096, 58772|6212, 58773|6518, 58775|6604, 58776|6733, 58778|7817, 58780|7917, 58783|8008, 58786|8102, 58787|8198, 58798|10008, 58811|10126, 58812|10852, 58813|10971, 58818|11131, 58824|11199, 58826|11264, 58827|11334, de.spiegel.android.app.spon, 
58829|2268, 58831|2451, 58838|2683, 58839|2842, 58840|2920, 58842|3107, 58844|3188, 58848|3287, 58849|3802, 58857|4339, 58868|4466, 58877|4609, 58884|4673, 58886|4779, 58887|4846, 58888|4936, 58891|5249, 58894|5352, 58899|5449, 58901|5530, 58902|5603, 58903|5853, 58904|8252, 58907|8366, 58911|8465, 58912|8538, 58914|8851, 58917|8950, 58921|9037, 58928|9119, 58930|9199, 58937|9287, 58944|9366, 58949|9449, 58952|9536, 58955|9632, 58957|9717, 58959|9814, 58960|9914, 58970|10043, 58974|10139, 58979|10233, 58987|10342, 58991|10443, 58992|10564, 58997|10992, 59007|11079, org.zwanoo.android.speedtest, 
59008|2181, 59010|2270, 59013|2350, 59014|2600, 59016|2675, 59022|2774, 59024|2844, 59029|2923, 59046|3000, 59053|3089, 59054|3162, 59055|3491, 59056|3678, 59065|5416, 59109|5527, 59110|5638, 59111|7353, 59113|7538, 59118|7639, 59120|7741, 59121|8572, 59122|8714, 59123|9145, 59126|9446, 59151|9591, 59152|9743, 59153|10363, 59155|10481, 59166|10628, 59190|10752, 59200|10846, 59205|11281, 59208|11357, 59209|11428, de.spiegel.android.app.spon, 
59213|1471, 59224|1616, 59228|1724, 59229|1837, 59232|2002, 59233|2422, 59236|2501, 59241|2568, 59244|2637, 59253|2746, 59255|2818, 59256|2955, 59258|3071, 59263|3567, 59264|4821, 59268|5488, 59274|5599, 59280|5737, 59282|5814, 59285|6920, 59289|7005, 59302|7075, 59303|7145, 59305|7215, 59307|7281, 59308|9947, 59314|10833, 59319|10930, 59321|11841, 59326|11946, 59328|12528, 59329|12609, 59332|12714, 59338|12835, 59339|12905, 59342|12988, com.airbnb.android, 
59346|399, 59347|514, 59349|1062, 59350|1194, 59351|1311, 59354|2044, 59358|2205, 59359|2342, 59367|2555, 59371|2788, 59373|2962, 59375|3165, 59376|3309, 59379|3454, 59381|3645, 59386|3803, 59390|3946, 59391|4099, 59393|4359, 59396|4620, 59404|4769, 59406|4862, 59424|4985, 59454|5131, 59464|5259, 59515|5384, 59553|5520, 59571|5669, 59577|5819, 59579|5923, 59586|6029, 59587|6145, 59594|6999, 59595|7128, 59597|7507, 59604|7995, 59605|8200, 59616|8343, 59620|8738, 59630|8856, 59636|8970, 59638|9100, 59641|9268, 59646|9681, 59653|9782, 59655|9910, 59665|10049, 59678|10189, 59694|10336, 59703|10733, 59733|11188, 59735|11502, org.mozilla.firefox, 
59737|2174, 59744|2320, 59745|2411, 59756|2519, 59761|2650, 59768|2786, 59772|2930, 59773|3061, 59775|5981, 59781|6076, 59793|6160, 59798|6358, 59804|6457, 59808|7465, 59812|7532, 59821|8098, 59823|8663, 59833|10753, 59835|10890, com.paypal.android.p2pmobile, 
59836|1916, 59837|2004, 59842|2144, 59846|2281, 59849|2464, 59856|2673, 59858|2831, 59859|3077, 59862|4858, 59865|4953, 59874|5032, 59885|5110, 59886|5172, 59887|5240, 59893|5387, 59894|5577, 59895|5859, 59899|10958, 59905|11040, 59907|11141, 59909|11491, 59914|11608, 59915|12495, 59916|12634, 59917|12770, com.tripadvisor.tripadvisor, 
59918|2369, 59924|2483, 59927|2611, 59928|2723, 59929|10768, com.isis_papyrus.raiffeisen_pay_eyewdg, 
59930|3659, 59945|3852, 59975|4014, 59976|4341, 59979|4448, 59984|4539, 59985|4628, 59986|5930, 59987|6022, 59994|6175, 59997|6380, 59999|7673, 60000|7743, 60001|7882, 60003|8027, 60005|8099, 60009|8168, 60011|8257, 60015|8324, 60018|10110, 60026|11013, 60027|11114, 60028|12312, 60029|12388, org.chromium.chrome, 
60030|1819, 60031|1916, 60037|2029, 60038|2130, 60040|2237, 60042|2307, 60048|2411, 60049|2494, 60050|2573, 60052|2934, 60060|3034, 60066|3127, 60074|3228, 60076|3315, 60078|3390, 60079|3557, 60081|3667, 60083|3760, 60089|3888, 60099|4005, 60100|4102, 60102|4190, 60103|4786, 60104|5042, 60106|6083, 60112|6172, 60113|6274, 60115|6358, 60116|6569, 60122|6685, 60131|6799, 60134|6888, 60137|7012, 60141|7646, 60145|7754, 60146|7853, 60153|7986, 60163|8100, 60165|8226, 60167|8349, 60168|8433, 60174|8502, 60176|8639, 60177|8847, 60188|10842, 60201|10907, 60203|10978, de.mcdonalds.mcdonaldsinfoapp, 
60206|1666, 60209|1740, 60213|1855, 60214|1962, 60216|2100, 60222|2227, 60244|2402, 60250|2638, 60254|2737, 60259|2841, 60263|2957, 60267|3069, 60271|3558, 60275|3659, 60280|3856, 60289|3956, 60290|5108, 60291|5287, 60295|8389, 60297|8672, 60299|9037, 60301|9124, 60305|9206, 60307|9287, 60309|10585, 60312|10704, 60314|10817, 60332|11047, 60334|11138, 60335|11448, 60340|11537, 60341|11863, 60342|11953, 60343|12134, de.prosiebensat1digital.prosieben, 
60344|2110, 60348|2199, 60352|2286, 60356|2365, 60367|2519, 60369|2583, 60371|2651, 60377|2728, 60378|2795, 60379|2861, 60382|2943, 60383|3013, 60385|5747, 60399|5875, 60402|5968, 60410|6070, 60414|7094, 60417|7157, 60423|7611, 60424|7852, 60428|9956, 60438|10794, 60440|10876, com.paypal.android.p2pmobile, 
60441|3046, 60444|3134, 60455|3222, 60460|3302, 60461|3758, 60462|10024, 60463|10161, 60465|10956, 60469|11030, 60470|11859, 60471|12003, 60477|12075, 60478|12148, 60479|12362, 60480|12430, 60482|12505, 60485|12578, 60486|12646, 60487|12787, 60489|13025, 60490|13103, 60491|13303, com.instagram.android, 
60492|2017, 60496|2109, 60498|2217, 60499|2320, 60500|2417, 60504|2522, 60506|2617, 60511|2707, 60512|2778, 60523|2856, 60525|3013, 60526|3249, 60528|3607, 60529|3679, 60531|4097, 60532|4185, 60533|4290, 60535|4387, 60538|4476, 60544|4567, 60551|4638, 60559|4709, 60576|4785, 60577|4985, 60580|5088, 60583|5208, 60600|5406, 60604|5517, 60617|5649, 60619|5738, 60623|5815, 60625|5888, 60626|6081, 60633|10956, 60634|11024, 60636|11096, com.moshbit.studo, 
60639|1726, 60644|1912, 60646|2091, 60648|2155, 60652|2228, 60653|2292, 60654|2590, 60656|8448, 60660|8520, 60661|8611, 60668|8770, 60669|8962, 60670|9048, 60671|9251, 60672|9434, 60674|9893, 60676|10863, 60680|10926, com.tripadvisor.tripadvisor, 
60681|1678, 60682|1754, 60687|1862, 60689|1992, 60693|2126, 60695|2219, 60700|2299, 60701|2368, 60710|2447, 60712|2521, 60714|2695, 60715|2957, 60717|3186, 60718|3342, 60720|3781, 60721|3877, 60723|3969, 60729|4062, 60732|4151, 60739|4220, 60746|4284, 60750|4364, 60752|4550, 60757|4716, 60763|4836, 60770|4969, 60784|5085, 60785|5199, 60786|5288, 60787|5363, 60791|10827, 60795|10907, 60797|11006, com.moshbit.studo, 
60810|2189, 60844|2302, 60870|2434, 60906|2639, 60932|2822, 60937|2903, 60942|3006, 60943|3172, 60948|3249, 60949|7902, 60953|8037, 60958|8104, 60959|8172, 60962|8235, 60965|8303, 60969|8369, 60972|8453, 60975|8515, 60978|8582, 60980|8649, 60983|8723, 60984|8802, 60994|10823, 61012|10909, 61014|13608, com.fsck.k9, 
61016|1551, 61017|2031, 61023|2166, 61027|2248, 61029|2323, 61034|2395, 61038|2463, 61048|2535, 61050|2599, 61054|2728, 61055|3190, 61056|3263, 61058|5656, 61062|5735, 61074|5842, 61075|5943, 61077|6050, 61083|6132, 61087|7085, 61091|7209, 61093|7492, 61098|7569, 61102|8033, 61106|10852, 61112|10925, 61114|10990, 61119|12827, com.paypal.android.p2pmobile, 
61128|1987, 61144|2070, 61173|2199, 61189|2324, 61213|2446, 61228|2571, 61238|2658, 61247|2742, 61256|2837, 61260|2922, 61266|3022, 61270|3106, 61272|3206, 61273|6459, 61277|6525, 61279|6597, 61282|6665, 61285|6743, 61287|6815, 61290|6884, 61293|6954, 61296|7028, 61299|7122, 61302|7195, 61304|7268, 61305|10668, 61306|10778, 61318|10896, 61334|10979, com.fsck.k9, 
61335|1749, 61341|1961, 61344|2120, 61346|2249, 61354|2357, 61355|2452, 61365|2544, 61366|2628, 61368|2778, 61369|3052, 61371|3281, 61372|3433, 61375|3809, 61376|3924, 61378|4021, 61381|4119, 61387|4195, 61394|4284, 61401|4348, 61406|4447, 61409|4644, 61412|4828, 61417|4920, 61430|5085, 61443|5219, 61444|5301, 61445|5403, 61446|10493, 61447|10646, 61451|10770, 61455|10839, 61457|10910, com.moshbit.studo, 
61458|1993, 61462|2119, 61467|2204, 61468|2285, 61479|2356, 61483|2456, 61488|2564, 61491|2632, 61493|2699, 61494|2760, 61495|2828, 61496|2901, 61498|3715, 61500|5660, 61512|5748, 61516|5846, 61517|5947, 61523|6034, 61525|6129, 61529|7105, 61532|7171, 61537|7693, 61539|7776, 61540|7994, 61544|10690, 61550|10767, 61552|10903, com.paypal.android.p2pmobile, 
61554|1930, 61574|2032, 61608|2150, 61628|2260, 61645|2409, 61672|2505, 61689|2603, 61699|2681, 61705|2748, 61706|6485, 61711|6547, 61712|6611, 61714|6676, 61717|6745, 61720|6815, 61721|6881, 61725|6952, 61728|7025, 61731|7103, 61734|7167, 61736|7231, 61738|7301, 61766|10811, com.fsck.k9, 
61767|3070, 61782|3207, 61810|3377, 61815|3459, 61817|3557, 61819|3690, 61827|3811, 61829|3884, 61834|3961, 61835|4045, 61836|7515, 61838|7591, 61839|7661, 61845|7750, 61849|7831, 61852|9630, 61860|10783, 61861|10900, org.chromium.chrome, 
61862|1956, 61865|2047, 61870|2124, 61873|2264, 61876|2337, 61885|2401, 61890|2467, 61891|2536, 61893|2600, 61895|2670, 61896|2815, 61898|5604, 61904|5716, 61917|5808, 61923|5919, 61925|6021, 61929|6972, 61932|7033, 61935|7395, 61938|7651, 61939|7731, 61943|10784, 61949|10852, 61951|10990, 61953|13728, com.paypal.android.p2pmobile, 
61954|1655, 61957|1743, 61961|1821, 61962|1933, 61963|2025, 61965|2103, 61972|2177, 61974|2250, 61975|2351, 61976|2675, 61980|2768, 61990|2863, 61998|2954, 62001|3055, 62002|3144, 62003|3353, 62008|3488, 62021|3576, 62023|3678, 62025|3761, 62027|3873, 62028|4494, 62029|4713, 62030|5518, 62033|5689, 62037|5771, 62038|5847, 62040|5951, 62051|6057, 62058|6187, 62060|6304, 62063|6435, 62071|6548, 62074|6738, 62084|6890, 62093|7010, 62094|7151, 62096|7249, 62099|7318, 62105|7411, 62112|7521, 62115|7621, 62127|7744, 62130|7834, 62131|7925, 62132|8146, 62143|10883, 62155|10953, 62157|11040, 62158|12044, 62159|12124, de.mcdonalds.mcdonaldsinfoapp, 
62161|2173, 62163|4750, 62165|4908, 62167|5731, 62169|5794, 62171|5862, 62176|5940, 62181|6151, 62184|6219, 62186|6283, 62187|6353, 62190|6429, 62192|6571, 62194|10842, 62196|10917, 62198|11055, com.twitter.android, 
62210|2205, 62217|2367, 62227|2516, 62230|3066, 62236|10862, 62237|13137, 62238|13206, 62240|13359, 62246|13510, de.pilot.newyorker.android, 
62247|169, 62249|263, 62253|333, 62254|474, 62255|553, 62259|624, 62261|783, 62262|925, 62263|996, 62268|1064, 62271|1144, 62272|1709, 62274|1791, 62277|1912, 62279|2045, 62282|2181, 62289|2288, 62291|2400, 62301|2513, 62303|2666, 62304|3112, 62306|3191, 62308|3268, 62310|3778, 62311|3865, 62312|3971, 62313|4059, 62319|4155, 62322|4221, 62323|4290, 62335|4363, 62344|4438, 62347|4504, 62348|4701, 62353|4773, 62355|4917, 62363|4997, 62364|5076, 62365|5152, 62368|5222, 62369|5312, 62370|5848, 62376|5969, 62385|6120, 62392|6220, 62394|6288, 62396|6794, 62397|6946, 62400|9173, 62404|10835, 62408|10909, 62410|11051, com.moshbit.studo, 
62411|2311, 62413|2404, 62418|2499, 62420|2600, 62421|2687, 62422|10807, com.isis_papyrus.raiffeisen_pay_eyewdg, 
62425|1926, 62436|2059, 62440|2210, 62447|2331, 62449|2706, 62450|2794, 62454|10736, 62460|10816, 62462|10884, 62464|13001, 62466|13239, 62472|13429, 62473|13908, 62475|13976, de.pilot.newyorker.android, 
62479|1, 62480|101, 62483|214, 62484|322, 62499|426, 62500|533, 62501|640, 62502|837, 62503|2512, 62505|2608, 62515|2698, 62522|2778, 62523|2850, 62525|2994, 62527|10959, 62531|11028, com.instagram.android, 
62532|2367, 62533|2439, 62535|2597, 62541|2912, 62542|2997, 62545|3174, 62549|3265, 62553|3344, 62554|3424, 62557|3503, 62562|3586, 62563|3654, 62564|3717, 62565|3943, 62567|4315, 62569|4391, 62573|4463, 62581|4585, 62587|4655, 62589|4849, 62592|5144, 62598|5246, 62602|5337, 62603|5496, 62604|8071, 62607|8154, 62610|8238, 62611|8316, 62612|8410, 62615|8681, 62618|8789, 62621|8863, 62630|8952, 62637|9040, 62644|9136, 62648|9212, 62649|9291, 62655|9372, 62657|9452, 62658|9550, 62659|9637, 62662|9734, 62670|9824, 62675|9918, 62679|10006, 62685|10091, 62689|10182, 62692|10300, 62697|11529, 62707|11612, 62709|12407, 62711|12479, org.zwanoo.android.speedtest, 
62713|1313, 62714|1574, 62717|1645, 62720|1725, 62721|1869, 62730|2023, 62735|2169, 62756|2437, 62760|2537, 62762|2627, 62766|2761, 62773|2861, 62778|3047, 62780|3244, 62787|3340, 62789|3537, 62791|3628, 62792|4825, 62793|5119, 62795|7653, 62801|7735, 62807|7819, 62811|7905, 62813|8025, 62815|8400, 62817|8479, 62821|8574, 62823|8655, 62827|9806, 62828|9984, 62829|10100, 62830|10354, 62834|10982, 62841|11084, 62845|11231, 62863|11335, 62864|11411, 62866|11473, de.prosiebensat1digital.prosieben, 
62867|2013, 62873|2153, 62875|2279, 62884|2412, 62885|2828, 62886|2963, 62888|3401, 62891|3616, 62892|3723, 62893|3951, 62894|4073, 62895|4340, 62898|4519, 62906|4628, 62915|4742, 62933|4834, 62956|4946, 62966|5066, 63001|5168, 63031|5257, 63051|5358, 63067|5446, 63069|5549, 63072|5656, 63073|5748, 63076|7202, 63077|7283, 63078|8003, 63083|8203, 63089|8517, 63097|8624, 63104|8707, 63105|8785, 63106|8890, 63107|8990, 63108|9156, 63113|9279, 63117|9422, 63129|9538, 63134|9648, 63135|9753, 63142|9858, 63151|9949, 63156|10042, 63160|10203, 63165|10276, 63166|10786, 63181|11013, 63196|11087, 63198|11240, org.mozilla.firefox, 
63200|2504, 63211|2585, 63218|2688, 63220|3205, 63221|3848, 63222|8978, 63226|10812, 63228|10879, com.instagram.android, 
63229|2102, 63235|2290, 63236|2395, 63238|2487, 63239|2560, 63240|10766, com.isis_papyrus.raiffeisen_pay_eyewdg, 
63241|1661, 63243|1743, 63247|1837, 63249|2045, 63250|2134, 63254|4419, 63256|4496, 63259|4563, 63263|4646, 63264|4713, 63265|5006, 63266|10593, 63267|10694, 63272|10822, 63283|10892, com.tripadvisor.tripadvisor, 
63287|1954, 63302|2085, 63324|2240, 63343|2353, 63351|2452, 63370|2561, 63387|2658, 63404|2798, 63423|2905, 63430|3012, 63434|3178, 63435|3468, 63438|3634, 63439|6955, 63440|7163, 63441|7240, 63444|7758, 63445|8123, 63450|8235, 63454|8388, 63459|8500, 63463|8614, 63468|8695, 63471|8770, 63474|8845, 63476|8969, 63504|11039, com.fsck.k9, 
63505|2092, 63507|2182, 63511|2283, 63514|2387, 63515|2464, 63516|10809, com.isis_papyrus.raiffeisen_pay_eyewdg, 
63517|2665, 63523|2784, 63534|2864, 63536|2948, 63537|3380, 63541|10945, 63543|11012, com.instagram.android, 
63544|1615, 63545|1682, 63547|1790, 63551|1901, 63552|1992, 63553|2157, 63561|4281, 63565|4344, 63567|4425, 63568|4724, 63569|10340, 63571|10470, 63574|10567, 63581|10681, 63584|10815, 63591|10881, com.tripadvisor.tripadvisor, 
63593|1923, 63636|2076, 63665|2224, 63690|2373, 63712|2476, 63730|2578, 63744|2657, 63746|2743, 63747|6361, 63750|6424, 63752|6492, 63755|6562, 63758|6625, 63759|6707, 63762|6779, 63765|6848, 63767|6912, 63771|6980, 63775|7073, 63776|7133, 63779|7199, 63780|7286, 63781|10654, 63783|10775, 63786|10865, 63814|10988, com.fsck.k9, 
63815|1675, 63820|1772, 63822|1991, 63823|2227, 63826|4239, 63828|4336, 63831|4405, 63835|4474, 63837|4542, 63838|5009, 63843|9791, 63845|10594, 63849|10695, 63859|10827, 63863|10905, 63866|11055, com.tripadvisor.tripadvisor, 
63869|2143, 63873|2248, 63876|2346, 63877|2430, 63878|10787, com.isis_papyrus.raiffeisen_pay_eyewdg, 
63879|1671, 63882|1751, 63885|1895, 63887|2015, 63888|2183, 63892|4189, 63894|4311, 63898|4380, 63901|4456, 63903|4522, 63904|4823, 63905|10450, 63910|10550, 63911|10626, 63917|10704, 63920|10828, 63927|10892, com.tripadvisor.tripadvisor, 
63929|5147, 63931|5210, 63932|5277, 63933|5344, 63938|5431, 63942|5533, 63945|5598, 63948|5659, 63949|5733, 63952|5805, 63953|5877, 63954|5951, 63956|10811, 63958|10881, 63960|10955, com.twitter.android, 
63961|1679, 63964|1799, 63967|1905, 63968|2014, 63969|2112, 63970|2264, 63973|4273, 63975|4361, 63979|4427, 63983|4512, 63984|4576, 63985|4790, 63986|10511, 63989|10631, 63996|10753, 64007|10815, com.tripadvisor.tripadvisor, 
64008|1569, 64010|1652, 64014|1766, 64016|1866, 64017|1978, 64020|4229, 64022|4329, 64023|4392, 64029|4455, 64030|4518, 64031|4574, 64032|4810, 64033|10002, 64036|10100, 64038|10182, 64045|10250, 64050|10520, 64052|10573, com.tripadvisor.tripadvisor, 
64054|4249, 64056|4370, 64061|4433, 64062|4551, 64066|4606, 64069|4660, 64070|4711, 64072|4826, 64073|4883, 64075|5002, 64077|8179, 64079|10271, 64081|10331, 64083|10446, com.twitter.android, 
64085|4296, 64087|4407, 64092|4464, 64093|4583, 64098|4659, 64101|4713, 64103|4818, 64106|4883, 64108|4967, 64110|10303, 64112|10426, 64113|10488, 64114|10546, 64116|12131, com.twitter.android, 
64118|4288, 64120|4395, 64124|4450, 64125|4521, 64126|4580, 64130|4632, 64134|4691, 64136|4800, 64139|4866, 64141|4990, 64142|5455, 64143|6768, 64145|10251, 64147|10314, 64149|10390, com.twitter.android, 
