||class android.net.TrafficStats:public static long android.net.TrafficStats.getTotalRxPackets()
49386|1, 49396|150, 49397|548, 49399|759, 49406|854, 49407|987, 49409|1090, 49412|1463, 49413|1551, 49414|1641, 49416|1738, 49426|1823, 49450|1947, 49461|2047, 49492|2137, 49517|2237, 49519|2313, 49525|2415, 49526|2483, 49527|3384, 49534|3627, 49536|3697, 49537|3768, 49548|4669, 49552|4771, 49554|4880, 49555|5154, 49562|5388, 49564|5491, 49579|5603, 49588|5693, 49594|5771, 49602|5844, 49611|5978, 49612|6053, 49613|7003, 49619|7619, 49629|7696, 49631|7877, 49634|9426, 49635|9539, org.mozilla.firefox, 
49640|1184, 49647|1281, 49648|1358, 49649|1426, 49650|1523, 49654|1662, 49656|1992, 49661|2044, 49662|2100, 49663|2158, 49664|2208, 49666|2254, 49668|2311, 49676|2364, 49677|2419, 49678|2476, 49679|2687, 49680|2778, 49683|2831, 49685|4988, 49691|5126, 49692|5250, 49696|5306, 49700|5360, 49702|5838, 49713|5942, 49715|5995, 49717|6050, 49721|6162, 49728|10056, 49730|11242, 49734|11310, 49735|11823, 49736|11886, 49743|11952, com.airbnb.android, 
49745|1070, 49746|1178, 49747|1387, 49751|1497, 49753|1587, 49754|1663, 49763|2202, 49773|2297, 49793|2419, 49799|2614, 49800|2732, 49803|2830, 49811|2937, 49812|3025, 49815|3125, 49817|3282, 49819|3375, 49829|3487, 49833|3736, 49838|4401, 49845|4984, 49846|5069, 49847|5236, 49853|5752, 49857|5985, 49859|6844, 49865|6973, 49869|7093, 49870|7192, 49871|7291, 49872|8060, 49876|8155, 49877|8348, 49878|8483, 49880|8959, 49888|9078, 49890|9212, 49891|9302, 49892|10137, 49896|10254, 49904|10399, 49906|10470, 49907|12244, 49908|12433, 49910|12494, de.prosiebensat1digital.prosieben, 
49913|1031, 49914|1118, 49920|2983, 49955|3142, 49956|3482, 49962|3570, 49964|3643, 49965|4819, 49971|4938, 49973|5088, 49974|7383, 49975|7431, 49978|7490, 49979|7544, 49980|7592, 49986|7638, 49987|7740, 49990|9490, 49991|10066, 49992|10123, org.chromium.chrome, 
49993|1556, 49997|1620, 49998|1702, 49999|1793, 50002|1904, 50003|1976, 50008|2031, 50010|2150, 50020|2222, 50021|2293, 50022|2411, 50025|2586, 50026|2648, 50027|2823, 50037|3013, 50040|3183, 50046|3258, 50050|3339, 50055|3421, 50058|3475, 50060|3539, 50066|3614, 50070|3665, 50081|3721, 50087|3808, 50088|3867, 50089|3921, 50093|3999, 50094|4062, 50110|4120, 50113|4190, 50114|4307, 50115|4357, 50119|4420, 50123|4530, 50125|4653, 50128|4823, 50132|4947, 50144|5049, 50149|5127, 50150|5201, 50151|5249, 50154|5774, 50159|10136, 50163|10246, com.moshbit.studo, 
50171|1738, 50207|1837, 50253|1966, 50284|2125, 50307|2233, 50324|2320, 50326|2419, 50331|2598, 50334|3115, 50335|5991, 50336|6049, 50337|6100, 50343|6592, 50347|6901, 50351|6996, 50356|7121, 50360|7208, 50363|7280, 50367|7338, 50368|7397, 50372|7458, 50376|7522, 50384|7587, 50404|10182, com.fsck.k9, 
50406|2409, 50420|2483, 50427|2544, 50429|2595, 50430|2649, 50434|2705, 50440|10306, com.instagram.android, 
50441|1577, 50442|1785, 50450|1987, 50451|2054, 50456|2117, 50459|2212, 50461|2291, 50479|2405, 50489|2527, 50494|2652, 50501|2758, 50502|2827, 50504|2912, 50513|3087, 50514|3323, 50515|3786, 50521|10109, 50525|10212, 50526|12121, 50527|12362, 50534|12476, 50535|12872, de.pilot.newyorker.android, 
50540|1, 50544|229, 50555|337, 50558|399, 50559|583, 50560|1841, 50561|1936, 50562|1998, 50565|2060, 50568|2343, 50573|2427, 50583|2483, 50616|2549, 50629|2613, 50631|3514, 50632|4529, 50635|4597, 50666|4666, 50685|4766, 50686|4849, 50688|5042, 50707|5118, 50709|5243, 50710|5310, 50711|5388, 50713|5463, 50714|5542, 50719|6074, 50720|6339, 50723|6419, 50734|6779, 50735|7397, 50736|7986, 50739|8080, 50749|8337, 50769|8430, 50817|8503, 50827|8593, 50830|9142, 50856|9265, 50867|9356, 50868|9440, 50871|9540, 50894|9640, 50897|9748, 50898|9862, 50901|9981, 50910|10080, 50922|10179, 50954|10319, 50968|10429, 50969|10479, 50970|10534, de.spiegel.android.app.spon, 
50971|1769, 50977|1864, 50982|2019, com.isis_papyrus.raiffeisen_pay_eyewdg, 
50983|1573, 50987|1684, 50988|1775, 50990|1864, 50992|1932, 50993|1983, 50995|2040, 50996|2162, 50997|2315, 51003|2403, 51004|2482, 51006|2577, 51010|2671, 51011|2973, 51012|3137, 51013|4331, 51015|10172, com.duckduckgo.mobile.android, 
51016|1663, 51019|1739, 51020|1806, 51021|2107, 51025|2167, 51028|2234, 51038|2297, 51084|2371, 51086|3234, 51089|4149, 51127|4228, 51138|4318, 51139|5836, 51142|5909, 51144|5978, 51147|6052, 51148|6359, 51167|6447, 51177|6894, 51189|6973, 51190|7067, 51199|7527, 51226|7616, 51236|7702, 51238|7768, 51239|7842, 51240|7916, 51244|8079, 51247|8162, 51249|8325, 51259|8489, 51270|8586, 51302|8671, 51309|8749, 51310|8897, 51335|9062, 51336|9171, 51339|9254, 51343|9641, 51355|9749, 51368|9860, 51373|9943, 51382|10050, 51383|10148, 51387|10269, 51395|10378, 51402|10491, 51403|10596, de.spiegel.android.app.spon, 
51404|1674, 51406|1812, 51407|1875, 51418|1940, 51419|2074, 51424|2190, 51425|2241, 51427|2295, 51433|2366, 51434|2415, 51435|2466, 51438|2524, 51440|2586, 51441|2642, 51448|2776, 51449|2971, 51450|3377, 51451|4753, 51453|4829, 51467|4913, 51473|5074, 51475|5141, 51476|5514, 51477|5593, 51480|5676, 51481|5805, 51486|5916, 51488|5968, 51489|6019, 51490|6176, 51496|6298, 51502|6456, 51503|6554, 51506|6902, 51507|6951, 51508|9103, 51514|10266, 51518|10372, com.paypal.android.p2pmobile, 
51519|104, 51520|934, 51530|1646, 51534|1765, 51542|1841, 51545|1910, 51547|1980, 51550|2444, 51556|10158, 51557|12211, 51558|12509, 51565|12619, de.pilot.newyorker.android, 
51566|1, 51571|63, 51573|229, 51575|299, 51577|466, 51588|521, 51591|599, 51592|661, 51594|2039, 51600|2159, 51602|2252, 51606|2352, 51607|2445, 51609|2533, 51612|2605, 51616|2684, 51620|2749, 51621|2802, 51622|2858, 51625|2907, 51627|2972, 51633|10069, org.indywidualni.fblite, 
51634|1475, 51639|1548, 51640|1649, 51642|1737, 51643|1804, 51649|1874, 51650|1940, 51651|1997, 51652|2069, 51654|2299, 51661|2370, 51662|2449, 51670|2535, 51672|2602, 51673|2667, 51674|2725, 51677|2818, 51678|2904, 51682|2972, 51683|3052, 51685|3121, 51687|3196, 51695|3263, 51696|3332, 51698|3399, 51700|3830, 51708|3911, 51713|4006, 51728|4100, 51730|4776, 51753|4866, 51754|4985, 51756|5073, 51766|5166, 51770|5266, 51772|5338, 51776|5446, 51780|5514, 51781|5583, 51783|5722, 51786|5796, 51787|5967, 51791|6256, 51800|6376, 51801|6544, 51805|6676, 51808|6779, 51814|6865, 51815|6934, 51817|7011, 51818|7067, 51823|7130, 51827|7183, 51834|7234, 51835|7461, 51838|10350, 51846|10398, 51848|10453, 51850|10504, de.mcdonalds.mcdonaldsinfoapp, 
51852|1309, 51853|2319, 51857|2421, 51861|2518, 51868|2645, 51872|2824, 51876|2900, 51880|3010, 51885|3087, 51890|3173, 51896|3251, 51902|3383, 51904|3763, 51908|3832, 51911|3911, 51912|3978, 51913|4038, 51914|4103, 51915|5184, 51918|5260, 51920|5379, 51931|5448, 51953|5502, 51954|6100, 51957|6151, 51962|6260, 51967|6314, 51972|6473, 51974|6525, 51985|10149, com.waze, 
51987|289, 51989|341, 51990|2008, 52000|2115, 52006|2195, 52007|2261, 52011|2896, 52013|3636, 52017|10172, com.instagram.android, 
52018|1909, 52019|2087, 52026|2332, 52027|2438, 52028|2508, 52032|2569, 52036|2625, 52041|2682, 52044|2741, 52046|2864, 52047|2920, 52048|2977, 52049|3036, 52056|3197, 52059|3335, 52065|3407, 52069|3463, 52071|3543, 52076|3627, 52079|4032, 52081|4109, 52083|4166, 52084|4225, 52085|4290, 52089|4422, 52090|7011, 52095|7147, 52096|7277, 52097|7341, 52103|7766, 52107|7909, 52109|7971, 52112|8033, 52116|8096, 52118|8157, 52123|8235, 52126|8308, 52129|8391, 52132|8485, 52133|8548, 52134|8605, 52136|8664, 52137|8727, 52138|8789, 52139|8852, 52140|8917, 52145|8987, 52149|9053, 52151|9128, 52153|9188, 52156|9255, 52160|9322, 52164|9400, 52166|10203, 52172|10265, 52174|10323, org.zwanoo.android.speedtest, 
52177|1444, 52189|1565, 52197|1770, 52200|1867, 52201|1946, 52203|2133, 52209|10158, 52210|12518, 52217|12690, de.pilot.newyorker.android, 
52218|122, 52219|173, 52223|230, 52225|463, 52227|519, 52240|641, 52241|702, 52242|838, 52243|2055, 52248|2146, 52255|2329, 52256|2444, 52260|2545, 52264|2652, 52268|2728, 52273|2826, 52282|2898, 52286|2971, 52287|3035, 52288|3435, 52290|3512, 52318|4328, 52324|4389, 52328|4833, 52332|4897, 52335|5017, 52336|5122, 52337|9122, 52340|9230, 52342|9339, 52344|9394, 52346|9517, 52354|10011, 52363|10074, 52364|10125, com.waze, 
52365|939, 52367|1711, 52368|1777, 52369|2261, 52370|2325, 52375|2388, 52378|2444, 52382|2525, 52383|2578, 52384|2697, 52385|2754, 52387|3040, 52395|3126, 52397|3263, 52401|3341, 52404|3585, 52406|3647, 52409|3708, 52410|3778, 52411|5098, 52412|6585, 52413|6645, 52417|6714, 52418|6837, 52419|6918, 52424|7117, 52427|7246, 52430|7331, 52431|7394, 52433|7464, 52437|7529, 52440|7590, 52442|7654, 52444|7714, 52445|7769, 52447|7828, 52449|7889, 52450|8011, 52451|8079, 52452|8143, 52457|8210, 52462|8284, 52465|8346, 52470|8403, 52473|8460, 52475|8528, 52479|10070, 52484|10413, 52489|10470, org.zwanoo.android.speedtest, 
52490|1780, 52491|1974, 52498|2301, 52500|2373, 52505|2445, 52510|2507, 52512|2567, 52513|2675, 52515|2746, 52516|2803, 52518|3152, 52525|3242, 52530|3318, 52533|3389, 52535|3565, 52540|3736, 52541|3792, 52544|3850, 52545|6625, 52549|6686, 52550|6871, 52551|6932, 52556|7204, 52557|7325, 52565|7390, 52567|7456, 52571|7522, 52575|7588, 52578|7652, 52580|7719, 52581|7786, 52583|7851, 52585|7918, 52586|7982, 52587|8044, 52588|8111, 52589|8173, 52593|8248, 52596|8316, 52599|8372, 52601|8432, 52606|8495, 52608|8558, 52610|8651, 52611|10093, 52615|10181, 52616|10291, 52618|10372, 52626|10429, org.zwanoo.android.speedtest, 
52631|1434, 52632|1534, 52634|1599, 52641|1671, 52642|1724, 52643|1779, 52645|2100, 52653|2198, 52664|2276, 52673|2351, 52676|2429, 52678|2586, 52680|2682, 52684|2762, 52685|2843, 52687|2926, 52688|3606, 52689|3740, 52691|4575, 52695|4642, 52696|4723, 52698|4829, 52712|4923, 52713|5006, 52716|5102, 52721|5194, 52722|5272, 52727|5388, 52732|5506, 52733|5609, 52735|5839, 52746|5914, 52747|5994, 52748|6076, 52755|6185, 52760|6346, 52762|6611, 52763|6776, 52767|6831, 52778|10075, 52781|10180, de.mcdonalds.mcdonaldsinfoapp, 
52785|1607, 52795|1744, 52806|1859, 52808|1959, 52811|2462, 52812|9348, 52818|10167, 52819|12089, 52820|12170, 52827|12258, 52828|12602, 52833|12720, 52835|12873, de.pilot.newyorker.android, 
52837|1, 52838|58, 52852|126, 52853|381, 52855|1783, 52858|1863, 52861|2182, 52863|2239, 52865|2305, 52895|2368, 52921|2440, 52922|2623, 52923|3385, 52925|4265, 52941|4334, 52972|4429, 52976|4510, 52977|4770, 53010|4834, 53011|4905, 53012|5656, 53015|5724, 53017|5814, 53020|5898, 53022|6183, 53034|6255, 53044|7329, 53065|7400, 53069|8053, 53095|8139, 53097|8220, 53113|8298, 53131|8377, 53133|8452, 53147|8610, 53154|8757, 53190|8845, 53201|8936, 53211|9036, 53213|9118, 53220|9682, 53234|9777, 53248|9877, 53250|9961, 53256|10043, 53259|10138, 53266|10218, 53276|10444, 53277|10548, 53279|12712, de.spiegel.android.app.spon, 
53283|1559, 53286|1632, 53287|2255, 53288|2313, 53289|7006, com.whatsapp, 
53290|1685, 53293|1767, 53294|1843, 53295|2046, 53298|2106, 53299|2157, 53301|2218, 53311|2281, 53357|2341, 53358|2536, 53359|3288, 53360|4146, 53363|4208, 53409|4325, 53410|4403, 53415|4638, 53418|4701, 53419|4847, 53421|4917, 53422|5712, 53425|5785, 53427|5859, 53429|5970, 53431|6345, 53449|6422, 53472|6865, 53473|7443, 53479|7524, 53500|7628, 53509|7699, 53510|7770, 53511|8237, 53515|8423, 53527|8506, 53554|8593, 53562|8671, 53563|8737, 53589|9029, 53590|9116, 53591|9218, 53593|9348, 53596|9541, 53608|9643, 53621|9756, 53626|9845, 53634|9942, 53643|10058, 53649|10145, 53657|10233, 53658|10311, 53660|10412, 53672|10465, 53674|10513, 53675|10616, de.spiegel.android.app.spon, 
53676|1176, 53685|1307, 53689|1407, 53692|1497, 53696|1725, 53698|2047, 53704|2102, 53705|2206, 53706|2257, 53708|2321, 53712|2380, 53717|2436, 53718|2556, 53719|2704, 53720|2779, 53721|2836, 53724|2909, 53726|5173, 53727|5250, 53732|5306, 53733|5363, 53737|5487, 53741|5538, 53743|6121, 53754|6235, 53756|6297, 53757|6356, 53758|6415, 53761|6476, 53766|10189, 53767|11384, 53771|11457, 53772|11954, 53775|12021, 53780|12155, com.airbnb.android, 
53781|1064, 53783|1186, 53784|1643, 53787|1759, 53788|2032, 53794|2104, 53805|2204, 53825|2283, 53851|2381, 53852|2585, 53858|2688, 53859|2949, 53861|3134, 53862|3500, 53865|3566, 53869|4038, 53872|4115, 53918|4214, 53919|4341, 53923|4661, 53927|5341, 53928|5446, 53940|5554, 53943|5675, 53944|6843, 53967|7328, 53968|7809, 53969|7897, 53979|8011, 54011|8111, 54031|8203, 54032|8279, 54033|8471, 54043|8558, 54075|8658, 54085|8770, 54095|8875, 54097|8995, 54099|9276, 54102|9629, 54110|9741, 54121|9838, 54128|9954, 54134|10083, 54138|10222, 54139|10337, 54146|10484, 54151|10543, 54152|10671, de.spiegel.android.app.spon, 
54153|114, 54155|754, 54156|817, 54157|891, 54158|2020, 54159|2142, 54166|2337, 54167|2610, 54169|2927, 54170|2990, 54172|3148, 54181|3309, 54188|3389, 54189|3472, 54200|3530, 54206|3620, 54209|3691, 54220|3785, 54221|3859, 54222|3929, 54228|4023, 54232|4097, 54234|4153, 54237|4218, 54238|4532, 54239|4601, 54267|5824, 54268|5878, 54316|6581, 54319|7131, 54320|7253, 54325|10251, 54330|10308, de.zalando.mobile, 
54331|1773, 54335|1868, 54337|1979, 54339|2097, 54340|2161, 54345|2220, 54347|2334, 54357|2431, 54358|2509, 54359|2596, 54360|2734, 54363|3215, 54366|3555, 54367|3646, 54368|3729, 54369|3793, 54374|3854, 54380|3913, 54384|3985, 54395|4056, 54401|4161, 54407|4276, 54428|4527, 54433|4640, 54439|4734, 54441|4794, 54445|4854, 54448|4912, 54449|4972, 54450|5036, 54453|5128, 54455|5296, 54456|10300, 54462|10375, 54464|10488, com.moshbit.studo, 
54465|1860, 54466|2289, 54473|2492, 54474|2703, 54476|2956, 54477|3029, 54483|3134, 54488|3198, 54494|3277, 54496|3366, 54507|3471, 54509|3541, 54514|3630, 54516|3691, 54518|3759, 54593|3865, 54594|3977, 54596|4547, 54598|4610, 54599|4680, 54605|10595, 54607|10740, de.zalando.mobile, 
54608|3604, 54638|3737, 54648|3911, 54649|4338, 54650|4408, 54655|4512, 54657|4604, 54658|6016, 54664|6134, 54666|6342, 54668|7991, 54672|8057, 54673|8143, 54675|8206, 54678|8292, 54680|8365, 54683|10081, 54684|11215, org.chromium.chrome, 
54685|2675, 54690|2762, 54696|2983, 54701|3163, 54705|3282, 54709|3521, 54713|3742, 54717|3848, 54720|3923, 54721|3995, 54723|4508, 54724|4584, 54726|4672, 54732|4758, 54735|4825, 54736|4901, 54769|5696, 54773|6347, 54777|6439, 54780|6498, 54781|6643, 54784|10826, 54792|10904, com.waze, 
54793|2635, 54797|2722, 54800|2854, 54804|2981, 54808|3228, 54812|3332, 54816|3555, 54822|3710, 54824|3799, 54825|4316, 54827|4451, 54859|5532, 54864|6218, 54869|6293, 54872|6418, 54873|6496, 54883|10862, com.waze, 
54884|2201, 54885|2313, 54889|2403, 54891|2507, 54893|2603, 54894|2675, 54896|2822, 54897|2979, 54899|3187, 54905|3296, 54907|3402, 54911|3522, 54912|4085, 54913|4297, 54914|4400, 54915|5771, 54917|10933, com.duckduckgo.mobile.android, 
54919|2484, com.whatsapp, 
54920|2507, 54923|3217, 54925|3286, 54926|6869, 54927|7002, 54928|7070, 54934|7140, 54938|7741, 54939|7810, 54940|7883, 54943|8325, 54944|8394, com.whatsapp, 
54945|2966, 54946|3167, 54953|3396, 54954|3889, 54956|4070, 54958|5336, 54959|5394, 54963|5450, 54964|5517, 54968|5635, 54971|5688, 54972|5795, 54975|5852, 54976|5915, 54979|5980, 54980|6217, 54981|6656, 54982|6777, 54983|6892, 54984|6946, 54986|7067, 54988|10770, 54992|10830, com.twitter.android, 
54993|2261, 55003|2343, 55008|2407, 55009|2467, 55011|2890, 55015|10424, com.instagram.android, 
55017|1264, 55021|1355, 55022|1446, 55023|1512, 55026|1576, 55032|1640, 55033|1701, 55034|1757, 55035|2052, 55037|2129, 55050|2199, 55051|2272, 55054|2328, 55055|2393, 55057|2570, 55059|2689, 55072|2764, 55073|2844, 55075|2942, 55076|3018, 55078|3081, 55079|3425, 55081|3900, 55083|4325, 55086|4399, 55088|4487, 55090|4564, 55091|4651, 55098|4716, 55103|4824, 55105|4909, 55106|5011, 55109|5395, 55121|5500, 55125|5696, 55128|5766, 55129|5823, 55130|5938, 55131|5991, 55136|6098, 55137|6281, 55138|6493, 55144|10091, 55151|10141, 55153|10195, 55154|10666, de.mcdonalds.mcdonaldsinfoapp, 
55155|2569, 55185|2693, 55196|2811, 55197|2939, 55204|3030, 55205|3901, 55206|3994, 55213|4088, 55215|5723, 55216|6962, 55217|7013, 55221|7087, 55222|7139, 55227|7196, 55229|7297, 55232|9089, 55233|10119, org.chromium.chrome, 
55235|1919, 55238|8164, 55242|11462, com.whatsapp, 
55243|1507, 55244|1613, 55248|1717, 55250|1808, 55252|1891, 55253|1955, 55255|2100, 55256|2177, 55258|2339, 55265|2433, 55266|2527, 55268|2605, 55272|2693, 55273|2980, 55274|3098, 55275|4332, 55277|10195, com.duckduckgo.mobile.android, 
55279|1830, 55283|1915, 55284|2013, 55289|2105, 55295|2283, 55296|2713, 55300|3082, 55302|3383, 55304|3457, 55309|3554, 55312|3639, 55313|3728, 55316|3892, 55322|4356, 55348|4438, 55354|4527, 55360|4632, 55382|4699, 55390|4773, 55391|6086, 55395|6168, 55402|6235, 55411|6377, 55412|6451, 55415|7184, 55428|7281, 55435|7380, 55438|7499, 55439|7638, 55445|7743, 55446|7819, 55447|7878, 55448|7951, 55452|8041, 55457|8108, 55462|8171, 55466|8235, 55479|8305, 55487|8382, 55495|8438, 55500|8527, 55501|8605, 55502|8670, 55504|8881, 55508|9061, 55512|9131, 55513|9200, 55514|10114, 55531|10428, 55533|10659, org.mozilla.firefox, 
55534|2006, com.whatsapp, 
55535|1533, 55536|1619, 55540|1713, 55542|1795, 55544|1878, 55545|1997, 55547|2061, 55548|2128, 55550|2201, 55551|2370, 55552|2563, 55557|2662, 55558|2761, 55563|2844, 55564|2916, 55565|2980, 55566|3047, 55568|4360, 55569|4627, 55571|10276, com.duckduckgo.mobile.android, 
55572|1698, 55576|1771, 55578|1830, 55580|1952, 55581|2014, 55583|2147, 55584|2245, 55590|2322, 55591|2404, 55595|2483, 55600|2567, 55601|3004, 55602|3127, 55603|4072, 55604|10198, 55605|10261, com.duckduckgo.mobile.android, 
55607|1761, 55651|1899, 55691|2028, 55710|2160, 55748|2301, 55766|2387, 55768|2453, 55773|2564, 55776|3255, 55777|5929, 55778|5983, 55779|6096, 55786|6210, 55809|6278, 55847|6337, 55864|6389, 55870|6441, 55873|6820, 55877|6901, 55878|6953, 55882|7014, 55886|7087, 55890|7150, 55893|7199, 55894|7250, 55898|7305, 55901|7358, 55902|7408, 55905|7458, 55906|7512, 55910|7570, 55930|10151, com.fsck.k9, 
55932|1579, 55936|1663, 55937|1721, 55939|1783, 55941|2255, 55950|2359, 55972|2475, 55975|2551, 55978|2700, 55988|2858, 55989|3037, 55990|3105, 55992|3181, 55994|3241, 55996|3399, 55999|3467, 56004|3542, 56006|3616, 56007|5362, 56010|8234, 56016|8300, 56017|8362, 56020|8430, 56021|8570, 56022|8899, 56024|9004, 56028|9094, 56029|9246, 56030|9324, 56033|10067, 56044|10267, 56046|10331, 56047|10678, 56051|10738, 56052|11085, 56053|11146, 56054|11219, de.prosiebensat1digital.prosieben, 
56056|1936, 56057|2003, 56059|2067, 56062|2139, 56063|2204, 56074|2281, 56078|2415, 56082|2478, 56084|2592, 56087|2651, 56088|2715, 56089|2771, 56090|3642, 56094|5214, 56104|5283, 56108|5358, 56111|5470, 56116|5552, 56118|5875, 56121|6015, 56122|6137, 56126|6208, 56128|6274, 56129|6363, 56132|6427, 56135|6483, 56143|6914, 56150|6987, 56151|7557, 56157|10370, 56159|10486, com.paypal.android.p2pmobile, 
56160|2213, 56168|2570, 56170|2653, 56174|2713, 56175|2774, 56176|2967, 56180|3545, 56188|3622, 56196|3702, 56199|3800, 56201|3855, 56205|3935, 56208|4331, 56210|4399, 56213|4467, 56214|4607, 56215|5746, 56216|7176, 56217|7253, 56221|7320, 56222|7458, 56223|7587, 56228|7751, 56231|7906, 56237|7971, 56239|8058, 56241|8130, 56245|8214, 56250|8280, 56253|8354, 56254|8498, 56256|8572, 56258|8642, 56259|8797, 56260|8867, 56261|8941, 56263|9012, 56269|9079, 56272|9145, 56275|9227, 56281|9322, 56285|9413, 56286|9520, 56296|10492, org.zwanoo.android.speedtest, 
56299|1577, 56300|1664, 56301|2006, 56320|2202, 56326|2421, 56333|2538, 56335|2637, 56337|2717, 56339|2805, 56340|2908, 56350|3020, 56351|5012, 56352|5115, 56353|5855, 56355|6802, 56361|6912, 56401|7029, 56433|7118, 56434|7246, 56436|7727, 56437|7832, 56440|8292, 56442|8392, 56443|8479, 56444|8582, 56446|9263, 56448|9488, 56449|9580, 56451|9674, 56453|10655, 56454|10762, 56458|10854, 56462|10984, 56465|11161, 56475|11268, 56478|11340, 56480|11405, de.prosiebensat1digital.prosieben, 
56482|2925, 56486|3012, 56487|3087, 56489|3160, 56492|3579, 56497|3725, 56498|3843, 56501|3944, 56505|4146, 56509|4369, 56514|4467, 56516|4544, 56517|4615, 56521|5136, 56528|5227, 56531|5299, 56532|5403, 56533|5574, 56534|5665, 56537|6545, 56540|6625, 56541|6708, 56553|6779, 56575|6961, 56578|7702, 56580|7771, 56589|7839, 56592|7987, 56593|8057, 56604|11104, com.waze, 
56609|1784, 56610|1906, 56611|2011, 56613|2591, 56624|2737, 56645|2936, 56647|3081, 56650|3182, 56660|3405, 56661|3505, 56664|3598, 56665|3702, 56668|3826, 56671|3921, 56676|4029, 56678|4124, 56679|5759, 56683|8220, 56684|8368, 56685|8779, 56689|8862, 56690|9051, 56691|9154, 56692|10190, 56693|10293, 56701|11108, 56703|11186, 56704|11508, 56706|11839, 56708|11912, de.prosiebensat1digital.prosieben, 
56714|1661, 56722|1769, 56726|1913, 56730|2061, 56732|2704, 56738|2771, 56739|2844, 56742|2913, 56749|2985, 56751|3059, 56754|3148, 56756|3336, 56759|3522, 56761|5787, 56767|5921, 56768|6017, 56773|6107, 56776|6198, 56777|7201, 56780|7267, 56790|7339, 56792|7411, 56795|7478, 56796|7564, 56801|10980, 56806|12481, 56808|13218, 56811|13350, 56815|13504, 56816|13836, 56817|13988, com.airbnb.android, 
56818|1, 56824|2634, 56830|2758, 56834|2892, 56836|3023, 56838|3171, 56844|3303, 56848|3404, 56850|3491, 56853|3590, 56854|3714, 56856|4645, 56861|4722, 56862|5350, 56866|6022, 56867|6111, 56874|6672, 56875|6795, 56882|7455, 56883|7546, 56889|8118, 56894|8618, 56900|10799, org.indywidualni.fblite, 
56902|413, 56903|558, 56904|2483, com.whatsapp, 
56905|2152, 56910|2270, 56914|2442, 56915|2598, 56917|2690, 56918|2852, 56919|2958, 56925|3066, 56926|3157, 56932|3301, 56933|3919, 56934|4106, 56935|4221, 56936|5614, 56938|10987, com.duckduckgo.mobile.android, 
56939|2193, 56940|2404, 56947|2575, 56949|2989, 56953|3069, 56956|3136, 56957|3220, 56963|3310, 56964|3394, 56965|3472, 56966|3538, 56969|4149, 56978|4259, 56984|4430, 56987|4823, 56989|4928, 56992|5005, 56993|5097, 56994|7838, 56999|7921, 57000|8088, 57001|8172, 57007|8602, 57008|8699, 57016|8781, 57018|8861, 57021|8947, 57026|9030, 57029|9111, 57032|9196, 57034|9297, 57036|9378, 57037|9480, 57039|9575, 57040|9675, 57045|9782, 57050|9872, 57056|9989, 57061|10090, 57063|10208, 57073|11031, org.zwanoo.android.speedtest, 
57075|2238, 57079|2354, 57086|2667, 57091|2828, 57092|2951, 57093|3317, 57097|3701, 57098|3958, 57099|4287, 57100|4383, 57107|4476, 57109|4658, 57110|4748, 57114|5256, 57120|5613, 57156|5701, 57158|5818, 57166|5909, 57174|5996, 57214|6096, 57219|6185, 57230|6273, 57237|6365, 57239|6450, 57240|7850, 57242|8213, 57249|8610, 57251|8688, 57252|8762, 57263|9471, 57266|9576, 57269|9721, 57270|10150, 57276|10578, 57277|10671, 57284|10796, 57295|10907, 57302|11013, 57310|11166, 57327|11295, 57329|11463, org.mozilla.firefox, 
57335|2448, 57336|2538, 57340|2639, com.isis_papyrus.raiffeisen_pay_eyewdg, 
57344|1666, 57357|1792, 57359|1926, 57363|2129, 57364|2854, 57370|2921, 57371|3004, 57375|3076, 57380|3143, 57383|3208, 57387|3274, 57388|3486, 57393|3839, 57394|5910, 57395|5995, 57401|6083, 57402|6169, 57406|6256, 57410|6334, 57411|6408, 57412|7337, 57413|7406, 57426|7475, 57428|7547, 57432|7616, 57438|10863, 57439|11964, 57444|12071, 57445|12658, 57446|12746, 57456|12847, 57457|12916, 57458|12993, com.airbnb.android, 
57459|1322, 57461|1496, 57465|1605, 57466|1692, 57471|1836, 57484|2013, 57486|2131, 57487|2224, 57492|2342, 57499|2455, 57507|2574, 57518|2664, 57519|2899, 57522|3017, 57525|3435, 57536|3540, 57539|3625, 57542|3749, 57546|3861, 57551|4173, 57558|6320, 57559|6564, 57566|6655, 57567|7693, 57579|7775, 57583|7863, 57584|7955, 57588|8039, 57597|10937, 57599|12274, 57603|12395, 57605|13020, 57611|13111, com.airbnb.android, 
57612|2359, 57613|2658, 57614|2762, 57616|2864, 57623|2970, 57624|3165, 57625|3500, 57631|3952, 57633|4363, 57640|4497, 57641|4596, 57647|4693, 57654|4841, 57665|5011, 57670|5176, 57675|5323, 57682|5441, 57758|5615, 57761|5983, 57763|6088, 57770|6766, 57777|7422, 57778|7498, 57782|7673, 57784|8346, 57785|8442, 57791|10939, 57793|11015, de.zalando.mobile, 
57796|1, 57797|81, 57798|2248, 57799|2458, 57806|2705, 57807|2911, 57811|3058, 57816|3134, 57822|3244, 57823|3330, 57824|3444, 57826|3582, 57830|4139, 57838|4250, 57840|4382, 57844|4488, 57849|5017, 57853|5146, 57855|7964, 57859|8041, 57860|8122, 57861|8206, 57867|8607, 57871|8788, 57878|8875, 57882|8970, 57887|9050, 57891|9138, 57892|9217, 57894|9297, 57896|9374, 57897|9454, 57899|9546, 57900|9649, 57908|9766, 57912|9880, 57919|10012, 57922|10130, 57924|11071, 57932|11145, org.zwanoo.android.speedtest, 
57938|3743, 57967|3881, 57973|3999, 57975|4115, 57980|4239, 57982|4342, 57983|5369, 57984|5443, 57989|5530, 57991|5697, 57992|8043, 57993|8121, 57997|8199, 57998|8268, 58004|8332, 58005|8402, 58006|10159, 58008|10229, 58009|10940, org.chromium.chrome, 
58010|3165, 58015|3269, 58048|3396, 58050|3528, 58051|3645, 58057|3760, 58059|3841, 58060|4868, 58061|4939, 58068|5110, 58069|7577, 58070|7643, 58074|7724, 58075|7796, 58081|7862, 58082|7936, 58083|8006, 58086|9713, 58087|10913, org.chromium.chrome, 
58089|2085, 58093|2181, 58095|2308, 58097|2390, 58098|2458, 58100|2545, 58101|2700, 58102|2873, 58103|2979, 58108|3068, 58111|3170, 58113|3346, 58115|3438, 58116|3709, 58117|3792, 58118|3946, 58119|5518, 58120|9590, 58122|11105, com.duckduckgo.mobile.android, 
58128|2326, 58129|2443, 58133|2524, com.isis_papyrus.raiffeisen_pay_eyewdg, 
58134|2808, 58139|2896, 58141|3044, 58142|3117, 58144|3465, 58149|3585, 58153|3791, 58157|3900, 58161|4155, 58164|4269, 58176|4364, 58180|4451, 58181|4525, 58183|5026, 58185|5118, 58186|5207, 58188|5478, 58189|6307, 58193|6580, 58195|6660, 58196|6729, 58208|6799, 58229|6906, 58230|7299, 58233|7599, 58236|7671, 58239|7737, 58243|7814, 58246|7946, 58247|8025, 58249|10801, 58258|10902, com.waze, 
58259|2553, 58264|2633, 58266|2755, 58268|2834, 58272|2939, 58274|3048, 58275|3227, 58281|3309, 58285|3384, 58286|3453, 58287|3535, 58289|3599, 58290|3694, 58296|10813, 58297|11160, 58298|11512, org.indywidualni.fblite, 
58299|2208, 58300|2386, 58307|2537, 58308|2758, 58309|3150, 58311|3895, 58318|3965, 58325|4034, 58328|4097, 58330|4175, 58332|4281, 58342|4391, 58347|4467, 58350|4533, 58354|4608, 58355|5075, 58429|5204, 58430|5291, 58431|7418, 58432|7493, 58438|10819, 58440|10895, 58441|12176, 58442|12255, 58448|12328, 58450|12550, 58452|12615, 58454|12681, 58458|12982, 58459|13194, de.zalando.mobile, 
58460|1863, 58465|1972, 58466|2080, 58468|2193, 58469|2300, 58470|2373, 58476|2454, 58477|2527, 58478|2612, 58479|3103, 58489|3219, 58491|3305, 58497|3427, 58499|3525, 58500|3611, 58502|3710, 58507|3843, 58517|3935, 58519|4036, 58522|4130, 58523|4229, 58524|5024, 58525|5198, 58526|6392, 58532|6482, 58533|6589, 58536|6678, 58549|6979, 58551|7097, 58554|7180, 58558|7304, 58560|7391, 58566|7528, 58575|7657, 58577|7812, 58585|8102, 58586|8211, 58587|8302, 58589|8403, 58595|8525, 58601|8600, 58603|8744, 58605|8959, 58610|9024, 58621|10960, 58625|11026, de.mcdonalds.mcdonaldsinfoapp, 
58626|2399, 58632|2499, 58635|2612, 58639|2714, 58641|2830, 58643|2945, 58648|3043, 58652|3109, 58653|3178, 58655|3245, 58657|3315, 58659|3422, 58665|10815, org.indywidualni.fblite, 
58666|2590, 58667|2730, com.whatsapp, 
58669|827, 58671|1266, 58679|2114, 58716|2252, 58760|2376, 58777|2578, 58816|2750, 58832|2862, 58838|3079, 58842|6779, 58846|6845, 58850|6913, 58854|6979, 58858|7042, 58862|7107, 58866|7175, 58870|7245, 58874|7308, 58878|7382, 58880|10856, 58899|10938, com.fsck.k9, 
58901|652, 58903|2414, 58909|2512, 58912|2612, 58916|2693, 58917|2793, 58919|2908, 58924|3014, 58928|3089, 58930|3159, 58934|3229, 58935|3323, 58941|10789, 58944|12666, 58945|12728, org.indywidualni.fblite, 
58961|1727, 58965|1827, 58967|1960, 58971|2109, 58972|2576, 58978|2663, 58979|2732, 58980|2809, 58982|2880, 58989|2956, 58993|3032, 58994|3107, 58995|3303, 58999|3390, 59000|5650, 59001|5747, 59007|5860, 59008|5940, 59012|6014, 59016|6096, 59018|6949, 59030|7013, 59031|7081, 59033|7154, 59037|7225, 59042|10927, 59047|12118, 59048|12812, 59051|12894, 59052|12993, 59057|13090, 59061|13164, com.airbnb.android, 
59062|1591, 59064|1734, 59065|1874, 59066|2089, 59071|2187, 59073|2387, 59075|2483, 59078|2610, 59081|2758, 59083|2875, 59089|2979, 59091|3105, 59095|3228, 59103|3582, 59104|3791, 59105|4039, 59106|4600, 59109|4698, 59115|5280, 59122|5789, 59123|5857, 59128|6428, 59129|6572, 59132|6642, 59134|10833, com.duckduckgo.mobile.android, 
59135|2075, com.whatsapp, 
59136|1932, 59137|2107, 59144|2300, 59145|2502, 59146|2745, 59147|2996, 59148|3095, 59150|3161, 59156|3270, 59158|3323, 59167|3400, 59175|3504, 59187|3678, 59189|3766, 59199|3872, 59202|3960, 59204|4029, 59280|4108, 59282|4184, 59283|6757, 59284|6815, 59288|10322, 59290|10385, 59292|10447, de.zalando.mobile, 
59295|2569, 59305|2678, 59309|2743, 59311|2868, 59315|10520, com.instagram.android, 
59316|2072, 59321|2514, 59323|2586, 59324|2795, 59325|3003, 59326|3094, 59327|3168, 59333|3259, 59336|3319, 59343|3385, 59344|3469, 59346|3525, 59355|3620, 59357|3678, 59362|3739, 59365|3814, 59367|3878, 59384|4034, 59443|4131, 59445|4222, 59447|4492, 59448|4596, 59454|10148, 59456|10256, de.zalando.mobile, 
59457|1259, 59462|1356, 59463|1449, 59464|1523, 59469|1584, 59472|1645, 59473|1701, 59474|1798, 59475|2091, 59481|2158, 59483|2208, 59488|2294, 59494|2386, 59497|2540, 59502|2634, 59513|2710, 59516|2782, 59517|2849, 59519|2911, 59520|3372, 59521|3595, 59522|4295, 59527|4351, 59528|4484, 59531|4557, 59539|4726, 59544|4815, 59546|4902, 59549|5008, 59554|5106, 59559|5233, 59565|5377, 59574|5659, 59579|5746, 59580|5818, 59582|5881, 59588|5932, 59595|6032, 59597|6081, 59601|6135, 59602|6203, 59603|6511, 59615|10093, 59617|10202, de.mcdonalds.mcdonaldsinfoapp, 
59618|1881, 59619|1955, 59625|2034, 59627|2101, 59631|2184, 59632|2351, 59633|2421, 59635|2478, 59636|2529, 59640|2584, 59644|2633, 59645|2684, 59646|2736, 59649|2791, 59650|2852, 59653|10041, 59656|10090, org.indywidualni.fblite, 
59657|1462, 59658|1527, 59662|1601, 59663|1687, 59665|1778, 59666|1867, 59667|1947, 59669|2005, 59673|2057, 59682|2179, 59685|2247, 59686|2304, 59687|2367, 59688|2545, 59694|3095, 59695|3170, 59696|3248, 59697|3334, 59698|3414, 59703|3471, 59707|3530, 59709|3585, 59716|3638, 59733|3699, 59735|3826, 59739|3943, 59741|4040, 59748|4136, 59769|4244, 59770|4331, 59771|4390, 59772|4455, 59777|4509, 59778|4619, 59779|4669, 59782|4733, 59783|9906, 59785|9967, 59786|10144, 59789|10197, 59791|10301, com.moshbit.studo, 
59793|1766, 59797|1844, 59803|2010, 59808|2162, 59809|2386, 59810|2961, 59814|3279, 59815|3382, 59822|3468, 59823|3544, 59825|3622, 59826|3706, 59827|3779, 59830|3871, 59836|4322, 59864|4416, 59868|4493, 59877|4571, 59917|4659, 59927|4735, 59944|4803, 59947|4869, 59948|4928, 59950|4979, 59954|6171, 59955|6564, 59961|6624, 59962|6689, 59964|7259, 59974|7343, 59978|7429, 59980|7511, 59981|7641, 59983|7836, 59987|7907, 59990|7991, 60004|8059, 60013|8135, 60025|8203, 60035|8285, 60039|8361, 60048|8471, 60049|8529, 60050|9515, 60051|9782, 60054|9835, 60055|10325, 60069|10390, 60071|10602, org.mozilla.firefox, 
60072|1922, 60073|2453, 60103|2616, 60113|2747, 60116|2842, 60121|2934, 60123|3014, 60124|3847, 60130|3964, 60132|4078, 60133|5775, 60134|5829, 60140|5882, 60141|6051, 60143|6118, 60144|6389, 60145|6452, 60146|6516, 60150|6971, 60151|7026, 60156|7092, 60157|7159, 60163|7212, 60164|7317, 60165|9067, 60167|9132, 60168|10126, org.chromium.chrome, 
60170|2198, 60174|2272, 60175|2327, 60177|2446, 60179|2725, 60181|2800, 60185|2895, 60189|3050, 60190|3118, 60193|3214, 60197|3308, 60202|3369, 60204|3427, 60205|3499, 60206|3885, 60208|3946, 60214|4023, 60216|4083, 60220|4143, 60222|4381, 60227|4974, 60229|5029, 60230|5142, 60242|5195, 60264|5257, 60267|5766, 60269|5818, 60273|5871, 60278|5924, 60281|6035, 60282|6145, 60284|10028, 60293|10081, com.waze, 
60295|2049, 60301|2145, 60303|2233, 60308|2313, 60310|2416, 60312|2552, 60317|2609, 60321|2655, 60323|2763, 60326|2819, 60328|2890, 60334|10171, org.indywidualni.fblite, 
60336|2063, 60339|2167, 60340|2508, 60344|2592, 60346|2659, 60356|2730, 60381|2804, 60403|2897, 60404|2962, 60405|3417, 60406|4967, 60424|5055, 60455|5198, 60458|5312, 60464|5396, 60465|5486, 60478|5574, 60479|5864, 60481|5940, 60483|6026, 60485|6105, 60486|6177, 60493|6822, 60499|6964, 60502|7121, 60512|8400, 60527|8491, 60554|8605, 60555|8692, 60559|8921, 60560|8992, 60563|9091, 60569|9193, 60599|9298, 60610|9480, 60623|9560, 60625|10106, 60630|10189, 60667|10283, 60673|10376, 60679|10469, 60681|10601, 60692|10733, 60693|10846, de.spiegel.android.app.spon, 
60694|2212, 60698|2294, 60706|2526, 60710|2655, 60714|2840, 60718|3016, 60725|3105, 60726|3166, 60728|3670, 60729|3795, 60760|4717, 60762|4794, 60766|5316, 60771|5390, 60777|5510, 60778|5570, 60779|5631, 60789|10300, 60791|12671, com.waze, 
60794|2069, 60798|2242, 60808|2388, 60812|2515, 60819|2609, 60821|2680, 60825|2980, 60826|3060, 60833|10870, 60834|12957, 60835|13188, 60842|13425, de.pilot.newyorker.android, 
60843|171, 60848|246, 60850|392, 60852|463, 60853|543, 60854|608, 60868|693, 60869|844, 60871|5902, 60872|5969, 60877|6112, 60881|6263, 60883|6332, 60884|6394, 60887|6464, 60890|6561, 60893|6640, 60894|6788, 60896|11045, 60898|11115, com.twitter.android, 
60899|1824, 60904|1946, 60905|2063, 60909|2213, 60913|2301, 60916|2371, 60919|2442, 60926|2521, 60927|2594, 60928|2750, 60929|2840, 60930|2909, 60931|3272, 60933|3338, 60936|3924, 60937|4032, 60938|4145, 60943|4229, 60949|4303, 60958|4375, 60970|4482, 60971|4691, 60975|4839, 60994|5004, 60999|5113, 61009|5245, 61010|5335, 61013|5406, 61014|10643, 61019|10774, 61021|10911, com.moshbit.studo, 
61026|1986, 61027|2105, 61029|2187, 61030|2960, 61034|3092, 61059|3295, 61065|3416, 61071|3649, 61078|3796, 61081|3890, 61082|3976, 61083|4067, 61085|4169, 61090|4252, 61094|4366, 61095|4536, 61096|6267, 61097|9335, 61103|9430, 61105|9515, 61108|9601, 61110|9710, 61113|10235, 61114|10339, 61118|10445, 61120|10644, 61128|11392, 61130|11461, 61131|11866, 61135|11937, 61136|12350, 61137|12426, 61138|12525, de.prosiebensat1digital.prosieben, 
61139|5370, 61144|5438, 61148|5584, 61150|5656, 61152|5728, 61154|5804, 61155|5871, 61157|5941, 61160|6005, 61161|6234, 61163|10940, 61165|11020, com.twitter.android, 
61170|1787, 61182|1973, 61184|2161, 61185|2269, 61189|2383, 61191|2975, 61197|3051, 61198|3133, 61200|3207, 61208|3277, 61212|3358, 61213|3439, 61214|3729, 61219|4200, 61221|4368, 61222|6127, 61229|6238, 61230|6330, 61234|6416, 61238|6512, 61240|7604, 61251|7672, 61254|7742, 61255|7809, 61259|7882, 61260|9329, 61265|10919, 61270|12296, 61271|12910, 61272|12998, 61275|13091, 61279|13365, com.airbnb.android, 
61280|1508, 61282|1634, 61284|2337, 61288|2505, 61299|2788, 61300|3333, 61301|3480, 61305|3918, 61306|4538, 61316|4869, 61324|5022, 61325|5152, 61328|5284, 61329|5418, 61365|5663, 61371|5837, 61399|5985, 61404|6083, 61408|6453, 61409|6580, 61416|7307, 61417|7407, 61418|7978, 61421|8127, 61428|8387, 61430|8530, 61436|8649, 61440|8775, 61447|8909, 61448|9017, 61462|9402, 61472|9528, 61478|9655, 61490|9794, 61494|9961, 61508|10567, 61525|10681, 61529|10797, 61532|11059, 61545|11187, 61550|11326, 61551|11446, 61567|11541, 61569|11732, 61572|14148, 61573|14218, org.mozilla.firefox, 
61578|1723, 61580|1895, 61581|2053, 61583|2141, 61589|2248, 61591|2355, 61593|2756, 61601|2871, 61607|2995, 61609|3142, 61610|3267, 61613|3521, 61617|3630, 61626|3768, 61632|3888, 61635|3981, 61636|4702, 61637|4837, 61640|5872, 61643|5988, 61644|6093, 61648|6246, 61659|6365, 61661|6450, 61662|6541, 61663|6737, 61666|7246, 61678|7360, 61679|7593, 61684|7673, 61685|7780, 61686|7977, 61690|8062, 61693|8156, 61694|8227, 61695|8537, 61700|10839, 61708|10907, 61710|10973, de.mcdonalds.mcdonaldsinfoapp, 
61711|2441, 61716|2543, 61721|2709, 61722|2802, 61728|2939, 61729|3032, 61732|3115, 61736|3207, 61740|3273, 61742|3339, 61746|3411, 61748|3563, 61751|10784, 61754|10866, org.indywidualni.fblite, 
61756|2282, 61757|2373, 61762|2478, 61770|2577, 61774|2656, 61778|2751, 61782|2825, 61783|2903, 61784|2976, 61787|3054, 61788|3123, 61789|3189, 61791|6227, 61807|6345, 61808|6529, 61815|6627, 61819|7623, 61822|7693, 61828|8019, 61829|8118, 61831|8669, 61836|10910, 61838|10976, com.paypal.android.p2pmobile, 
61841|1585, 61843|1676, 61844|1737, 61849|1833, 61851|2166, 61859|2302, 61861|2414, 61881|2649, 61884|2761, 61885|2860, 61894|2972, 61895|3111, 61897|3193, 61900|3377, 61901|3465, 61903|3558, 61912|3781, 61913|3957, 61914|5313, 61918|8750, 61919|9081, 61920|9381, 61924|9466, 61925|9566, 61926|9789, 61930|10989, 61937|11471, 61939|11543, 61941|11972, 61945|12056, 61946|12311, 61947|12390, 61948|12484, de.prosiebensat1digital.prosieben, 
61950|2095, 61954|2207, 61965|2446, 61966|2910, 61967|3108, 61971|3509, 61972|3839, 61973|4163, 61976|4578, 61987|4672, 62011|4804, 62022|4916, 62042|5040, 62077|5132, 62083|5226, 62086|5343, 62087|5434, 62091|5514, 62093|7190, 62100|8105, 62101|8211, 62112|8419, 62113|8509, 62116|8588, 62117|8686, 62118|8883, 62119|9053, 62125|9154, 62128|9238, 62136|9318, 62139|9400, 62143|9518, 62150|9636, 62156|9726, 62160|9799, 62163|9879, 62168|10128, 62172|10221, 62176|10478, 62177|10834, 62191|10927, 62193|11148, org.mozilla.firefox, 
62194|2566, 62195|2791, 62202|2959, 62203|3259, 62204|3503, 62206|4325, 62212|4432, 62215|4506, 62218|4575, 62224|4683, 62230|4763, 62238|4884, 62245|4963, 62248|5046, 62249|5112, 62250|5209, 62284|5307, 62325|5429, 62326|5518, 62329|8070, 62330|8154, 62336|10944, 62338|11017, de.zalando.mobile, 
62342|2136, 62352|2270, 62363|2413, 62365|2516, 62368|3100, 62371|9615, 62372|9690, 62376|10853, 62377|13015, 62384|13166, de.pilot.newyorker.android, 
62385|1, 62390|89, 62392|323, 62394|413, 62404|579, 62408|672, 62409|1085, 62410|1306, 62411|2298, 62412|2527, 62419|2672, 62420|2898, 62421|3128, 62423|3834, 62429|3925, 62437|3993, 62440|4073, 62444|4180, 62446|4272, 62459|4374, 62462|4454, 62463|4525, 62465|4605, 62517|4895, 62541|4981, 62544|5431, 62545|5507, 62551|10870, 62553|10950, 62554|12297, 62560|12367, 62561|12440, 62563|12660, 62565|12750, 62567|12816, 62571|13255, 62572|13326, de.zalando.mobile, 
62573|2353, 62574|2442, 62577|2515, 62578|2611, 62580|2911, 62583|2992, 62585|3058, 62595|3131, 62641|3218, 62642|3367, 62643|4053, 62647|5876, 62677|5979, 62696|6095, 62698|6212, 62699|6604, 62701|6733, 62702|7817, 62703|7917, 62707|8008, 62709|8101, 62711|8198, 62721|10008, 62734|10125, 62735|10970, 62740|11125, 62742|11198, 62746|11264, 62747|11334, de.spiegel.android.app.spon, 
62748|2268, 62749|2450, 62756|2683, 62757|2842, 62759|3107, 62760|3187, 62765|3287, 62766|3723, 62767|3801, 62773|4335, 62782|4465, 62790|4609, 62793|4673, 62798|4779, 62799|4845, 62800|4935, 62803|5352, 62805|5449, 62808|5529, 62809|5603, 62810|5852, 62812|8366, 62816|8465, 62817|8538, 62818|8616, 62823|8850, 62824|9036, 62833|9118, 62835|9199, 62839|9287, 62845|9365, 62849|9448, 62850|9535, 62852|9632, 62854|9717, 62856|9813, 62857|9914, 62863|10042, 62867|10139, 62871|10233, 62877|10342, 62881|10443, 62882|10563, 62892|11078, org.zwanoo.android.speedtest, 
62894|2269, 62897|2348, 62898|2674, 62902|2774, 62904|2843, 62914|2922, 62948|2999, 62960|3089, 62961|3162, 62962|3676, 62965|5415, 63012|5527, 63013|5637, 63015|7538, 63019|7639, 63022|7741, 63023|8712, 63024|9445, 63049|9590, 63051|9742, 63053|10481, 63059|10627, 63084|10751, 63093|10845, 63094|10957, 63098|11357, 63099|11427, de.spiegel.android.app.spon, 
63113|1613, 63116|1725, 63118|1837, 63122|1997, 63124|2501, 63130|2568, 63131|2638, 63140|2746, 63142|2819, 63143|2881, 63146|2954, 63147|3180, 63152|3568, 63153|4821, 63155|5484, 63161|5599, 63166|5738, 63170|5815, 63172|7006, 63184|7076, 63187|7146, 63188|7215, 63192|7281, 63193|9947, 63195|10833, 63200|10931, 63201|11842, 63206|11946, 63207|12528, 63208|12610, 63211|12715, 63216|12836, 63220|12989, com.airbnb.android, 
63222|407, 63224|521, 63225|1201, 63227|1318, 63229|2051, 63233|2213, 63240|2562, 63245|2795, 63246|2970, 63248|3172, 63252|3461, 63255|3810, 63260|3943, 63261|4107, 63262|4367, 63263|4627, 63269|4777, 63271|4870, 63278|4993, 63310|5134, 63340|5391, 63378|5527, 63395|5676, 63397|5826, 63400|5931, 63408|6153, 63416|7135, 63418|7505, 63424|8002, 63432|8351, 63435|8484, 63436|8746, 63446|8864, 63450|8977, 63451|9108, 63453|9276, 63464|9789, 63466|9917, 63476|10056, 63480|10196, 63496|10343, 63498|10464, 63506|10741, 63507|10849, 63523|11195, 63525|11509, org.mozilla.firefox, 
63531|2320, 63542|2519, 63545|2649, 63551|2786, 63556|2930, 63557|3060, 63561|6075, 63575|6159, 63576|6358, 63585|6457, 63589|7532, 63592|7598, 63605|8098, 63606|8167, 63608|8663, 63614|10752, 63616|10889, com.paypal.android.p2pmobile, 
63617|2003, 63622|2144, 63624|2280, 63626|2387, 63627|2463, 63634|2672, 63635|2831, 63637|3077, 63641|4952, 63648|5032, 63653|5110, 63657|5171, 63659|5240, 63665|5386, 63666|5643, 63667|5858, 63673|11039, 63675|11141, 63676|11491, 63681|11608, 63683|12633, 63684|12769, com.tripadvisor.tripadvisor, 
63690|2483, 63691|2611, 63695|2723, com.isis_papyrus.raiffeisen_pay_eyewdg, 
63701|3851, 63736|4014, 63738|4448, 63743|4539, 63745|4627, 63746|6022, 63752|6169, 63754|6378, 63756|6455, 63757|7742, 63758|7811, 63759|7882, 63760|8026, 63761|8099, 63765|8168, 63766|8257, 63772|8323, 63773|8395, 63776|10179, 63777|11114, 63779|12312, org.chromium.chrome, 
63780|1916, 63785|2025, 63786|2129, 63788|2236, 63789|2306, 63795|2411, 63797|2494, 63805|3034, 63806|3127, 63814|3227, 63817|3315, 63818|3388, 63819|3471, 63820|3556, 63821|3667, 63822|3760, 63827|3888, 63838|4005, 63841|4190, 63842|4877, 63843|5042, 63844|6082, 63848|6172, 63850|6274, 63853|6357, 63856|6685, 63866|6798, 63868|6887, 63870|7011, 63872|7645, 63877|7753, 63879|7986, 63890|8100, 63891|8226, 63892|8348, 63893|8433, 63898|8501, 63899|8638, 63900|8847, 63913|10907, 63915|10978, de.mcdonalds.mcdonaldsinfoapp, 
63918|1666, 63919|1739, 63922|1855, 63924|1961, 63929|2227, 63952|2399, 63956|2638, 63959|2737, 63965|2840, 63969|2956, 63970|3068, 63971|3180, 63975|3557, 63978|3659, 63979|3748, 63981|3856, 63991|3956, 63993|5287, 63998|8671, 63999|9037, 64000|9124, 64004|9206, 64005|9287, 64006|9472, 64011|10704, 64013|10816, 64022|11047, 64024|11138, 64029|11536, 64030|11953, 64032|12053, de.prosiebensat1digital.prosieben, 
64034|2199, 64038|2284, 64040|2365, 64051|2518, 64053|2583, 64054|2650, 64059|2728, 64060|2794, 64061|2861, 64065|2942, 64066|3013, 64080|5873, 64082|5968, 64090|6070, 64093|7156, 64096|7224, 64108|7610, 64109|7852, 64112|9956, 64114|10027, 64120|10794, 64122|10874, com.paypal.android.p2pmobile, 
64123|3134, 64133|3223, 64139|3303, 64141|3759, 64142|10162, 64146|11031, 64147|11933, 64153|12076, 64154|12148, 64155|12431, 64156|12506, 64157|12579, 64160|12647, 64161|12788, 64164|13104, 64165|13303, com.instagram.android, 
64169|2109, 64170|2217, 64172|2320, 64173|2416, 64174|2521, 64176|2617, 64181|2706, 64193|2855, 64195|3013, 64196|3248, 64199|3679, 64200|4185, 64202|4290, 64203|4386, 64204|4476, 64209|4567, 64215|4637, 64222|4708, 64239|4785, 64241|5085, 64245|5207, 64265|5403, 64270|5517, 64281|5648, 64284|5737, 64287|5815, 64288|5887, 64291|5968, 64294|10956, 64295|11023, 64297|11096, com.moshbit.studo, 
64298|1726, 64300|1809, 64305|1911, 64306|2091, 64307|2155, 64311|2226, 64312|2292, 64313|2365, 64314|2590, 64318|8520, 64319|8611, 64320|8686, 64327|8769, 64328|8961, 64329|9141, 64330|9250, 64331|9434, 64333|9892, 64337|10925, com.tripadvisor.tripadvisor, 
64338|1753, 64343|1862, 64344|1992, 64347|2126, 64348|2218, 64353|2298, 64363|2446, 64365|2520, 64366|2608, 64367|2695, 64368|2877, 64371|3342, 64374|3876, 64375|3969, 64380|4062, 64381|4151, 64387|4219, 64399|4284, 64407|4359, 64408|4550, 64413|4715, 64417|4835, 64421|4969, 64445|5084, 64448|5198, 64451|5362, 64455|10907, 64457|11006, com.moshbit.studo, 
64463|2187, 64491|2303, 64537|2435, 64574|2636, 64606|2822, 64622|2903, 64627|3249, 64631|8038, 64635|8104, 64639|8235, 64643|8304, 64647|8370, 64651|8454, 64655|8516, 64659|8582, 64662|8650, 64666|8723, 64667|8802, 64687|10909, 64689|13608, com.fsck.k9, 
64691|1551, 64696|2165, 64699|2247, 64700|2322, 64704|2395, 64707|2463, 64718|2534, 64719|2599, 64723|2728, 64724|3190, 64725|3338, 64727|5735, 64741|5842, 64742|6049, 64749|6130, 64753|7208, 64756|7275, 64757|7492, 64763|7568, 64772|8032, 64778|10925, 64780|10990, 64784|12826, 64786|12902, com.paypal.android.p2pmobile, 
64789|1987, 64798|2070, 64836|2198, 64857|2324, 64879|2446, 64906|2571, 64911|2657, 64919|2742, 64932|2836, 64936|2921, 64942|3022, 64946|3105, 64948|3206, 64952|6524, 64955|6596, 64959|6665, 64960|6743, 64964|6814, 64968|6883, 64972|6954, 64976|7028, 64980|7121, 64984|7195, 64988|7268, 64989|10777, 64992|10895, 65009|10979, com.fsck.k9, 
65015|1961, 65016|2120, 65019|2250, 65025|2356, 65037|2545, 65038|2628, 65039|2779, 65040|2986, 65043|3434, 65045|3809, 65047|3925, 65048|4021, 65049|4119, 65054|4196, 65060|4284, 65072|4349, 65082|4448, 65083|4645, 65087|4828, 65089|4920, 65113|5086, 65122|5219, 65123|5302, 65127|5404, 65128|10573, 65130|10646, 65134|10840, 65136|10910, com.moshbit.studo, 
65138|2118, 65142|2203, 65143|2285, 65153|2355, 65156|2456, 65160|2563, 65162|2632, 65165|2698, 65166|2760, 65168|2827, 65169|4010, 65181|5747, 65185|5845, 65191|6033, 65193|6129, 65197|7171, 65199|7239, 65207|7692, 65213|7775, 65214|7994, 65220|10767, 65222|10903, com.paypal.android.p2pmobile, 
65232|2033, 65268|2151, 65307|2261, 65315|2409, 65349|2505, 65373|2603, 65383|2681, 65388|2749, 65392|6548, 65395|6612, 65396|6677, 65400|6746, 65404|6816, 65407|6882, 65411|6952, 65415|7026, 65419|7104, 65423|7167, 65424|7231, 65428|7302, 65448|10812, com.fsck.k9, 
65454|3206, 65485|3378, 65489|3459, 65490|3557, 65491|3690, 65499|3812, 65500|3885, 65505|3961, 65507|4046, 65509|7592, 65510|7662, 65514|7750, 65520|7832, 65521|7908, 65523|9699, 65524|9763, 65525|10900, org.chromium.chrome, 
65526|2046, 65531|2123, 65533|2264, 65536|2336, 65545|2400, 65550|2467, 65552|2599, 65556|2669, 65557|2747, 65561|5716, 65575|5808, 65581|5919, 65583|6020, 65586|7033, 65589|7099, 65590|7326, 65596|7395, 65602|7651, 65608|10852, 65610|10989, 65612|13728, com.paypal.android.p2pmobile, 
65614|1744, 65618|1822, 65619|1934, 65621|2026, 65622|2104, 65629|2178, 65630|2251, 65631|2352, 65633|2769, 65640|2863, 65648|2955, 65651|3056, 65652|3145, 65653|3246, 65654|3354, 65656|3489, 65669|3576, 65670|3679, 65672|3762, 65675|3873, 65676|4495, 65677|4714, 65679|5689, 65684|5772, 65685|5947, 65696|6058, 65703|6187, 65705|6435, 65711|6549, 65715|6738, 65719|6890, 65728|7010, 65731|7152, 65732|7319, 65738|7412, 65744|7522, 65745|7621, 65756|7745, 65758|7835, 65759|7926, 65760|8082, 65772|10954, 65774|11040, 65775|12125, de.mcdonalds.mcdonaldsinfoapp, 
65776|2173, 65777|4751, 65778|5000, 65780|5795, 65781|5863, 65786|5941, 65790|6152, 65792|6220, 65794|6283, 65796|6353, 65799|6429, 65802|6572, 65803|6881, 65805|10917, 65807|11056, com.twitter.android, 
65811|2204, 65823|2366, 65832|2516, 65833|2596, 65836|3066, 65840|10861, 65841|13137, 65842|13358, 65849|13611, de.pilot.newyorker.android, 
65850|268, 65855|337, 65857|558, 65859|629, 65860|787, 65861|860, 65862|929, 65872|1069, 65876|1149, 65877|1795, 65881|1917, 65883|2049, 65884|2184, 65890|2293, 65892|2405, 65902|2518, 65903|2599, 65904|2671, 65905|3116, 65909|3272, 65911|3869, 65913|3975, 65918|4159, 65919|4225, 65921|4295, 65935|4368, 65947|4442, 65951|4509, 65956|4777, 65957|4922, 65974|5002, 65978|5226, 65981|5317, 65985|5973, 65996|6125, 66000|6224, 66002|6293, 66003|6357, 66006|6951, 66010|9177, 66014|10913, 66016|11055, com.moshbit.studo, 
66017|2405, 66022|2500, 66027|2600, com.isis_papyrus.raiffeisen_pay_eyewdg, 
66028|1926, 66039|2060, 66043|2210, 66050|2331, 66052|2454, 66054|2707, 66055|2795, 66061|10817, 66063|10885, 66064|13002, 66065|13239, 66072|13430, 66073|13977, de.pilot.newyorker.android, 
66078|1, 66080|214, 66082|323, 66095|426, 66096|534, 66097|837, 66098|2608, 66108|2699, 66111|2778, 66114|2850, 66116|2995, 66120|11029, com.instagram.android, 
66121|2439, 66122|2597, 66129|2912, 66131|3173, 66133|3264, 66138|3343, 66140|3424, 66141|3503, 66147|3586, 66148|3717, 66149|3796, 66150|3872, 66152|4391, 66154|4462, 66162|4585, 66164|4655, 66168|4734, 66173|5246, 66176|5337, 66177|5414, 66179|8153, 66183|8238, 66184|8410, 66185|8498, 66191|8681, 66192|8863, 66202|8951, 66206|9039, 66212|9135, 66215|9211, 66216|9290, 66219|9372, 66221|9451, 66222|9550, 66223|9637, 66225|9734, 66230|9823, 66235|9918, 66238|10005, 66241|10090, 66245|10182, 66248|10300, 66258|11612, 66260|12479, 66262|12563, org.zwanoo.android.speedtest, 
66263|1380, 66265|1646, 66267|1725, 66269|1869, 66274|2022, 66280|2170, 66300|2437, 66303|2538, 66305|2626, 66309|2762, 66315|2861, 66316|2960, 66319|3047, 66320|3130, 66323|3244, 66326|3341, 66329|3442, 66331|3537, 66333|3628, 66334|5120, 66338|7734, 66343|7819, 66345|7905, 66348|8025, 66349|8400, 66350|8479, 66354|8575, 66355|8656, 66356|8872, 66358|9807, 66360|9899, 66361|10100, 66362|10354, 66365|10983, 66367|11084, 66373|11231, 66377|11336, 66382|11411, 66384|11473, de.prosiebensat1digital.prosieben, 
66390|2153, 66391|2279, 66401|2411, 66402|2962, 66403|3400, 66407|3723, 66408|3949, 66409|4339, 66410|4518, 66418|4627, 66431|4834, 66456|4944, 66465|5065, 66477|5168, 66510|5257, 66516|5357, 66537|5444, 66540|5548, 66541|5655, 66542|5748, 66543|7200, 66546|7283, 66555|8203, 66556|8310, 66558|8517, 66567|8623, 66571|8707, 66572|8785, 66573|8890, 66574|9155, 66580|9277, 66581|9420, 66596|9537, 66599|9647, 66600|9752, 66601|9858, 66611|9948, 66618|10042, 66619|10119, 66627|10275, 66628|10378, 66629|11012, 66644|11086, 66646|11240, org.mozilla.firefox, 
66647|2504, 66657|2585, 66663|2688, 66664|2763, 66667|3204, 66668|3848, 66669|8907, 66671|10812, 66673|10879, com.instagram.android, 
66679|2290, 66684|2486, com.isis_papyrus.raiffeisen_pay_eyewdg, 
66686|1742, 66690|1836, 66691|2045, 66693|2134, 66696|4419, 66697|4495, 66699|4563, 66703|4646, 66704|4713, 66705|4778, 66706|4931, 66708|10693, 66709|10821, 66720|10891, com.tripadvisor.tripadvisor, 
66732|2085, 66758|2240, 66783|2354, 66796|2452, 66814|2562, 66832|2658, 66858|2798, 66875|2905, 66883|3011, 66891|3179, 66894|3635, 66896|7164, 66897|7241, 66903|7758, 66908|8235, 66915|8388, 66920|8501, 66927|8615, 66932|8696, 66936|8770, 66940|8845, 66944|8969, 66964|11040, com.fsck.k9, 
66965|2182, 66970|2284, 66971|2385, 66975|2465, com.isis_papyrus.raiffeisen_pay_eyewdg, 
66978|2783, 66990|2864, 66993|2948, 66995|3380, 66997|10944, 66999|11011, com.instagram.android, 
67000|1682, 67001|1789, 67005|1900, 67006|1992, 67008|2065, 67014|4281, 67019|4343, 67020|4425, 67021|4504, 67022|4724, 67024|10468, 67026|10567, 67034|10680, 67041|10881, com.tripadvisor.tripadvisor, 
67073|2075, 67125|2224, 67142|2373, 67175|2475, 67194|2577, 67207|2656, 67210|6424, 67211|6492, 67215|6562, 67219|6624, 67222|6707, 67226|6778, 67230|6847, 67231|6912, 67235|6980, 67239|7073, 67242|7132, 67246|7199, 67247|7285, 67248|10653, 67251|10865, 67271|10987, com.fsck.k9, 
67276|1772, 67277|1991, 67278|2063, 67279|2227, 67282|4336, 67284|4406, 67289|4474, 67290|4543, 67291|4611, 67293|5009, 67297|9791, 67299|9896, 67300|10595, 67303|10696, 67311|10828, 67316|10906, 67319|11056, com.tripadvisor.tripadvisor, 
67320|2142, 67325|2247, 67326|2341, 67330|2430, com.isis_papyrus.raiffeisen_pay_eyewdg, 
67332|1751, 67336|1895, 67337|2015, 67338|2090, 67339|2183, 67340|4042, 67343|4311, 67346|4380, 67350|4456, 67351|4593, 67352|4668, 67353|4823, 67354|10450, 67355|10550, 67358|10626, 67365|10703, 67372|10892, com.tripadvisor.tripadvisor, 
67374|5210, 67375|5277, 67380|5431, 67384|5532, 67386|5598, 67388|5659, 67390|5733, 67393|5805, 67394|5877, 67396|5950, 67397|6089, 67399|10881, 67401|10955, com.twitter.android, 
67403|1799, 67407|1905, 67408|2111, 67410|2197, 67414|4361, 67416|4427, 67420|4511, 67421|4576, 67422|4644, 67423|4790, 67425|10630, 67429|10753, 67437|10815, 67442|10896, com.tripadvisor.tripadvisor, 
67443|1653, 67448|1767, 67449|1866, 67451|1978, 67454|4330, 67455|4392, 67461|4455, 67462|4575, 67463|4629, 67464|4810, 67466|10100, 67468|10183, 67475|10251, 67476|10330, 67479|10521, 67481|10574, com.tripadvisor.tripadvisor, 
67482|4370, 67487|4433, 67491|4607, 67494|4661, 67495|4712, 67500|4827, 67503|5002, 67504|5178, 67506|8248, 67507|10332, 67508|10391, 67510|10447, com.twitter.android, 
67511|4407, 67514|4463, 67516|4529, 67520|4659, 67523|4713, 67526|4818, 67529|4882, 67532|4966, 67533|5198, 67535|10426, 67537|10546, 67539|12075, com.twitter.android, 
67540|4395, 67544|4450, 67545|4520, 67549|4632, 67552|4690, 67555|4800, 67558|4866, 67561|4989, 67562|5455, 67563|5627, 67564|6710, 67566|10314, 67568|10390, com.twitter.android, 
