||class android.content.Context:public abstract java.lang.Object android.content.Context.getSystemService(java.lang.String)||class android.app.usage.NetworkStatsManager:public android.app.usage.NetworkStats$Bucket android.app.usage.NetworkStatsManager.querySummaryForDevice(int,java.lang.String,long,long) throws java.lang.SecurityException,android.os.RemoteException||class android.app.usage.NetworkStats$Bucket:public long android.app.usage.NetworkStats$Bucket.getRxBytes()
2827135|1, 2827227|117, 2827330|416, 2827641|628, 2827701|706, 2832806|834, 2833013|954, 2836502|1419, 2836583|1509, 2840314|1685, 2857386|1776, 2857885|1898, 2861529|2002, 2883381|2105, 2883928|2181, 2884993|2275, 2885497|2358, 2885627|3336, 2886098|3501, 2891922|3572, 2891974|3638, 2892134|4544, 2900090|4627, 2900987|4728, 2901750|4845, 2902501|4988, 2903295|5229, 2903347|5357, 2911269|5448, 2915758|5554, 2916698|5644, 2924528|5713, 2926208|5921, 2926260|5988, 2926586|6951, 2927487|7567, 2927622|7756, 2927726|9309, 2927778|9359, 2928349|9409, org.mozilla.firefox, 
2931419|1197, 2934792|1290, 2934844|1436, 2935417|1572, 2935565|1939, 2935625|1993, 2940842|2043, 2941136|2107, 2941265|2157, 2941392|2206, 2941504|2261, 2945657|2311, 2948945|2365, 2948997|2476, 2949049|2620, 2949809|2717, 2952811|2781, 2952896|4930, 2952956|4989, 2958481|5054, 2958807|5196, 2963303|5252, 2963554|5308, 2963674|5839, 2964391|5891, 2964495|5946, 2964633|5997, 2965078|6051, 2965329|6112, 2965786|10054, 2965908|11159, 2969364|11257, 2969789|11832, 2969901|11896, 2974546|11974, com.airbnb.android, 
2974856|907, 2975704|1090, 2979160|1396, 2979470|1510, 2980664|1585, 2985972|2097, 2986430|2219, 2991726|2308, 3014043|2492, 3014155|2648, 3017140|2746, 3023183|2858, 3023235|2946, 3023338|3040, 3024154|3129, 3025409|3207, 3026512|3289, 3028116|3401, 3031359|3494, 3031515|3665, 3031567|3748, 3031723|4331, 3031827|4408, 3031931|4918, 3032243|4989, 3032803|5159, 3033115|5667, 3033438|5894, 3033606|6015, 3036759|6876, 3037216|7003, 3037859|7117, 3038094|7210, 3038324|7988, 3038384|8072, 3040968|8173, 3041071|8263, 3041669|8381, 3041729|8894, 3045165|8981, 3045808|9113, 3046043|9229, 3046215|10161, 3049089|10303, 3049349|10404, 3049484|10466, 3049820|12181, 3049872|12373, 3049924|12431, 3050967|12486, de.prosiebensat1digital.prosieben, 
3051123|924, 3051694|1038, 3051773|2866, 3074610|3046, 3075026|3149, 3075108|3405, 3075168|3497, 3079552|3567, 3079760|3642, 3079898|4819, 3084488|4976, 3084564|7311, 3084624|7417, 3088230|7475, 3088566|7529, 3088777|7574, 3089791|7622, 3089843|7674, 3090239|9425, 3090291|9998, 3090864|10110, org.chromium.chrome, 
3090924|1561, 3094321|1637, 3094631|1726, 3096025|1816, 3096214|1921, 3096274|1978, 3099381|2036, 3099812|2091, 3106457|2156, 3106509|2299, 3106612|2359, 3108100|2589, 3108358|2670, 3108418|2865, 3108586|2943, 3114819|3062, 3114923|3124, 3115138|3191, 3119199|3273, 3120054|3354, 3120166|3425, 3123327|3484, 3126859|3559, 3126962|3616, 3141266|3670, 3148773|3734, 3148912|3819, 3148964|3866, 3152326|3940, 3160014|4067, 3171769|4129, 3171945|4306, 3172005|4359, 3175515|4421, 3175682|4478, 3175786|4530, 3176749|4598, 3176809|4749, 3177180|4853, 3177900|4964, 3182670|5066, 3183462|5148, 3183514|5198, 3183682|5722, 3183961|10087, 3184231|10192, com.moshbit.studo, 
3184310|1675, 3186367|1769, 3204960|1862, 3233695|2008, 3242802|2163, 3246866|2253, 3248093|2338, 3254574|2503, 3257864|3046, 3257916|5942, 3258872|5998, 3258924|6049, 3266464|6539, 3271050|6923, 3275584|7041, 3283719|7150, 3286924|7220, 3289228|7285, 3292818|7337, 3298259|7400, 3302736|7461, 3307222|7531, 3311638|7634, 3312878|10132, com.fsck.k9, 
3312993|2352, 3316667|2421, 3323655|2490, 3324841|2548, 3324893|2600, 3326373|2651, 3326643|2707, 3326789|10232, 3327081|10331, com.instagram.android, 
3327279|1512, 3327339|1807, 3333572|1927, 3333650|1995, 3333710|2055, 3338197|2142, 3338549|2217, 3350524|2313, 3362657|2455, 3365743|2683, 3365795|2769, 3365907|2854, 3372987|3026, 3373090|3271, 3373311|3786, 3373716|10060, 3373986|10161, 3374244|12060, 3374304|12311, 3380537|12484, 3380597|12876, de.pilot.newyorker.android, 
3384981|1, 3385333|172, 3385517|233, 3394628|281, 3399061|331, 3399164|399, 3399385|586, 3399575|1856, 3399635|1936, 3401239|2002, 3401618|2056, 3401678|2278, 3403162|2355, 3403650|2425, 3443009|2486, 3476986|2553, 3477090|3514, 3477274|4529, 3489718|4600, 3530743|4697, 3532419|4777, 3532850|4867, 3533003|4962, 3556965|5049, 3557025|5182, 3557479|5249, 3557886|5322, 3558293|5395, 3558760|5466, 3563734|6009, 3563878|6272, 3563938|6348, 3564579|6433, 3573959|6707, 3578539|6789, 3578591|7404, 3578886|7999, 3579413|8095, 3608278|8355, 3630742|8435, 3677129|8515, 3677256|9060, 3704214|9184, 3704477|9275, 3711371|9370, 3713328|9462, 3725903|9557, 3743271|9648, 3743323|9775, 3744176|9890, 3744643|10014, 3752387|10101, 3785645|10206, 3785749|10324, 3786425|10372, 3786529|10424, 3786581|10475, de.spiegel.android.app.spon, 
3786699|1783, 3791422|1888, 3791736|1962, 3792647|2033, com.isis_papyrus.raiffeisen_pay_eyewdg, 
3792755|1474, 3792815|1592, 3796714|1690, 3797145|1783, 3797696|1864, 3797748|1968, 3798261|2035, 3798965|2164, 3799427|2232, 3799487|2320, 3803843|2411, 3803945|2496, 3804376|2576, 3807116|2672, 3807577|2958, 3808038|3041, 3808539|4253, 3808643|10156, com.duckduckgo.mobile.android, 
3808703|1599, 3808755|1674, 3810686|1749, 3810746|2057, 3812230|2114, 3812726|2177, 3821138|2241, 3851657|2302, 3886096|2380, 3886200|3181, 3886380|4090, 3898808|4160, 3940057|4254, 3941048|4335, 3941108|5777, 3942468|5844, 3942580|5920, 3943096|5988, 3943369|6374, 3961640|6458, 3974215|6829, 3989816|6907, 3990667|7002, 3991164|7466, 4022258|7552, 4030065|7644, 4030457|7710, 4030629|7774, 4030719|7856, 4030982|8008, 4031034|8095, 4031585|8168, 4032490|8266, 4032671|8416, 4042820|8521, 4063793|8602, 4075305|8686, 4075357|8759, 4075849|8839, 4087961|8988, 4105364|9079, 4105468|9195, 4106373|9275, 4106595|9570, 4106819|9664, 4117328|9785, 4118966|9882, 4122061|9970, 4124907|10076, 4130318|10309, 4130926|10391, 4131290|10440, 4131342|10547, de.spiegel.android.app.spon, 
4131540|1690, 4131600|1751, 4131680|1812, 4131740|1876, 4141896|1946, 4142222|2073, 4143408|2133, 4143542|2185, 4143654|2236, 4145096|2295, 4149019|2361, 4149600|2410, 4150294|2527, 4150346|2584, 4150398|2639, 4156631|2709, 4156734|2965, 4156955|3317, 4157169|4766, 4170797|4844, 4170857|5013, 4177641|5077, 4178017|5524, 4181806|5609, 4182100|5735, 4182546|5860, 4183230|5912, 4183386|5964, 4184006|6173, 4185730|6234, 4189405|6394, 4190025|6499, 4190571|6847, 4190611|6946, 4190694|9099, 4191099|10211, 4191234|10316, 4191369|10370, com.paypal.android.p2pmobile, 
4191942|108, 4191994|880, 4192270|1552, 4201038|1680, 4201742|1780, 4203866|1847, 4203970|1915, 4205238|2448, 4205643|10107, 4205901|12145, 4205961|12451, 4212194|12619, 4212254|12914, de.pilot.newyorker.android, 
4216638|1, 4217174|236, 4217226|408, 4217381|461, 4230925|534, 4231146|667, 4231251|1945, 4234700|2065, 4235327|2182, 4239683|2369, 4239777|2455, 4240173|2543, 4243974|2615, 4244585|2691, 4245070|2802, 4245268|2852, 4245762|2903, 4246228|10013, org.indywidualni.fblite, 
4246350|1417, 4246410|1485, 4249807|1561, 4250169|1665, 4251312|1739, 4251461|1814, 4257632|1880, 4257968|1940, 4258601|2000, 4258740|2235, 4258982|2308, 4264761|2389, 4267933|2456, 4268347|2546, 4268973|2606, 4269025|2666, 4270167|2742, 4271005|2835, 4271065|2904, 4274485|2982, 4274588|3057, 4276903|3123, 4284318|3203, 4284616|3275, 4285234|3340, 4285286|3757, 4292695|3839, 4293671|3932, 4308369|4025, 4308474|4719, 4308586|4786, 4331461|4898, 4331797|4991, 4333487|5104, 4342850|5188, 4343496|5272, 4343867|5368, 4347983|5455, 4348319|5591, 4349053|5658, 4349221|5732, 4349273|5879, 4355248|6292, 4355558|6385, 4355635|6470, 4355755|6622, 4356592|6702, 4363825|6789, 4364557|6948, 4369254|7078, 4370342|7131, 4370796|7181, 4370899|7234, 4371504|7403, 4372126|10347, 4372365|10451, de.mcdonalds.mcdonaldsinfoapp, 
4372500|1321, 4375955|2350, 4376485|2434, 4378378|2557, 4378438|2663, 4381387|2761, 4384336|2834, 4387285|2923, 4390678|3108, 4393858|3189, 4394401|3287, 4394453|3404, 4394738|3694, 4394842|3771, 4395164|3848, 4395216|3925, 4395593|3980, 4395811|4052, 4396049|5201, 4396315|5261, 4396367|5325, 4396419|5389, 4428767|5450, 4439170|5508, 4439230|6099, 4441799|6158, 4442291|6209, 4442343|6260, 4446925|6325, 4447185|6422, 4447237|6474, 4447566|6526, 4448317|10097, com.waze, 
4448532|290, 4448647|1948, 4448767|2029, 4455755|2132, 4456557|2203, 4456609|2267, 4457643|2841, 4457778|3586, 4458070|10173, com.instagram.android, 
4458268|1853, 4458328|2089, 4464676|2359, 4464859|2434, 4464919|2510, 4465685|2567, 4465745|2623, 4470101|2678, 4472680|2747, 4473248|2805, 4473300|2920, 4473795|2974, 4480028|3096, 4480303|3218, 4480677|3346, 4487544|3408, 4487647|3477, 4488303|3562, 4488635|3623, 4489027|4048, 4489276|4106, 4489660|4166, 4489940|4225, 4490191|4421, 4490298|7008, 4490358|7073, 4494192|7147, 4494502|7218, 4494554|7279, 4500428|7768, 4500759|7912, 4500983|7974, 4501121|8034, 4501344|8095, 4501606|8174, 4501856|8244, 4502072|8327, 4502285|8412, 4502345|8489, 4502457|8545, 4502595|8606, 4502669|8667, 4502740|8727, 4502811|8789, 4503020|8919, 4503396|8990, 4503538|9059, 4503750|9129, 4503922|9192, 4504134|9259, 4504276|9323, 4504482|9429, 4505022|10205, 4505157|10265, org.zwanoo.android.speedtest, 
4505485|1476, 4514253|1600, 4514957|1687, 4517081|1792, 4517133|1870, 4517980|2070, 4518385|10106, 4518445|12462, 4524678|12632, de.pilot.newyorker.android, 
4524738|57, 4529122|168, 4529474|393, 4529658|457, 4541365|565, 4543305|639, 4543526|826, 4543648|1987, 4543708|2050, 4547104|2140, 4547740|2214, 4548949|2360, 4551898|2468, 4554847|2564, 4557796|2647, 4557908|2734, 4564180|2826, 4564609|2896, 4564772|2965, 4564876|3442, 4565253|3503, 4565305|4261, 4607831|4321, 4607987|4765, 4612402|4823, 4612558|4951, 4612887|5055, 4613105|9108, 4613165|9162, 4613415|9220, 4613596|9273, 4613742|9328, 4614220|9448, 4614774|10006, 4615829|10063, com.waze, 
4615881|872, 4616100|1709, 4616343|2262, 4616954|2320, 4617066|2383, 4622559|2443, 4622869|2573, 4622921|2633, 4623356|2691, 4623476|3043, 4630240|3142, 4630446|3196, 4631110|3331, 4631502|3515, 4631751|3583, 4631803|3638, 4632415|3707, 4632467|5031, 4632574|6517, 4632634|6583, 4636468|6641, 4636778|6769, 4636830|6840, 4642480|7036, 4642540|7182, 4642790|7253, 4642871|7321, 4643013|7395, 4643196|7457, 4643446|7526, 4643591|7589, 4643733|7650, 4643785|7705, 4643845|7762, 4643957|7821, 4644095|7882, 4644169|7943, 4644240|8007, 4644311|8077, 4644382|8137, 4644796|8208, 4645083|8282, 4645307|8340, 4645519|8396, 4645732|8452, 4645784|8532, 4646116|9956, 4646448|10080, 4646583|10350, 4647123|10408, org.zwanoo.android.speedtest, 
4647378|1781, 4647438|1965, 4653854|2297, 4654374|2377, 4654486|2441, 4660082|2500, 4660392|2612, 4660665|2678, 4661100|2795, 4661412|3084, 4664854|3157, 4668861|3244, 4669067|3321, 4669399|3379, 4669731|3473, 4670123|3640, 4670372|3729, 4670756|3783, 4671036|3841, 4671096|6618, 4674930|6683, 4675240|6803, 4675292|6926, 4680909|7134, 4680969|7261, 4681145|7322, 4681551|7386, 4681693|7452, 4681988|7518, 4682271|7585, 4682413|7648, 4682525|7715, 4682637|7781, 4682775|7852, 4682849|7976, 4682920|8044, 4682991|8104, 4683122|8170, 4683498|8253, 4683640|8310, 4683711|8366, 4684073|8427, 4684218|8486, 4684412|8559, 4684464|9988, 4685128|10176, 4685192|10300, 4685867|10365, org.zwanoo.android.speedtest, 
4685927|1346, 4689323|1452, 4689693|1538, 4695916|1602, 4697059|1671, 4697395|1721, 4698028|1793, 4703989|2127, 4711619|2204, 4715245|2286, 4716489|2356, 4717261|2435, 4717313|2516, 4718624|2601, 4722104|2690, 4722207|2781, 4724364|2862, 4724416|3543, 4724903|3685, 4725008|4518, 4725120|4579, 4728599|4660, 4728935|4748, 4739989|4862, 4740695|5030, 4744389|5117, 4745107|5202, 4748505|5295, 4749575|5416, 4750015|5526, 4750067|5619, 4751462|5842, 4756210|5925, 4756270|6012, 4756604|6129, 4761027|6185, 4764659|6350, 4765600|6557, 4766144|6717, 4766395|6775, 4766894|10023, 4767029|10071, 4767216|10126, de.mcdonalds.mcdonaldsinfoapp, 
4767372|1501, 4776260|1630, 4776964|1776, 4779088|1881, 4779192|1966, 4780460|2465, 4780543|9345, 4780948|10100, 4781008|12099, 4781048|12181, 4787281|12270, 4787341|12605, 4791725|12659, 4792261|12881, de.pilot.newyorker.android, 
4802722|60, 4805960|143, 4806181|309, 4806371|1719, 4806431|1803, 4808348|1861, 4808408|2114, 4809882|2185, 4810313|2249, 4822905|2311, 4883648|2370, 4883700|2633, 4883752|3332, 4883932|4268, 4915786|4348, 4938517|4444, 4939084|4531, 4939204|4774, 4979694|4846, 4979806|5663, 4981166|5741, 4981278|5824, 4981742|5902, 4981955|6123, 4995962|6194, 5001322|7262, 5035365|7337, 5035651|7978, 5059995|8063, 5062547|8147, 5071468|8236, 5100175|8312, 5100402|8384, 5101307|8464, 5115060|8539, 5115913|8624, 5116095|8694, 5147588|8775, 5156095|8859, 5157346|8961, 5159072|9047, 5159176|9126, 5159398|9610, 5165582|9701, 5170105|9800, 5170836|9900, 5174325|9968, 5175379|10065, 5178089|10154, 5178402|10234, 5178930|10390, 5178982|10491, 5179062|12710, de.spiegel.android.app.spon, 
5179197|1496, 5179369|1567, 5179409|1637, 5179541|2197, 5179617|2253, 5179693|6951, com.whatsapp, 
5179753|1695, 5181357|1774, 5181722|1849, 5181782|2053, 5183271|2106, 5183702|2162, 5196294|2218, 5222598|2286, 5257038|2342, 5257090|2539, 5257142|3236, 5257266|4091, 5257446|4150, 5284203|4242, 5311633|4339, 5317605|4643, 5318028|4721, 5318088|4788, 5318540|4853, 5318600|5646, 5320012|5794, 5320124|5885, 5320694|5988, 5320907|6285, 5325228|6356, 5339235|6427, 5351507|6797, 5368310|6872, 5368529|7452, 5395268|7548, 5395410|7635, 5402269|7705, 5402321|7781, 5402381|8178, 5403286|8339, 5410287|8438, 5412196|8518, 5443925|8606, 5444029|8676, 5460161|8964, 5473785|9038, 5474690|9131, 5474794|9240, 5478506|9578, 5482070|9671, 5485908|9773, 5489473|9860, 5490559|9975, 5496356|10079, 5499746|10151, 5501813|10247, 5501865|10346, 5504664|10413, 5505184|10461, 5505236|10565, de.spiegel.android.app.spon, 
5505938|1221, 5511058|1320, 5511446|1428, 5512123|1512, 5512632|1628, 5512780|1980, 5512840|2047, 5518057|2108, 5518351|2156, 5518480|2206, 5521673|2326, 5525826|2440, 5526120|2503, 5526172|2632, 5526224|2716, 5526984|2853, 5529977|2913, 5530062|5105, 5530122|5189, 5535647|5255, 5535973|5367, 5540469|5431, 5540720|5486, 5540840|6120, 5541557|6178, 5541747|6245, 5542192|6361, 5542443|6418, 5542765|10139, 5546220|11398, 5546530|11890, 5546582|11960, 5547836|12030, 5547896|12093, 5551402|12162, com.airbnb.android, 
5551764|1102, 5552560|1207, 5552672|1662, 5554538|1763, 5556082|2029, 5556570|2130, 5568994|2211, 5629905|2291, 5629985|2502, 5632777|2601, 5635113|2726, 5635449|2963, 5635553|3049, 5635761|3508, 5635865|3943, 5636149|4049, 5670921|4132, 5690010|4248, 5690114|4588, 5690218|4666, 5690322|5222, 5690486|5365, 5693785|5465, 5694996|5582, 5695048|6848, 5723957|7242, 5724017|7825, 5724288|7924, 5751939|8021, 5788739|8133, 5788791|8213, 5788994|8489, 5819133|8577, 5829772|8680, 5829876|8794, 5831505|8912, 5831557|9009, 5831661|9298, 5834864|9653, 5838899|9764, 5840735|9858, 5843807|9979, 5846871|10134, 5849588|10252, 5852277|10401, 5853143|10485, 5853351|10541, 5853403|10609, de.spiegel.android.app.spon, 
5853455|1, 5853611|728, 5854182|1009, 5854380|1927, 5854440|2111, 5860673|2307, 5860776|2518, 5862213|2827, 5862471|2974, 5862679|3036, 5862739|3134, 5862954|3217, 5873603|3284, 5874340|3384, 5879784|3441, 5880644|3500, 5885759|3604, 5886418|3683, 5893679|3764, 5893782|3845, 5894622|3902, 5898145|4006, 5898481|4067, 5898677|4133, 5899646|4436, 5900615|4506, 5920355|5723, 5935741|5797, 5936115|5846, 5979395|6483, 5998427|6557, 5998479|7035, 5998583|7098, 5998927|7158, 5999197|10143, 5999301|10221, 5999571|10281, de.zalando.mobile, 
6003028|1779, 6003338|1893, 6004534|2008, 6004723|2102, 6004783|2159, 6007890|2220, 6008321|2278, 6014966|2355, 6015018|2441, 6015121|2536, 6015342|2747, 6015510|3223, 6015614|3482, 6016291|3569, 6016414|3662, 6016474|3737, 6019635|3790, 6022736|3854, 6023167|3923, 6035187|3989, 6045121|4069, 6045312|4183, 6048674|4304, 6049086|4428, 6071647|4543, 6073326|4666, 6073386|4734, 6073490|4793, 6077115|4853, 6077218|4909, 6078279|5039, 6078904|5223, 6080002|10316, 6080229|10372, 6080364|10490, com.moshbit.studo, 
6080622|1794, 6080682|2302, 6086915|2413, 6087018|2644, 6087454|2972, 6092253|3050, 6092607|3139, 6097797|3210, 6098185|3306, 6103797|3383, 6105921|3482, 6109799|3556, 6110135|3634, 6110239|3696, 6130231|3771, 6208677|3901, 6209032|3987, 6209252|4552, 6209596|4616, 6209970|10604, 6210105|10679, de.zalando.mobile, 
6210484|3631, 6233438|3820, 6233520|4262, 6233580|4340, 6237963|4422, 6238171|4532, 6238249|5946, 6238309|6016, 6242900|6184, 6242976|7912, 6243036|7990, 6246643|8074, 6246979|8140, 6248152|8218, 6248256|8295, 6248391|10012, 6248654|10079, 6248706|11127, org.chromium.chrome, 
6248888|2664, 6252284|2772, 6253306|2891, 6254767|3054, 6257716|3286, 6260665|3413, 6263614|3647, 6266785|3844, 6267007|3913, 6267059|4410, 6267488|4505, 6267599|4582, 6270588|4665, 6270812|4745, 6271182|4827, 6313808|5610, 6318422|6350, 6318578|6487, 6318907|6561, 6319658|10825, com.waze, 
6323115|2636, 6323425|2767, 6324694|2864, 6327643|3239, 6330592|3359, 6333324|3463, 6333541|3566, 6336601|3640, 6336934|3723, 6336986|4210, 6337415|4346, 6371563|5453, 6379035|5533, 6379191|6149, 6383786|6219, 6383942|6350, 6384271|6496, 6384406|10789, 6384970|10861, com.waze, 
6385138|2230, 6389037|2321, 6390019|2523, 6390071|2674, 6390584|2744, 6391286|2896, 6391748|3078, 6396164|3204, 6396697|3307, 6399437|3529, 6399898|4086, 6400359|4197, 6400411|4314, 6400912|5679, 6401016|10866, com.duckduckgo.mobile.android, 
6401148|2399, 6401224|2472, com.whatsapp, 
6401300|2432, 6401533|3139, 6401613|3210, 6401689|6791, 6401907|6994, 6406323|7066, 6407241|7134, 6407716|7665, 6407810|7735, 6407862|7807, 6408287|7877, 6408485|8251, 6408975|8391, com.whatsapp, 
6409173|2978, 6409233|3110, 6415466|3398, 6415569|3901, 6417004|4108, 6417161|5279, 6417221|5332, 6420919|5448, 6424786|5630, 6425266|5683, 6425708|5792, 6425760|5854, 6426527|5918, 6428735|5975, 6428787|6160, 6428839|6653, 6429225|6776, 6429277|6831, 6429329|6944, 6431331|7069, 6431466|10708, 6431601|10771, 6431736|10824, com.twitter.android, 
6431971|2282, 6439597|2348, 6439709|2407, 6439761|2468, 6440278|2827, 6440570|10427, com.instagram.android, 
6440692|1200, 6440752|1273, 6444148|1376, 6444458|1455, 6445742|1519, 6445802|1574, 6451973|1648, 6452309|1701, 6452942|1765, 6453124|2066, 6458760|2141, 6462291|2207, 6463123|2275, 6463175|2328, 6463227|2406, 6464559|2477, 6465396|2609, 6468928|2695, 6476291|2774, 6478551|2875, 6478849|2959, 6479467|3028, 6479519|3442, 6480497|3843, 6480557|4269, 6484087|4335, 6484423|4422, 6485408|4499, 6490951|4657, 6491011|4738, 6495537|4837, 6495832|4924, 6496490|5040, 6496807|5319, 6501424|5416, 6506151|5546, 6506487|5625, 6507867|5702, 6508206|5771, 6508266|5941, 6508540|5990, 6512963|6100, 6513066|6304, 6513671|6440, 6513846|10041, 6514428|10091, 6514563|10193, 6515136|10665, de.mcdonalds.mcdonaldsinfoapp, 
6515515|2592, 6538470|2740, 6538552|2846, 6542994|2963, 6543202|3044, 6543280|3830, 6543340|3921, 6547723|4006, 6547931|4100, 6548066|5668, 6548142|6910, 6548202|6961, 6552143|7086, 6552354|7138, 6553315|7192, 6553419|7244, 6553816|9033, 6553868|10059, org.chromium.chrome, 
6554000|1863, 6554076|1921, 6554263|8109, 6554398|11408, 6554478|11461, com.whatsapp, 
6554586|1523, 6558545|1628, 6559527|1825, 6559579|1960, 6560092|2022, 6560794|2194, 6560906|2267, 6565776|2361, 6565878|2460, 6566309|2533, 6569049|2617, 6569510|3012, 6569971|3122, 6570472|4252, 6570576|10143, com.duckduckgo.mobile.android, 
6570766|1731, 6574047|1841, 6574357|2018, 6585393|2157, 6585726|2310, 6585786|2734, 6588975|3015, 6589078|3304, 6589241|3390, 6594346|3472, 6594709|3569, 6594761|3652, 6596961|3825, 6597321|4359, 6617407|4452, 6618732|4550, 6621209|4637, 6621649|4707, 6621779|6023, 6622440|6172, 6628553|6246, 6635185|6313, 6635237|6385, 6646487|7208, 6646944|7307, 6648733|7419, 6648821|7546, 6648869|7674, 6653956|7757, 6655017|7821, 6655077|7881, 6658365|7971, 6658886|8048, 6659431|8107, 6659978|8171, 6672303|8242, 6673584|8311, 6675161|8381, 6678213|8446, 6678523|8607, 6678575|8668, 6680674|8880, 6681983|9064, 6682035|9142, 6682361|10115, 6682413|10370, 6683314|10427, 6683449|10605, org.mozilla.firefox, 
6683525|1947, com.whatsapp, 
6683633|1529, 6683693|1612, 6687592|1706, 6688023|1784, 6688574|1868, 6688626|1927, 6689139|1984, 6689191|2120, 6689947|2200, 6690409|2273, 6690469|2474, 6694825|2566, 6694927|2668, 6698046|2761, 6698098|2839, 6698559|2909, 6699020|3036, 6699573|4283, 6699613|4616, 6699717|10208, com.duckduckgo.mobile.android, 
6699777|1628, 6703676|1704, 6704107|1834, 6704658|1888, 6704710|2012, 6705223|2082, 6705283|2258, 6710445|2334, 6710928|2422, 6714182|2494, 6714643|2914, 6715104|3038, 6715605|4080, 6715709|10196, com.duckduckgo.mobile.android, 
6721662|1799, 6763979|1947, 6764667|2073, 6771292|2204, 6776936|2315, 6779586|2390, 6786067|2594, 6789357|3199, 6790179|5878, 6790594|5987, 6790646|6098, 6804046|6223, 6829766|6284, 6879597|6338, 6901558|6390, 6907660|6444, 6911241|6759, 6912195|6827, 6916730|6900, 6920321|6956, 6924865|7015, 6929410|7099, 6930374|7149, 6934918|7201, 6938499|7249, 6939463|7308, 6943998|7357, 6947588|7409, 6948542|7462, 6952132|7512, 6952987|7586, 6953770|10095, 6954227|10153, com.fsck.k9, 
6954349|1512, 6957804|1595, 6958114|1668, 6958166|1729, 6959308|1813, 6959842|2291, 6986439|2389, 6987154|2488, 6987507|2602, 6987619|2724, 6990604|2793, 6996311|2905, 6996363|2982, 6996466|3045, 6997282|3127, 6997334|3190, 6998534|3259, 6999637|3343, 6999809|3407, 7003053|3478, 7004487|3556, 7005047|5378, 7005405|8182, 7005525|8244, 7008425|8310, 7008580|8375, 7010221|8459, 7010782|8931, 7013833|9023, 7014131|9178, 7014762|9347, 7016685|10193, 7016777|10277, 7016912|10334, 7020367|10681, 7020677|11032, 7020729|11090, 7021871|11169, de.prosiebensat1digital.prosieben, 
7022208|1882, 7022268|2015, 7026251|2085, 7032810|2218, 7033946|2292, 7034058|2355, 7038136|2420, 7038683|2538, 7039317|2597, 7039369|2657, 7039421|2720, 7039461|3644, 7039769|5143, 7044297|5225, 7053457|5291, 7053517|5375, 7060301|5478, 7060617|5807, 7060677|5888, 7064466|5956, 7064760|6083, 7065424|6217, 7066502|6372, 7066554|6431, 7066658|6488, 7069045|6850, 7073344|6936, 7073396|6991, 7074095|7505, 7074230|10318, 7074500|10371, 7074635|10491, com.paypal.android.p2pmobile, 
7074695|2219, 7080928|2486, 7081226|2579, 7081746|2658, 7081901|2713, 7082122|2902, 7082333|3459, 7087216|3560, 7088473|3626, 7095547|3727, 7095805|3798, 7096904|3876, 7097296|4264, 7097545|4340, 7097929|4404, 7098209|4545, 7098249|5685, 7098356|7191, 7098416|7257, 7102250|7330, 7102560|7460, 7102612|7526, 7108256|7764, 7108316|7843, 7108817|7909, 7108898|7989, 7109111|8065, 7109275|8151, 7109547|8216, 7109760|8285, 7109902|8362, 7110074|8509, 7110212|8654, 7110286|8733, 7110357|8805, 7110428|8873, 7110499|8947, 7110741|9018, 7111013|9082, 7111226|9157, 7111539|9249, 7111822|9336, 7112589|9428, 7112724|10432, 7113264|10498, org.zwanoo.android.speedtest, 
7113368|1500, 7113420|1585, 7114045|1712, 7134977|2034, 7138256|2336, 7139648|2442, 7144435|2559, 7144487|2642, 7144590|2727, 7145693|2840, 7151742|2932, 7152302|4927, 7152354|5028, 7152406|5784, 7152520|6722, 7155559|6837, 7164843|6927, 7249726|7048, 7249778|7145, 7251471|7739, 7251523|8217, 7254522|8311, 7254820|8405, 7255451|8492, 7255531|9183, 7256731|9509, 7257130|9600, 7258291|10556, 7258351|10684, 7263498|10882, 7263741|11066, 7264240|11195, 7264280|11274, 7264819|11342, de.prosiebensat1digital.prosieben, 
7264941|2839, 7268396|2935, 7268706|3016, 7268758|3089, 7269735|3163, 7270181|3482, 7270819|3627, 7270879|3748, 7273828|3867, 7276777|4187, 7279726|4291, 7283008|4476, 7283119|4547, 7283342|5038, 7286700|5155, 7287066|5226, 7287295|5325, 7287461|5503, 7287513|5586, 7287863|6550, 7288129|6642, 7288233|6710, 7302193|6786, 7330333|6879, 7330683|6967, 7330763|7638, 7331089|7704, 7331297|7772, 7335757|7852, 7335913|7921, 7336242|8072, 7336377|11037, 7336993|11106, com.waze, 
7340450|1674, 7340812|1924, 7349964|2645, 7350447|2780, 7371648|2982, 7371760|3109, 7371820|3197, 7380510|3303, 7380562|3420, 7380665|3518, 7381481|3614, 7382734|3743, 7383837|3841, 7385367|3931, 7388687|4054, 7389247|5679, 7389403|8138, 7391044|8236, 7391096|8784, 7394095|8893, 7394393|8980, 7395024|9064, 7395076|10112, 7396093|10216, 7396488|11018, 7396663|11122, 7397261|11441, 7397365|11771, 7398472|11842, de.prosiebensat1digital.prosieben, 
7398594|1527, 7404294|1685, 7405383|1811, 7405776|1946, 7405944|2095, 7406092|2635, 7410508|2703, 7411369|2771, 7411867|2849, 7416132|2915, 7416478|2994, 7419524|3070, 7420336|3350, 7423342|3442, 7423427|5694, 7429012|5828, 7433834|6030, 7434085|6123, 7434205|7201, 7434922|7268, 7435164|7342, 7435609|7410, 7435796|7488, 7436118|10884, 7436178|12393, 7439575|12511, 7439885|13128, 7441251|13262, 7444757|13429, 7445067|13842, 7445119|13916, 7445914|14020, com.airbnb.android, 
7446079|2523, 7449913|2676, 7450282|2769, 7454636|2927, 7455004|3065, 7455187|3210, 7459539|3327, 7459954|3412, 7460223|3492, 7460626|3621, 7460706|4565, 7465834|4643, 7466170|5253, 7466326|5943, 7466430|6028, 7466482|6586, 7466846|6683, 7466898|7372, 7467262|7462, 7467574|8034, 7468220|8527, 7468376|8619, 7468842|10724, org.indywidualni.fblite, 
7468894|316, 7468946|386, 7469517|463, 7469649|2369, com.whatsapp, 
7469757|2063, 7469817|2185, 7473716|2276, 7474147|2363, 7474698|2445, 7474750|2525, 7475263|2604, 7475967|2771, 7476429|2875, 7476489|2985, 7480947|3071, 7481378|3206, 7484118|3312, 7484579|3844, 7485040|4010, 7485092|4126, 7485593|5532, 7485697|10985, com.duckduckgo.mobile.android, 
7485954|2195, 7486014|2339, 7492247|2487, 7492593|3002, 7493105|3071, 7493537|3148, 7499030|3225, 7499340|3405, 7499392|3471, 7499827|3546, 7500355|4072, 7500475|4172, 7507239|4267, 7507445|4352, 7508109|4435, 7508750|4858, 7509134|4933, 7509414|5021, 7509521|7768, 7509581|7850, 7513415|7930, 7513725|8014, 7513777|8101, 7520172|8519, 7520595|8708, 7520814|8786, 7520956|8869, 7521251|8962, 7521534|9036, 7521728|9121, 7521788|9215, 7522038|9302, 7522112|9406, 7522183|9492, 7522254|9585, 7522515|9684, 7522839|9785, 7523193|9892, 7523648|10010, 7523842|10114, 7524112|10956, 7524517|11043, org.zwanoo.android.speedtest, 
7524767|2251, 7527988|2387, 7528561|2490, 7539907|2731, 7540240|2840, 7540300|3341, 7543489|3584, 7543592|3971, 7543800|4201, 7543903|4295, 7543963|4392, 7549068|4491, 7549223|4574, 7549275|4664, 7552137|5180, 7552497|5541, 7572404|5622, 7579472|5722, 7580366|5827, 7582218|5918, 7583478|6004, 7594258|6106, 7594805|6200, 7605758|6283, 7606120|6377, 7606418|6455, 7606548|7768, 7606927|8134, 7613082|8613, 7613134|8692, 7613242|9356, 7621235|9490, 7622080|9587, 7622882|9775, 7623645|10165, 7623896|10475, 7624448|10583, 7624500|10702, 7632474|10831, 7632939|10913, 7637455|11043, 7637986|11213, 7638835|11313, 7638970|11477, org.mozilla.firefox, 
7639014|2373, 7643737|2468, 7644962|2555, com.isis_papyrus.raiffeisen_pay_eyewdg, 
7645066|1523, 7646305|1686, 7651709|1824, 7651761|1936, 7652102|2043, 7652270|2134, 7652418|2784, 7652478|2845, 7657695|2914, 7658064|3002, 7662406|3070, 7662458|3139, 7662804|3201, 7665849|3272, 7665901|3497, 7670815|3756, 7670960|5917, 7676485|5994, 7676811|6092, 7681307|6184, 7681371|6257, 7681622|6336, 7681742|7331, 7682459|7399, 7682563|7469, 7683397|7543, 7683584|10791, 7683771|10857, 7683953|11978, 7687349|12082, 7687464|12669, 7691090|12757, 7694906|12841, 7694958|12921, 7696097|13002, com.airbnb.android, 
7696717|1378, 7696873|1497, 7699034|1604, 7699114|1708, 7709602|1899, 7710227|2022, 7710899|2138, 7710951|2227, 7711824|2348, 7712240|2467, 7712812|2568, 7712864|2674, 7713355|2902, 7713490|3340, 7722920|3440, 7723214|3537, 7723741|3638, 7726799|3763, 7726851|3866, 7731393|4060, 7731453|6215, 7736978|6346, 7737304|6475, 7741935|6571, 7741987|6656, 7742047|7609, 7742583|7693, 7742928|7780, 7743118|7860, 7743814|7951, 7744406|10860, 7744528|12176, 7747983|12293, 7751911|13032, 7753050|13108, com.airbnb.android, 
7753360|2261, 7753617|2588, 7753677|2768, 7760757|2882, 7760860|3199, 7761081|3506, 7766209|3858, 7771116|4382, 7771853|4524, 7772546|4604, 7777236|4758, 7777885|4857, 7785744|5068, 7789351|5226, 7790051|5345, 7888325|5521, 7888680|5637, 7888940|5995, 7889252|6694, 7889304|6772, 7889408|7347, 7889720|7426, 7890043|7599, 7890211|7680, 7890315|8272, 7890659|8359, 7891033|10858, 7891168|10937, de.zalando.mobile, 
7891324|1, 7891895|75, 7892152|2258, 7892212|2354, 7898445|2598, 7898548|2809, 7898952|2934, 7899735|3053, 7899795|3143, 7905288|3243, 7905598|3328, 7905650|3476, 7906085|3587, 7906613|4040, 7906733|4133, 7913497|4266, 7914035|4391, 7914367|4497, 7915008|4929, 7915392|5034, 7915672|5168, 7915779|7860, 7919673|7954, 7919983|8116, 7920035|8195, 7926440|8616, 7926500|8703, 7927082|8789, 7927295|8872, 7927657|8960, 7927873|9049, 7927996|9131, 7928056|9207, 7928306|9287, 7928380|9366, 7928451|9457, 7928522|9547, 7928817|9658, 7929294|9787, 7929767|9916, 7929980|10011, 7930032|10153, 7930707|11062, org.zwanoo.android.speedtest, 
7930786|3633, 7953000|3761, 7954040|3905, 7954122|4012, 7954182|4114, 7958773|4248, 7958851|5360, 7958911|5433, 7963502|5556, 7963638|8041, 7966370|8111, 7967245|8192, 7967792|8256, 7968805|8322, 7968857|8391, 7969251|10153, 7969303|10851, org.chromium.chrome, 
7969682|3192, 7991598|3293, 7992638|3431, 7992720|3568, 7992780|3667, 7997371|3774, 7997449|4804, 7997509|4869, 8001892|4989, 8002100|5180, 8002176|7575, 8002288|7649, 8005842|7728, 8006389|7795, 8007405|7862, 8007509|7936, 8007908|9648, 8007960|10842, org.chromium.chrome, 
8008068|1960, 8012027|2096, 8012458|2308, 8013009|2390, 8013061|2462, 8013574|2545, 8014278|2625, 8014740|2790, 8019156|2987, 8019258|3073, 8019689|3171, 8022429|3361, 8022890|3638, 8023351|3803, 8023403|3876, 8023904|5424, 8024477|9589, 8024581|11101, com.duckduckgo.mobile.android, 
8024625|2235, 8029348|2362, 8030573|2450, com.isis_papyrus.raiffeisen_pay_eyewdg, 
8030755|2823, 8034150|2904, 8034460|2975, 8035489|3050, 8036233|3484, 8036413|3602, 8036465|3715, 8039362|3805, 8042311|3908, 8045260|4067, 8045431|4188, 8051644|4285, 8051977|4379, 8052348|4453, 8052513|4933, 8052617|5036, 8053046|5135, 8053211|5398, 8053263|5481, 8053315|6319, 8053573|6501, 8053899|6587, 8054003|6729, 8095738|6825, 8095790|7224, 8095930|7534, 8096196|7603, 8096404|7671, 8100806|7743, 8100962|7880, 8101291|7956, 8102042|10818, com.waze, 
8102207|2554, 8106041|2647, 8108905|2854, 8110505|2949, 8110673|3054, 8111004|3227, 8115224|3317, 8115408|3376, 8115894|3462, 8116040|3531, 8116465|3599, 8116931|10814, 8116983|11087, 8117035|11442, org.indywidualni.fblite, 
8117293|2232, 8117353|2318, 8123586|2543, 8123689|2771, 8123910|3169, 8124065|3815, 8128984|3901, 8133856|3969, 8134321|4033, 8134856|4101, 8136774|4203, 8137119|4314, 8146194|4398, 8146685|4468, 8146737|4544, 8148161|4619, 8191306|5109, 8245968|5217, 8246020|7350, 8246364|7421, 8246499|10740, 8246738|10825, 8246873|10903, 8247091|12111, 8247151|12184, 8251507|12260, 8252425|12333, 8252719|12479, 8252994|12552, 8253473|12704, 8253577|12919, 8253723|12984, 8254151|13122, de.zalando.mobile, 
8257729|1876, 8258091|2099, 8259234|2227, 8259383|2305, 8265554|2376, 8265890|2459, 8266523|2542, 8272484|3135, 8272700|3228, 8276653|3349, 8277322|3432, 8277425|3538, 8277477|3623, 8279039|3746, 8286807|3858, 8292134|3958, 8293050|4049, 8293136|4145, 8293188|5035, 8293675|5134, 8293780|6325, 8293840|6399, 8298258|6506, 8298646|6598, 8300084|6712, 8300285|6872, 8310294|7009, 8310589|7113, 8311383|7214, 8314841|7321, 8318574|7420, 8319793|7561, 8320682|7684, 8320786|7845, 8321468|8021, 8322685|8136, 8322856|8225, 8322916|8319, 8322976|8434, 8332150|8531, 8332589|8675, 8333941|8961, 8333993|9031, 8334627|10891, 8334866|11027, de.mcdonalds.mcdonaldsinfoapp, 
8338317|2412, 8339077|2540, 8341757|2618, 8343451|2745, 8343726|2846, 8343909|2959, 8348077|3045, 8348261|3111, 8348748|3181, 8348946|3247, 8349437|3347, 8349903|10814, org.indywidualni.fblite, 
8350035|2592, 8350111|2659, com.whatsapp, 
8350191|827, 8350271|1200, 8350350|1997, 8358106|2142, 8392944|2285, 8399790|2461, 8406362|2637, 8412115|2768, 8413843|2928, 8420376|3086, 8424852|6712, 8429328|6776, 8438309|6911, 8442795|6977, 8447281|7041, 8451768|7106, 8456245|7183, 8460731|7243, 8465217|7305, 8465308|10771, 8466548|10865, com.fsck.k9, 
8466683|648, 8466848|2338, 8470548|2426, 8470998|2525, 8475278|2716, 8475646|2798, 8479499|2932, 8480110|3016, 8480577|3086, 8480775|3156, 8481774|3237, 8482007|10718, 8482240|10783, 8482375|12599, 8482455|12659, org.indywidualni.fblite, 
8488305|1622, 8488461|1737, 8489609|1849, 8489950|1982, 8490118|2127, 8490326|2598, 8495543|2660, 8496041|2813, 8496205|2881, 8501411|2959, 8503647|3038, 8503699|3218, 8504459|3310, 8507454|3402, 8507599|5677, 8513124|5783, 8513450|5858, 8517946|5946, 8518197|6026, 8518257|6871, 8518793|6948, 8519086|7015, 8519276|7086, 8519721|7156, 8519972|7232, 8520294|10858, 8520354|12012, 8523750|12127, 8524060|12736, 8524112|12821, 8525366|12916, 8525538|13022, 8528992|13097, 8532498|13175, com.airbnb.android, 
8532808|1606, 8533656|1776, 8533966|1960, 8534134|2093, 8538033|2204, 8538464|2292, 8539015|2386, 8539067|2500, 8539580|2637, 8540967|2776, 8545785|2888, 8546318|2997, 8549058|3125, 8549198|3479, 8554727|3587, 8555188|3693, 8555524|3945, 8555732|4606, 8556389|5185, 8556493|5284, 8556909|5782, 8557169|6355, 8557492|6566, 8557660|6632, 8557764|10762, com.duckduckgo.mobile.android, 
8557840|2011, com.whatsapp, 
8558095|1871, 8558155|2112, 8564388|2232, 8564491|2513, 8564712|2763, 8564920|2911, 8565195|3100, 8569994|3173, 8575689|3333, 8580750|3405, 8581339|3505, 8587277|3602, 8589194|3689, 8593760|3797, 8594148|3883, 8594292|3968, 8646926|4035, 8692638|4117, 8693093|4197, 8693145|6702, 8693489|6820, 8693624|10260, 8693863|10327, 8693998|10386, de.zalando.mobile, 
8694113|2507, 8701221|2585, 8701971|2683, 8702023|2745, 8702540|2866, 8702832|10465, com.instagram.android, 
8702892|2004, 8709125|2519, 8709228|2734, 8709449|2893, 8709664|3100, 8714463|3184, 8714817|3265, 8720009|3319, 8720345|3398, 8720598|3470, 8722552|3563, 8728164|3625, 8731730|3682, 8732473|3750, 8732525|3816, 8733494|3890, 8830941|4068, 8831396|4145, 8831500|4488, 8831844|4539, 8832062|10090, 8832218|10146, 8832353|10201, de.zalando.mobile, 
8832475|1203, 8832535|1265, 8835932|1374, 8836242|1463, 8837497|1525, 8843668|1587, 8844637|1710, 8850416|2103, 8850857|2230, 8851595|2300, 8855436|2402, 8855707|2470, 8855871|2556, 8866654|2643, 8870443|2723, 8871359|2852, 8871411|3390, 8871899|3535, 8871959|4293, 8876377|4358, 8876713|4424, 8876765|4497, 8878202|4558, 8878322|4654, 8887685|4747, 8888331|4832, 8888702|4929, 8892818|5029, 8896613|5136, 8897683|5270, 8897839|5439, 8899234|5588, 8904030|5677, 8904407|5822, 8904793|5878, 8909158|5931, 8913969|5980, 8914513|6029, 8914768|6082, 8914871|6144, 8915476|6457, 8916027|10042, 8916162|10089, 8916297|10145, de.mcdonalds.mcdonaldsinfoapp, 
8916462|1897, 8919852|1976, 8920295|2046, 8920479|2117, 8924763|2206, 8924857|2282, 8925130|2363, 8925201|2422, 8925313|2480, 8929054|2530, 8929481|2585, 8929665|2633, 8930131|2686, 8930329|2740, 8930734|2792, 8931200|10039, org.indywidualni.fblite, 
8931382|1471, 8934779|1540, 8935089|1622, 8935141|1707, 8936285|1804, 8936669|1894, 8936729|1953, 8936789|2006, 8939896|2061, 8944399|2122, 8946971|2192, 8947023|2312, 8947126|2369, 8947347|2558, 8948088|3030, 8948244|3111, 8948869|3183, 8948992|3269, 8949052|3364, 8952213|3420, 8953605|3478, 8955745|3536, 8956262|3586, 8970439|3647, 8977853|3735, 8981404|3855, 8981578|3965, 8984556|4060, 9006274|4161, 9006326|4276, 9006562|4400, 9006981|4513, 9007033|4568, 9007085|4620, 9008024|4672, 9008064|9909, 9009122|9981, 9009349|10148, 9009484|10252, com.moshbit.studo, 
9009786|1772, 9012955|1898, 9024301|2052, 9024634|2419, 9024694|2888, 9027883|3181, 9028046|3397, 9033254|3479, 9033306|3549, 9033461|3632, 9033669|3714, 9035869|3787, 9036229|4263, 9056018|4338, 9056525|4425, 9058297|4508, 9070104|4577, 9076060|4672, 9088374|4737, 9088973|4807, 9089283|4866, 9089593|4922, 9089645|4978, 9090246|6171, 9096241|6565, 9096293|6622, 9104409|7265, 9106047|7359, 9107357|7431, 9107409|7525, 9108159|7680, 9108953|7841, 9109005|7924, 9113493|7992, 9117030|8062, 9121896|8145, 9133167|8210, 9133775|8293, 9133879|8364, 9135559|8413, 9135611|8526, 9135937|9460, 9136188|9777, 9137006|10327, 9137141|10545, org.mozilla.firefox, 
9137193|1964, 9137572|2507, 9160527|2662, 9160661|2759, 9160721|2859, 9165312|2949, 9165390|3781, 9165450|3884, 9170040|3992, 9170258|5717, 9170318|5774, 9174674|5825, 9175592|5879, 9175886|6054, 9176096|6117, 9176242|6395, 9176668|6514, 9176796|6915, 9177014|6970, 9180620|7027, 9181382|7102, 9182606|7210, 9182658|7262, 9183060|9071, 9183112|10059, org.chromium.chrome, 
9183234|2132, 9186691|2207, 9187001|2325, 9187053|2377, 9188030|2448, 9188934|2730, 9189174|2820, 9192123|2989, 9195072|3137, 9198021|3230, 9201192|3368, 9201414|3427, 9201637|3886, 9204995|3950, 9205219|4025, 9205537|4079, 9205589|4153, 9205806|4395, 9206080|4917, 9206232|4974, 9206446|5024, 9206498|5078, 9209230|5138, 9231228|5192, 9249117|5267, 9249257|5710, 9249523|5762, 9249627|5816, 9249731|5866, 9254303|5928, 9254459|6032, 9254788|6086, 9255539|10026, com.waze, 
9255644|1971, 9259093|2080, 9259720|2160, 9262400|2243, 9264163|2345, 9264257|2418, 9264530|2493, 9268383|2550, 9268994|2650, 9269459|2705, 9269657|2760, 9270149|2819, 9270615|10115, org.indywidualni.fblite, 
9270805|1999, 9270865|2090, 9272796|2168, 9272848|2437, 9272908|2520, 9274382|2600, 9274769|2665, 9296421|2734, 9348190|2815, 9348242|2968, 9348294|3339, 9348418|4903, 9348598|4979, 9381454|5089, 9402212|5242, 9408367|5328, 9408580|5495, 9422307|5592, 9422815|5873, 9423217|5951, 9423669|6031, 9424140|6109, 9424541|6181, 9424685|6749, 9431143|6856, 9431771|7029, 9461674|8408, 9464829|8506, 9490256|8621, 9490316|8702, 9491221|8853, 9493127|8928, 9494107|9013, 9497366|9113, 9521066|9213, 9528056|9310, 9528108|9398, 9556890|9491, 9557253|10116, 9565548|10204, 9595745|10293, 9598413|10388, 9598517|10481, 9598829|10675, 9599089|10734, 9599141|10791, de.spiegel.android.app.spon, 
9602598|2226, 9603234|2414, 9604443|2579, 9607392|2692, 9610341|2779, 9613290|2952, 9616350|3039, 9616683|3107, 9616735|3608, 9616787|3671, 9617164|3732, 9659509|4728, 9659717|5262, 9662397|5317, 9664119|5394, 9664327|5455, 9664431|5513, 9664812|5574, 9664947|10242, 9665511|10302, 9665646|12609, com.waze, 
9665989|2112, 9674877|2288, 9677705|2536, 9677809|2612, 9679212|2986, 9679482|10803, 9679657|10877, 9679912|12962, 9679972|13191, 9686205|13350, de.pilot.newyorker.android, 
9690649|156, 9691185|381, 9691237|526, 9701740|596, 9704936|684, 9705157|834, 9705314|5889, 9705374|5952, 9709072|6022, 9712939|6176, 9713419|6314, 9713861|6380, 9716422|6472, 9718629|6559, 9718681|6771, 9718816|10958, 9718951|11033, com.twitter.android, 
9719073|1749, 9722530|1843, 9722892|2089, 9727458|2223, 9727518|2301, 9727949|2368, 9728360|2441, 9734645|2520, 9734748|2680, 9735321|2756, 9735542|2838, 9735710|3269, 9735866|3934, 9736551|4049, 9739652|4151, 9740143|4230, 9743347|4302, 9764351|4398, 9765158|4485, 9768572|4758, 9791088|5024, 9791687|5148, 9793431|5256, 9793483|5335, 9794420|5409, 9794460|10687, 9794758|10779, 9794893|10911, com.moshbit.studo, 
9794953|1904, 9798349|2019, 9798711|2118, 9799853|2218, 9800189|2999, 9821936|3154, 9827421|3318, 9828477|3526, 9836772|3697, 9836824|3811, 9837743|3895, 9838997|3988, 9840108|4088, 9841713|4172, 9843703|4287, 9844958|4459, 9845518|6305, 9845888|9353, 9848532|9434, 9848953|9519, 9850646|9611, 9851207|10144, 9851550|10257, 9854549|10357, 9854847|10553, 9855478|10672, 9855873|11321, 9855913|11394, 9856048|11467, 9859503|11870, 9859813|12283, 9861007|12456, de.prosiebensat1digital.prosieben, 
9861067|5299, 9861127|5365, 9864765|5435, 9868632|5581, 9869022|5657, 9869164|5727, 9869606|5801, 9872117|5868, 9872207|5935, 9874325|6005, 9874377|6160, 9874647|10947, com.twitter.android, 
9874849|1687, 9875481|1842, 9881638|2028, 9881690|2168, 9882031|2288, 9882199|2378, 9882347|2899, 9882407|2971, 9887624|3050, 9888047|3131, 9888234|3198, 9895436|3275, 9895730|3361, 9895782|3433, 9895834|3637, 9900719|4121, 9901562|4281, 9901647|6038, 9901707|6126, 9907232|6248, 9907558|6333, 9912118|6431, 9912305|6513, 9912365|7531, 9912425|7597, 9913246|7666, 9913829|7734, 9914080|7804, 9914132|9321, 9914215|10833, 9914454|10919, 9914514|12219, 9917910|12333, 9918220|12921, 9919526|13005, 9919586|13096, 9923092|13286, com.airbnb.android, 
9923402|1392, 9924250|1509, 9924500|2209, 9927721|2370, 9939067|2593, 9939400|3228, 9939460|3362, 9942649|3799, 9942752|4378, 9943063|4717, 9953436|4902, 9953643|5054, 9956177|5305, 9956537|5552, 9977056|5691, 9978844|5872, 9980971|5984, 9981231|6487, 9981647|7312, 9982286|8032, 9982702|8390, 9988875|8536, 9989422|8655, 9995534|8805, 9995586|8909, 9995638|9286, 10007163|9412, 10008497|9545, 10009234|9678, 10016225|9833, 10017902|10442, 10029425|10589, 10030045|10673, 10030937|10815, 10030997|10945, 10034712|11079, 10038367|11203, 10038677|11348, 10039578|11545, 10039713|11728, 10039817|14062, 10039869|14135, 10040440|14201, org.mozilla.firefox, 
10043896|1604, 10045401|1934, 10045550|2047, 10051721|2147, 10052690|2246, 10052872|2625, 10058711|2771, 10062038|2878, 10062810|2998, 10064004|3149, 10064233|3410, 10067653|3532, 10069913|3648, 10077484|3768, 10078110|3880, 10079026|3993, 10079078|4581, 10079566|4736, 10079731|5758, 10083261|5875, 10083597|5975, 10085088|6138, 10090691|6240, 10094881|6343, 10095512|6435, 10096170|6643, 10101104|7248, 10105832|7351, 10107601|7574, 10107824|7682, 10107884|7869, 10108158|7963, 10112633|8051, 10112736|8219, 10113341|8433, 10114098|10818, 10114233|10883, de.mcdonalds.mcdonaldsinfoapp, 
10114398|2455, 10117789|2558, 10119075|2637, 10119127|2716, 10123409|2845, 10123827|2950, 10123950|3038, 10124010|3122, 10128362|3209, 10128414|3273, 10128954|3343, 10129100|3411, 10129616|3485, 10130082|10800, org.indywidualni.fblite, 
10130337|2196, 10130477|2292, 10134460|2394, 10141019|2486, 10142102|2586, 10142236|2659, 10142451|2756, 10146374|2833, 10146595|2908, 10146921|2977, 10147555|3056, 10147659|3120, 10150819|6253, 10161655|6354, 10168499|6541, 10169577|7558, 10169733|7695, 10171944|7929, 10171996|8128, 10173234|8598, 10173504|10847, 10173556|10909, 10173691|10977, com.paypal.android.p2pmobile, 
10174769|1604, 10174925|1673, 10175760|1865, 10177686|2199, 10181538|2324, 10202929|2531, 10203230|2677, 10203342|2778, 10208653|2875, 10212034|3003, 10212137|3122, 10212189|3198, 10214206|3396, 10214258|3479, 10215383|3574, 10216988|3690, 10218978|3791, 10220233|3869, 10220793|5225, 10221495|8657, 10222538|8805, 10223111|9094, 10223163|9388, 10226162|9483, 10226460|9584, 10227091|9679, 10228168|10895, 10228568|11005, 10228880|11387, 10228920|11477, 10229055|11545, 10229177|11893, 10232634|11987, 10232944|12318, 10234138|12403, de.prosiebensat1digital.prosieben, 
10234328|1977, 10237609|2118, 10243437|2341, 10248955|2520, 10249288|2812, 10249348|3019, 10252537|3530, 10252640|3850, 10252848|4186, 10252951|4480, 10258236|4593, 10278205|4711, 10279328|4824, 10280721|4946, 10289094|5048, 10306596|5156, 10307600|5257, 10307898|5357, 10308660|5445, 10308712|5521, 10309091|7200, 10315341|8030, 10315393|8120, 10315553|8338, 10323792|8436, 10324339|8514, 10324391|8603, 10325154|8719, 10325905|9070, 10326699|9167, 10333877|9247, 10335027|9426, 10336078|9539, 10339642|9659, 10340215|9733, 10342720|9802, 10344029|10154, 10344081|10232, 10344332|10486, 10344658|10746, 10344710|10853, 10345424|10934, 10345559|11082, org.mozilla.firefox, 
10345814|2567, 10345874|2715, 10352107|2877, 10352210|3184, 10352431|3433, 10352586|4249, 10357002|4342, 10357739|4440, 10358007|4504, 10363122|4586, 10363659|4685, 10369973|4798, 10371313|4889, 10374879|4971, 10375622|5043, 10376643|5108, 10474078|5345, 10474433|5436, 10474589|8001, 10474933|8161, 10475307|10946, 10475442|11017, de.zalando.mobile, 
10475598|2016, 10484486|2176, 10485190|2299, 10487314|2431, 10487418|2520, 10488686|3018, 10488919|9621, 10488959|9690, 10489229|10786, 10489289|12946, 10495522|13176, de.pilot.newyorker.android, 
10499966|1, 10500502|332, 10510911|498, 10514098|592, 10514201|1009, 10514422|1371, 10514677|2294, 10514737|2443, 10520970|2673, 10521073|2889, 10521294|3122, 10521449|3746, 10526308|3841, 10526662|3919, 10531369|3989, 10532240|4072, 10534236|4178, 10539940|4279, 10543558|4381, 10544301|4450, 10545322|4517, 10565520|4795, 10642726|4891, 10643081|4993, 10643237|5425, 10643581|5506, 10643820|10794, 10643955|10864, 10644090|10947, 10644368|12291, 10649642|12363, 10650065|12582, 10650211|12668, 10650263|12741, 10650689|12815, 10650951|13180, 10651443|13332, de.zalando.mobile, 
10651633|2360, 10651745|2445, 10653676|2530, 10653728|2834, 10653788|2914, 10655210|2994, 10655641|3060, 10694697|3145, 10728977|3225, 10729029|3300, 10729081|4062, 10729205|5796, 10742832|5881, 10782281|5996, 10782985|6114, 10785524|6228, 10786043|6642, 10786247|7829, 10787607|7926, 10787719|8017, 10788235|8116, 10817104|10034, 10817202|10880, 10817314|10984, 10817545|11134, 10818658|11198, 10818710|11336, de.spiegel.android.app.spon, 
10818968|2282, 10819028|2450, 10825261|2603, 10825364|2836, 10825883|3108, 10826403|3197, 10826455|3284, 10826559|3725, 10826611|4216, 10831919|4381, 10839820|4534, 10840026|4603, 10841052|4698, 10841487|4772, 10841539|4859, 10841931|5362, 10842284|5450, 10842844|5528, 10842896|5776, 10843003|8250, 10846897|8386, 10847207|8537, 10847259|8613, 10852905|8859, 10853193|9035, 10853599|9117, 10853864|9205, 10854174|9289, 10854461|9365, 10854603|9455, 10854715|9543, 10854913|9632, 10854987|9727, 10855058|9824, 10855278|9942, 10855714|10051, 10855927|10141, 10856128|10240, 10856575|10356, 10856769|10457, 10857039|11002, 10857444|11078, org.zwanoo.android.speedtest, 
10857504|2199, 10859473|2281, 10859585|2686, 10861022|2778, 10861461|2850, 10900012|2933, 10934831|3020, 10934883|3093, 10934935|3601, 10947543|5428, 10987542|5564, 10987602|7459, 10988962|7559, 10989590|7653, 10989675|8595, 10989735|9354, 11002912|9471, 11021424|9635, 11022441|10505, 11026201|10651, 11056557|10765, 11056609|10865, 11056817|11287, 11056869|11429, de.spiegel.android.app.spon, 
11057289|1501, 11063280|1641, 11063616|1747, 11063668|1869, 11064177|2061, 11064385|2426, 11069602|2504, 11070160|2640, 11074365|2755, 11074711|2815, 11074763|2880, 11077758|2994, 11077810|3103, 11082346|3490, 11082429|4754, 11088099|5507, 11088425|5633, 11092921|5742, 11093172|5827, 11093232|6931, 11093768|7005, 11094165|7078, 11094748|7151, 11094999|7216, 11095051|9878, 11095508|10845, 11095690|11858, 11099085|11981, 11099447|12541, 11100701|12628, 11100821|12747, 11104327|12841, 11107833|12917, com.airbnb.android, 
11109301|429, 11109353|1085, 11109976|1220, 11113447|2079, 11119848|2432, 11125366|2640, 11125699|2994, 11125811|3197, 11129000|3516, 11129103|3683, 11134311|3839, 11134519|3988, 11134855|4398, 11140020|4634, 11140175|4774, 11140227|4873, 11160436|5023, 11163128|5164, 11165072|5287, 11181451|5415, 11193848|5554, 11194913|5698, 11195365|5838, 11195729|6039, 11195781|6166, 11196197|7024, 11196576|7533, 11196888|7995, 11197211|8240, 11203221|8363, 11211322|8759, 11211620|8873, 11212219|8989, 11212982|9130, 11213732|9311, 11213908|9684, 11215326|9805, 11215498|9926, 11222607|10084, 11227480|10215, 11230215|10344, 11230267|10469, 11231628|10745, 11231680|11094, 11232529|11186, 11232664|11511, org.mozilla.firefox, 
11232724|2199, 11236707|2327, 11243266|2430, 11244462|2558, 11248540|2679, 11249087|2809, 11249825|2988, 11250133|5984, 11263821|6080, 11270745|6382, 11271823|7464, 11271979|7530, 11278585|8000, 11278637|8099, 11279879|8663, 11280284|10754, 11280419|10821, com.paypal.android.p2pmobile, 
11280601|2041, 11283998|2181, 11284558|2305, 11285762|2395, 11291995|2608, 11292098|2837, 11293538|3010, 11293694|4884, 11294539|4965, 11301509|5042, 11302233|5110, 11302389|5176, 11308910|5313, 11308962|5580, 11309450|5793, 11309855|10976, 11309990|11151, 11310172|11509, 11313568|11656, 11313878|12525, 11315074|12665, com.tripadvisor.tripadvisor, 
11315118|2392, 11319841|2508, 11321066|2622, com.isis_papyrus.raiffeisen_pay_eyewdg, 
11321325|3734, 11343570|3896, 11344402|4028, 11344484|4363, 11348928|4461, 11349136|4555, 11349214|5948, 11349274|6058, 11353866|6288, 11353946|6388, 11354050|7748, 11354676|7815, 11354752|8032, 11354812|8102, 11358417|8186, 11358753|8258, 11359977|8327, 11360029|8396, 11360418|10189, 11360470|11132, 11360605|12319, org.chromium.chrome, 
11364183|1932, 11364493|2041, 11365688|2154, 11365748|2233, 11371919|2320, 11372255|2417, 11372888|2498, 11373130|2944, 11378909|3046, 11379116|3130, 11383018|3243, 11383790|3315, 11383842|3392, 11384984|3474, 11385212|3682, 11388632|3796, 11398307|3902, 11398605|4113, 11399223|4211, 11399275|4797, 11399763|4962, 11399928|6090, 11404346|6194, 11404682|6290, 11406118|6364, 11406199|6588, 11411802|6705, 11415992|6811, 11416623|6903, 11417281|7037, 11417598|7542, 11422075|7656, 11422955|7886, 11426568|8009, 11428381|8117, 11428441|8251, 11432864|8435, 11433138|8499, 11433241|8569, 11433846|8852, 11434416|10841, 11434603|10907, 11434738|10982, de.mcdonalds.mcdonaldsinfoapp, 
11435000|1664, 11435308|1755, 11435360|1866, 11435985|2003, 11436407|2126, 11441763|2255, 11463167|2519, 11463463|2651, 11463515|2751, 11471810|2865, 11472205|2979, 11472360|3079, 11475192|3572, 11476508|3666, 11477619|3765, 11479224|3873, 11482469|3973, 11483081|5204, 11484878|8448, 11485221|9046, 11488220|9124, 11488518|9296, 11488558|9388, 11489880|10609, 11489984|10706, 11491837|10958, 11491972|11049, 11492032|11454, 11495428|11540, 11495738|11872, 11495790|11960, 11496932|12062, de.prosiebensat1digital.prosieben, 
11496992|2121, 11499982|2198, 11501233|2297, 11501559|2382, 11508875|2450, 11509009|2521, 11509121|2589, 11513147|2657, 11513694|2797, 11514328|2872, 11514432|2949, 11514552|5777, 11528120|5891, 11529572|5990, 11534964|6087, 11535648|7093, 11536042|7160, 11536146|7226, 11542248|7519, 11542300|7620, 11543002|7858, 11543235|9888, 11543315|10029, 11543720|10795, 11543855|10881, com.paypal.android.p2pmobile, 
11551078|3141, 11551828|3218, 11551880|3306, 11552397|3747, 11552970|10086, 11553262|11019, 11553480|11927, 11553540|11996, 11558814|12069, 11559108|12352, 11559318|12501, 11559464|12571, 11559516|12638, 11559943|12710, 11560141|13091, 11560566|13222, com.instagram.android, 
11560626|2028, 11564023|2134, 11564333|2230, 11565529|2326, 11565916|2538, 11566036|2610, 11569143|2704, 11575807|2782, 11576217|2857, 11576269|2939, 11576372|3009, 11576593|3176, 11576761|3600, 11576865|4195, 11577490|4295, 11577673|4399, 11580834|4480, 11583935|4567, 11584797|4629, 11599281|4713, 11606476|4780, 11610029|5095, 11610143|5256, 11632505|5413, 11633393|5529, 11635280|5658, 11638789|5739, 11638892|5808, 11639859|5996, 11640086|10951, 11640221|11019, com.moshbit.studo, 
11640377|1732, 11641133|1826, 11641213|1934, 11641432|2088, 11644887|2153, 11645197|2295, 11645249|2367, 11645737|2513, 11645849|8449, 11646105|8530, 11646209|8616, 11653195|8690, 11653671|8969, 11653723|9059, 11654102|9251, 11654154|9452, 11655264|9900, 11655534|10861, com.tripadvisor.tripadvisor, 
11659112|1772, 11659474|2015, 11660876|2141, 11661048|2224, 11664103|2300, 11664534|2369, 11671178|2450, 11671230|2535, 11671333|2617, 11671554|2881, 11671722|3275, 11671826|3793, 11672503|3885, 11672563|3976, 11675724|4078, 11679256|4155, 11679359|4218, 11694513|4282, 11701126|4377, 11701317|4590, 11704678|4725, 11708174|4875, 11729451|4996, 11729671|5108, 11730692|5374, 11730919|10837, 11731054|11009, com.moshbit.studo, 
11732413|2221, 11755149|2321, 11780270|2484, 11789734|2713, 11793068|2828, 11794847|2921, 11801328|3181, 11805804|7967, 11810280|8110, 11814775|8171, 11819261|8234, 11822842|8305, 11827395|8382, 11832836|8453, 11837371|8516, 11840961|8584, 11841915|8657, 11846459|8729, 11846594|10839, 11847699|10923, 11847834|13544, com.fsck.k9, 
11847969|1411, 11848029|2047, 11852345|2181, 11852671|2253, 11853815|2328, 11853927|2395, 11860212|2462, 11864135|2534, 11864461|2597, 11865095|2660, 11865198|2729, 11865419|3191, 11865483|3340, 11874315|5741, 11879171|5862, 11886015|6054, 11887093|7141, 11887249|7208, 11887951|7424, 11889680|7493, 11894153|7959, 11894855|8034, 11895260|10863, 11895395|10988, 11895582|12756, 11895745|12831, com.paypal.android.p2pmobile, 
11896495|1996, 11906351|2107, 11935062|2235, 11937286|2358, 11942577|2457, 11946404|2577, 11947519|2665, 11954664|2753, 11962944|2851, 11963397|2935, 11964692|3024, 11965690|3112, 11969271|6455, 11970224|6527, 11974758|6599, 11979311|6666, 11983855|6746, 11988399|6816, 11991989|6885, 11996523|6957, 12001068|7039, 12005612|7128, 12010156|7195, 12011110|7287, 12011201|10674, 12012441|10898, com.fsck.k9, 
12012563|1851, 12016018|1999, 12016509|2146, 12017713|2273, 12020880|2381, 12027544|2470, 12027955|2560, 12028007|2645, 12028110|2710, 12028331|2922, 12028499|3359, 12028655|3822, 12029280|3936, 12029463|4047, 12032564|4122, 12036156|4207, 12036259|4283, 12052753|4357, 12058092|4454, 12061506|4710, 12083947|4960, 12084667|5118, 12086360|5233, 12087468|5316, 12087508|10504, 12088566|10691, 12088793|10777, 12088928|10919, com.moshbit.studo, 
12088988|2036, 12092911|2134, 12093297|2210, 12094245|2286, 12100801|2388, 12104724|2496, 12105050|2566, 12105787|2635, 12105839|2697, 12106112|2762, 12106152|3943, 12106272|5670, 12119840|5763, 12119900|5951, 12126684|6050, 12127762|7106, 12127814|7172, 12127866|7243, 12130336|7619, 12134715|7700, 12135417|7928, 12135822|10773, 12135957|10839, com.paypal.android.p2pmobile, 
12136115|1949, 12142431|2055, 12181275|2163, 12184933|2317, 12189140|2420, 12195777|2527, 12199455|2613, 12206258|2682, 12209839|6485, 12210792|6548, 12215326|6617, 12219879|6684, 12223460|6752, 12228004|6819, 12228967|6887, 12233511|6956, 12238056|7041, 12242591|7105, 12247135|7169, 12251679|7233, 7299386|7875, 7300626|10820, com.fsck.k9, 
7300705|3094, 7322922|3252, 7323962|3392, 7324104|3581, 7328581|3723, 7328772|3815, 7328832|3885, 7333424|3976, 7333500|7525, 7333560|7591, 7337166|7665, 7337502|7754, 7338779|7837, 7339182|9698, 7339234|10819, org.chromium.chrome, 
7339294|1970, 7343475|2047, 7343861|2190, 7344945|2268, 7351230|2331, 7351342|2397, 7355265|2468, 7355694|2532, 7356380|2677, 7356601|2745, 7356755|5607, 7368169|5718, 7370657|5811, 7377441|5948, 7378519|7029, 7378623|7097, 7379244|7326, 7380973|7398, 7384511|7568, 7385357|7659, 7385762|10784, 7385897|10918, 7386032|13653, com.paypal.android.p2pmobile, 
7386214|1672, 7389610|1748, 7389920|1851, 7391115|1950, 7391264|2106, 7397435|2183, 7398403|2271, 7404424|2788, 7404528|2873, 7407907|2963, 7409305|3070, 7409357|3164, 7410499|3258, 7410667|3389, 7414199|3499, 7421562|3598, 7423822|3692, 7424120|3788, 7424738|3885, 7424790|4522, 7425278|4631, 7425383|5614, 7429861|5695, 7430197|5854, 7430309|5961, 7441507|6081, 7442112|6214, 7442770|6340, 7442906|6465, 7449761|6603, 7454990|6920, 7456254|7058, 7456936|7251, 7457960|7344, 7458191|7433, 7462668|7526, 7463004|7662, 7468500|7755, 7468603|7841, 7469208|8085, 7469759|10889, 7469894|10959, 7470029|11041, 7470602|12054, de.mcdonalds.mcdonaldsinfoapp, 
7470642|2173, 7470682|4790, 7470722|4916, 7470879|5724, 7470939|5790, 7474637|5942, 7478504|6080, 7478894|6153, 7478984|6212, 7479036|6278, 7481988|6355, 7484194|6498, 7484246|6807, 7484381|10920, 7484516|10986, com.twitter.android, 
7484672|2085, 7493560|2252, 7494448|2411, 7496388|2526, 7496440|2611, 7497708|2995, 7497978|10864, 7498236|13135, 7498296|13357, 7504529|13527, de.pilot.newyorker.android, 
7504589|177, 7508973|256, 7509325|550, 7509509|618, 7509561|702, 7509613|779, 7509716|924, 7522721|1057, 7523440|1160, 7526895|1802, 7527205|1952, 7528401|2066, 7528461|2191, 7531628|2305, 7538703|2411, 7538755|2522, 7538858|2670, 7539079|3032, 7539300|3195, 7539468|3272, 7539624|3878, 7540249|3981, 7540309|4066, 7543410|4151, 7543901|4220, 7547105|4287, 7568772|4365, 7569203|4433, 7569293|4500, 7569345|4696, 7572706|4771, 7587014|4913, 7592069|4996, 7592121|5146, 7593240|5228, 7593300|5873, 7593897|6004, 7597810|6136, 7599494|6218, 7599546|6281, 7599714|6869, 7599818|9099, 7599922|9167, 7600149|10902, 7600284|10983, com.moshbit.studo, 
7605051|2413, 7605365|2524, 7606276|2610, com.isis_papyrus.raiffeisen_pay_eyewdg, 
7609044|1958, 7615164|2104, 7617992|2239, 7618096|2358, 7619364|2714, 7619769|10748, 7619904|10818, 7620162|13002, 7620222|13169, 7626455|13345, 7626515|13908, 7630899|13982, de.pilot.newyorker.android, 
7631251|111, 7631435|232, 7640546|317, 7644979|428, 7645082|531, 7645303|733, 7645538|2597, 7652526|2686, 7653328|2762, 7653719|2909, 7653845|2975, 7653991|10944, 7654137|11013, com.instagram.android, 
7654395|2374, 7654455|2531, 7660688|2828, 7661089|3188, 7661149|3270, 7661942|3359, 7662093|3429, 7666509|3522, 7667646|3587, 7667956|3729, 7668008|3798, 7668443|3879, 7668970|4320, 7669090|4398, 7675854|4493, 7676060|4659, 7676724|4758, 7677116|5163, 7677417|5267, 7678029|5345, 7678136|8079, 7678196|8161, 7682030|8247, 7682340|8331, 7682392|8426, 7688092|8586, 7688152|8796, 7688653|8877, 7688947|8959, 7689309|9056, 7689525|9141, 7689738|9222, 7689798|9304, 7689910|9378, 7690048|9472, 7690193|9568, 7690264|9655, 7690525|9745, 7690920|9843, 7691062|9929, 7691263|10019, 7691587|10101, 7691852|10195, 7691935|11538, 7692527|11622, 7692567|12412, 7692687|12484, org.zwanoo.android.speedtest, 
7692727|1311, 7692849|1576, 7692909|1650, 7693217|1759, 7694256|1933, 7699672|2067, 7720959|2185, 7721312|2459, 7721364|2544, 7721821|2649, 7730454|2785, 7730506|2873, 7731425|2968, 7731477|3052, 7732679|3148, 7733790|3259, 7734066|3351, 7736755|3461, 7738642|3540, 7739202|5130, 7739512|7657, 7742480|7744, 7742532|7824, 7744328|7919, 7744650|8406, 7747649|8488, 7747947|8669, 7747987|8772, 7748099|9818, 7749168|9902, 7749517|10002, 7750148|10260, 7751215|10887, 7751360|11003, 7752122|11095, 7756515|11254, 7757002|11340, 7757137|11409, de.prosiebensat1digital.prosieben, 
7757327|2032, 7760608|2191, 7766435|2302, 7771952|2463, 7772285|2866, 7772345|3304, 7775534|3629, 7775637|3968, 7775845|4247, 7776581|4547, 7781686|4661, 7782201|4759, 7802099|4852, 7805685|4975, 7806579|5083, 7815295|5188, 7818615|5270, 7819467|5368, 7833572|5471, 7833882|5567, 7834490|5672, 7835091|7215, 7841416|8117, 7841468|8337, 7849569|8537, 7849867|8639, 7850414|8712, 7851229|8804, 7852772|9185, 7852824|9323, 7853680|9446, 7860738|9558, 7861888|9673, 7865714|9881, 7868405|9955, 7868457|10050, 7869766|10285, 7869818|10384, 7870144|10926, 7870993|11018, 7871128|11243, org.mozilla.firefox, 
7871363|2506, 7878351|2613, 7879153|2696, 7879205|2769, 7879722|3136, 7879848|3205, 7879931|3782, 7879983|8908, 7880275|10816, com.instagram.android, 
7880319|2213, 7885042|2316, 7885356|2412, 7886267|2491, com.isis_papyrus.raiffeisen_pay_eyewdg, 
7886389|1668, 7889844|1759, 7891350|2054, 7891506|4428, 7892351|4495, 7895806|4574, 7896116|4643, 7896168|4712, 7896656|4935, 7896708|10609, 7896927|10751, 7903265|10819, 7904189|10893, com.tripadvisor.tripadvisor, 
7904819|1992, 7922331|2127, 7931405|2252, 7936163|2366, 7940032|2471, 7942877|2571, 7961744|2681, 7970202|2812, 7972596|2932, 7974686|3091, 7977976|3556, 7978028|7095, 7979087|7174, 7979139|7245, 7984921|7681, 7988554|8134, 7994041|8295, 7998595|8399, 8007685|8529, 8012229|8626, 8016716|8699, 8025679|8778, 8030095|8867, 8030230|10952, 8031335|11045, com.fsck.k9, 
8036102|2185, 8037327|2391, com.isis_papyrus.raiffeisen_pay_eyewdg, 
8037442|2688, 8044550|2788, 8045404|2878, 8045921|3312, 8046213|10944, com.instagram.android, 
8046395|1684, 8049791|1805, 8050101|1921, 8051297|2084, 8051612|4207, 8051724|4274, 8055805|4351, 8056115|4426, 8056167|4502, 8056655|4652, 8056707|10384, 8056767|10472, 8057075|10580, 8064065|10684, 8064946|10813, com.tripadvisor.tripadvisor, 
8065452|1959, 8107464|2112, 8113537|2264, 8119205|2383, 8125646|2486, 8127960|2585, 8135094|2662, 8139594|6424, 8144128|6491, 8147719|6558, 8148681|6624, 8153225|6706, 8157769|6778, 8162313|6846, 8165894|6912, 8170439|6988, 8171393|7068, 8175937|7130, 8180481|7199, 8180572|10681, 8183364|10777, 8184604|10998, com.fsck.k9, 
8184664|1687, 8188059|1787, 8188369|1994, 8188421|2074, 8189565|2161, 8189669|4265, 8189880|4339, 8194021|4408, 8194331|4546, 8194383|4617, 8195359|5011, 8195644|9799, 8195724|9903, 8195776|10484, 8195836|10610, 8203030|10710, 8203404|10844, 8203456|10904, 8204067|10987, com.tripadvisor.tripadvisor, 
8208834|2154, 8210059|2355, com.isis_papyrus.raiffeisen_pay_eyewdg, 
8210181|1674, 8213636|1778, 8213946|2016, 8215142|2094, 8215194|4083, 8215298|4213, 8215509|4306, 8219650|4382, 8219960|4520, 8220012|4596, 8220500|4751, 8220612|10461, 8220868|10554, 8227912|10625, 8228471|10824, 8228793|10884, com.tripadvisor.tripadvisor, 
8228950|5208, 8229010|5276, 8232708|5356, 8236575|5533, 8236965|5594, 8237107|5662, 8240059|5732, 8242267|5878, 8242319|6021, 8242454|10812, 8242589|10885, com.twitter.android, 
8242711|1701, 8246168|1806, 8246478|2029, 8246530|2115, 8247674|2193, 8247830|4280, 8248675|4358, 8252130|4435, 8252440|4508, 8252492|4575, 8252980|4715, 8253032|10540, 8253348|10646, 8253670|10747, 8260847|10817, com.tripadvisor.tripadvisor, 
8260907|1574, 8264303|1663, 8265277|1772, 8265329|1888, 8266473|1989, 8266577|4249, 8266788|4322, 8267474|4386, 8270929|4452, 8271239|4507, 8271291|4562, 8271779|4738, 8271831|10008, 8272147|10101, 8279188|10252, 8279664|10445, 8279934|10507, com.tripadvisor.tripadvisor, 
8279994|4297, 8283692|4433, 8283744|4547, 8287949|4604, 8288039|4654, 8288091|4708, 8291046|4766, 8293253|4943, 8293305|5177, 8293385|8248, 8293520|10330, 8293655|10390, com.twitter.android, 
8293715|4351, 8297413|4471, 8301280|4589, 8301670|4660, 8301760|4712, 8301812|4764, 8304714|4821, 8304766|4887, 8306973|4972, 8307025|5199, 8307160|10432, 8307295|10493, 8307399|12076, com.twitter.android, 
8307459|4395, 8311157|4457, 8315024|4578, 8315414|4636, 8315504|4690, 8315556|4745, 8318456|4800, 8318508|4875, 8320715|4930, 8320767|5393, 8320831|5571, 8320883|6712, 8321018|10320, 8321153|10395, com.twitter.android, 
