||class android.content.Context:public abstract java.lang.Object android.content.Context.getSystemService(java.lang.String)||class android.app.usage.NetworkStatsManager:public android.app.usage.NetworkStats$Bucket android.app.usage.NetworkStatsManager.querySummaryForDevice(int,java.lang.String,long,long) throws java.lang.SecurityException,android.os.RemoteException||class android.app.usage.NetworkStats$Bucket:public long android.app.usage.NetworkStats$Bucket.getTxBytes()
1162418|1, 1162792|119, 1162844|421, 1163632|502, 1163694|630, 1164093|720, 1164353|836, 1166248|958, 1166364|1428, 1166429|1519, 1166555|1604, 1167215|1700, 1169387|1783, 1170999|1907, 1174638|2011, 1177155|2105, 1178115|2194, 1179131|2279, 1179377|2372, 1179448|3342, 1180143|3503, 1180605|3586, 1181302|4548, 1181763|4637, 1182444|4732, 1183142|4857, 1183660|4979, 1183712|5122, 1184269|5225, 1184389|5358, 1186231|5453, 1187691|5566, 1190361|5657, 1190725|5723, 1191707|5873, 1192065|5937, 1192209|6894, 1192261|6958, 1193701|7578, 1193781|7829, 1195336|9326, 1195422|9375, 1195474|9426, org.mozilla.firefox, 
1198315|1191, 1198753|1286, 1199888|1362, 1200158|1553, 1200278|1939, 1200558|1993, 1200766|2046, 1200996|2107, 1201992|2158, 1202051|2208, 1202485|2260, 1202693|2311, 1202923|2366, 1204049|2421, 1204216|2621, 1204268|2782, 1204424|2831, 1204553|4929, 1204839|4991, 1205099|5051, 1205277|5127, 1205971|5196, 1206210|5309, 1206290|5362, 1206472|5737, 1206532|5790, 1207359|5839, 1207670|5891, 1209250|5945, 1209829|5996, 1209964|6051, 1210044|6112, 1210252|9996, 1210544|10056, 1210608|11087, 1210668|11159, 1211113|11257, 1211179|11756, 1212003|11832, 1212354|11889, 1212562|11971, com.airbnb.android, 
1212740|887, 1213335|1086, 1213387|1199, 1213892|1396, 1214719|1504, 1214771|1678, 1215297|2094, 1218532|2220, 1219121|2308, 1220914|2451, 1221655|2648, 1221996|2744, 1222538|2841, 1223376|2946, 1223833|3040, 1224503|3131, 1224555|3291, 1225311|3392, 1226778|3491, 1235252|3667, 1235797|3746, 1235886|4263, 1244471|4333, 1252600|4921, 1253935|4990, 1253987|5160, 1262271|5580, 1262458|5890, 1262510|6013, 1262583|6713, 1262958|6875, 1264005|6999, 1264471|7116, 1264663|7204, 1264731|7989, 1265096|8068, 1265200|8168, 1265345|8262, 1265955|8372, 1266007|8498, 1266067|8834, 1266382|8900, 1266683|8977, 1267607|9099, 1267969|9234, 1268099|10153, 1268497|10280, 1269305|10410, 1269385|10473, 1269530|12121, 1269582|12187, 1273030|12377, 1273082|12494, de.prosiebensat1digital.prosieben, 
1274422|740, 1274637|876, 1274775|1031, 1274838|2739, 1275138|2859, 1279831|3001, 1280228|3138, 1280354|3404, 1280975|3492, 1281320|3567, 1281372|3641, 1281434|4665, 1281494|4816, 1282460|4963, 1282512|5098, 1282572|7314, 1282632|7372, 1283253|7421, 1283554|7481, 1283992|7535, 1284044|7580, 1284388|7628, 1284559|9381, 1284975|9988, 1285695|10057, 1285747|10114, org.chromium.chrome, 
1285807|1497, 1286096|1561, 1286252|1625, 1287080|1723, 1287150|1803, 1287383|1915, 1287716|1978, 1288293|2035, 1289035|2154, 1289355|2230, 1290350|2357, 1290465|2591, 1290525|2664, 1290813|2853, 1290948|2944, 1291490|3046, 1293919|3124, 1295519|3186, 1295872|3266, 1296865|3347, 1297255|3421, 1297689|3478, 1298023|3548, 1300438|3617, 1300953|3672, 1301161|3723, 1301272|3820, 1301592|3868, 1301712|3928, 1301878|4007, 1302221|4062, 1302581|4122, 1302621|4193, 1302693|4252, 1302753|4307, 1303062|4358, 1303218|4421, 1303498|4477, 1304182|4531, 1304234|4590, 1304294|4658, 1304915|4734, 1306087|4838, 1306868|4958, 1308047|5061, 1308197|5143, 1308332|5675, 1308384|5774, 1308684|10019, 1308804|10087, 1308908|10139, 1309068|10247, com.moshbit.studo, 
1309311|1664, 1310929|1755, 1313763|1856, 1315627|1987, 1320409|2150, 1321916|2245, 1322356|2331, 1322527|2438, 1322787|2496, 1323058|3043, 1323320|5848, 1323372|5994, 1323490|6049, 1323646|6537, 1324456|6915, 1326025|7035, 1326888|7135, 1327699|7218, 1328510|7285, 1328562|7339, 1329373|7400, 1330236|7460, 1331800|7531, 1331904|7602, 1332400|10129, 1333120|10185, com.fsck.k9, 
1333181|2282, 1333241|2348, 1333829|2411, 1338626|2485, 1338816|2547, 1338868|2597, 1338972|2708, 1339128|10212, 1339368|10312, com.instagram.android, 
1339438|1505, 1339498|1580, 1339793|1803, 1339855|1925, 1340227|1990, 1340687|2053, 1341073|2134, 1342380|2214, 1342642|2306, 1344350|2446, 1344706|2538, 1346016|2669, 1346120|2759, 1346408|2844, 1346824|3024, 1347002|3090, 1348281|3267, 1348333|3784, 1348833|10055, 1348993|10158, 1349056|11977, 1349116|12130, 1349404|12307, 1349716|12479, 1349776|12740, 1350058|12874, de.pilot.newyorker.android, 
1350266|1, 1350444|117, 1350635|175, 1351089|234, 1351141|286, 1351713|336, 1353007|403, 1353059|645, 1353119|1772, 1353179|1854, 1353379|1938, 1353483|2003, 1353535|2060, 1353595|2195, 1353655|2273, 1354296|2347, 1354670|2427, 1354930|2486, 1356126|2552, 1356230|3456, 1356334|3517, 1356392|4462, 1356572|4530, 1359355|4599, 1362328|4689, 1363553|4776, 1363605|4858, 1363666|4963, 1364695|5048, 1365535|5123, 1366386|5184, 1367237|5248, 1368889|5395, 1368941|5468, 1368993|5549, 1369777|5916, 1370828|6008, 1370886|6270, 1371656|6349, 1371708|6430, 1372447|6707, 1373019|6787, 1373071|7327, 1373123|7405, 1373187|7915, 1373247|7993, 1373899|8090, 1374647|8276, 1375843|8346, 1379275|8432, 1383816|8512, 1383947|9059, 1386097|9179, 1386929|9276, 1387503|9361, 1389098|9464, 1390019|9550, 1391039|9649, 1391091|9771, 1391260|9876, 1392657|10002, 1393892|10099, 1396386|10191, 1397466|10328, 1398194|10428, 1398246|10533, de.spiegel.android.app.spon, 
1398304|1702, 1398364|1778, 1398783|1870, 1399287|1956, 1399327|2107, 1399367|10010, com.isis_papyrus.raiffeisen_pay_eyewdg, 
1399427|1478, 1399763|1586, 1399919|1694, 1400389|1785, 1400531|1864, 1400583|1928, 1400711|1979, 1400763|2039, 1400921|2110, 1400973|2166, 1401101|2235, 1401515|2322, 1401723|2416, 1401920|2490, 1402563|2581, 1402667|2677, 1402794|2851, 1402971|2970, 1403023|3143, 1403277|4172, 1403329|4252, 1403381|10062, 1403433|10118, 1403537|10168, com.duckduckgo.mobile.android, 
1403597|1591, 1403797|1672, 1403953|1747, 1404013|1975, 1404268|2051, 1404662|2110, 1405088|2171, 1405764|2299, 1406544|2379, 1406648|3118, 1406752|3176, 1406872|4012, 1407784|4088, 1409768|4156, 1412193|4250, 1412453|4328, 1412513|5702, 1413223|5841, 1413387|5916, 1414174|5982, 1414278|6075, 1414339|6292, 1415250|6362, 1416822|6454, 1417570|6749, 1418038|6903, 1418142|6994, 1418194|7075, 1418254|7383, 1418813|7460, 1420804|7539, 1421803|7628, 1422287|7706, 1422582|7771, 1422634|7921, 1431006|8002, 1431714|8167, 1432375|8331, 1433619|8408, 1434383|8505, 1437361|8592, 1444406|8678, 1444458|8832, 1445130|8983, 1446916|9071, 1447072|9270, 1447252|9560, 1448068|9653, 1453716|9768, 1455893|9875, 1456095|9965, 1456199|10065, 1456401|10285, 1457077|10391, 1457389|10441, 1457441|10492, 1457493|10546, de.spiegel.android.app.spon, 
1457563|1567, 1457623|1689, 1457687|1750, 1458042|1814, 1458331|1876, 1458799|1945, 1459155|2013, 1459532|2074, 1460791|2134, 1460851|2188, 1460983|2239, 1461274|2295, 1461671|2363, 1461731|2413, 1462042|2465, 1462177|2529, 1462505|2586, 1462545|2642, 1462857|2710, 1463035|2775, 1464330|2968, 1464382|3374, 1464444|4693, 1464564|4758, 1465554|4838, 1465762|4911, 1466109|5009, 1466421|5078, 1466481|5450, 1466541|5520, 1466982|5598, 1467212|5736, 1468472|5810, 1470382|5863, 1473663|5914, 1473715|6176, 1475261|6235, 1475365|6396, 1475417|6552, 1475552|6900, 1475604|9102, 1475864|10145, 1476104|10264, 1476264|10369, com.paypal.android.p2pmobile, 
1476927|51, 1476979|106, 1477031|939, 1477275|1531, 1478255|1658, 1479462|1776, 1479850|1843, 1479902|1913, 1480070|2449, 1480398|10106, 1480518|10158, 1480581|12136, 1480641|12293, 1480929|12450, 1481241|12620, 1481301|12854, 1481583|12914, de.pilot.newyorker.android, 
1481791|60, 1481969|166, 1482212|232, 1482680|299, 1482770|408, 1484062|462, 1484582|524, 1484738|600, 1484790|665, 1484850|1926, 1485212|2046, 1486163|2180, 1486267|2256, 1486533|2365, 1486893|2450, 1487154|2536, 1487451|2605, 1488389|2683, 1488441|2745, 1488590|2802, 1488726|2853, 1488778|2902, 1488882|2984, 1488986|10011, 1489226|10063, org.indywidualni.fblite, 
1489290|1412, 1489639|1481, 1489973|1557, 1490623|1663, 1490748|1737, 1491106|1809, 1491366|1877, 1492335|1938, 1492387|2075, 1492529|2229, 1492930|2307, 1493242|2384, 1496481|2454, 1497947|2546, 1498419|2605, 1498596|2825, 1498919|2903, 1499265|2974, 1499884|3054, 1499936|3122, 1500275|3197, 1500721|3268, 1501155|3338, 1501567|3677, 1501627|3754, 1502186|3834, 1502617|3922, 1502996|4020, 1503236|4105, 1503361|4715, 1503651|4775, 1504418|4872, 1505632|4983, 1506094|5094, 1506765|5180, 1508401|5270, 1508573|5346, 1509819|5455, 1510049|5516, 1510571|5591, 1510810|5728, 1511331|5870, 1514872|6190, 1516439|6284, 1516877|6379, 1516938|6460, 1517058|6549, 1519057|6621, 1519447|6684, 1519832|6787, 1520240|6868, 1520547|6940, 1522174|7010, 1522612|7076, 1522858|7129, 1523122|7181, 1523804|7287, 1523856|7460, 1524468|10298, 1524900|10348, 1524980|10396, 1525164|10451, de.mcdonalds.mcdonaldsinfoapp, 
1525268|1312, 1525328|2233, 1525773|2331, 1526627|2427, 1526988|2535, 1527378|2656, 1527872|2832, 1528054|2915, 1528953|3013, 1529575|3098, 1530068|3187, 1531044|3254, 1531288|3398, 1531833|3694, 1532326|3767, 1533135|3844, 1533308|3979, 1533500|4046, 1533564|5071, 1534245|5198, 1534400|5260, 1535558|5321, 1535922|5447, 1536390|5506, 1536442|5564, 1536502|6006, 1536790|6099, 1536894|6157, 1546419|6208, 1546930|6259, 1547190|6323, 1554107|6373, 1554844|6422, 1554896|6526, 1555208|10006, 1555340|10096, 1555660|10150, com.waze, 
1555893|288, 1555954|1948, 1556386|2019, 1558490|2125, 1558732|2197, 1558860|2841, 1558912|3587, 1558964|3636, 1559068|10105, 1559228|10175, com.instagram.android, 
1559298|1774, 1559358|1849, 1559653|2083, 1560023|2351, 1560270|2435, 1561479|2508, 1563018|2566, 1563311|2622, 1563519|2678, 1563864|2745, 1563924|2805, 1564220|2863, 1564508|2972, 1564560|3033, 1564999|3209, 1565874|3336, 1567572|3408, 1567928|3472, 1571298|3548, 1571454|3622, 1573367|3962, 1573742|4042, 1577227|4106, 1578011|4165, 1578198|4289, 1578278|4420, 1578341|6950, 1578401|7008, 1578689|7070, 1579023|7145, 1579981|7212, 1580149|7766, 1580284|7840, 1580448|7911, 1580612|7972, 1580881|8034, 1581017|8094, 1581312|8173, 1581635|8235, 1581881|8319, 1582187|8402, 1582351|8487, 1582510|8545, 1582620|8604, 1582688|8667, 1582756|8724, 1582824|8851, 1582998|8916, 1583483|8989, 1583619|9056, 1583864|9128, 1584088|9191, 1584357|9256, 1584561|9321, 1584717|9417, 1584977|10142, 1585297|10200, 1585377|10320, org.zwanoo.android.speedtest, 
1585673|1456, 1586653|1585, 1587860|1677, 1588248|1780, 1588404|1865, 1588508|2132, 1588716|10039, 1588956|10104, 1589016|12226, 1589304|12516, 1589616|12688, de.pilot.newyorker.android, 
1589676|1, 1589728|61, 1589958|113, 1590166|173, 1590344|341, 1590811|461, 1591041|509, 1591613|562, 1593012|641, 1593064|885, 1593128|1991, 1593240|2050, 1593633|2139, 1594472|2214, 1594852|2355, 1595193|2463, 1595531|2566, 1595713|2649, 1596235|2729, 1597276|2824, 1598693|2899, 1598745|2969, 1598962|3326, 1599579|3438, 1599631|3506, 1600789|4205, 1602505|4321, 1612263|4713, 1612397|4768, 1619522|4895, 1620259|4954, 1620311|5060, 1620371|9061, 1621052|9164, 1621104|9222, 1623887|9278, 1625187|9330, 1625239|9386, 1625291|9510, 1631345|9872, 1631789|10009, 1632213|10067, com.waze, 
1632265|993, 1632317|1709, 1632386|2193, 1632446|2262, 1633663|2317, 1634120|2381, 1634328|2436, 1634558|2518, 1634854|2570, 1634906|2808, 1635026|2961, 1635603|3040, 1636271|3136, 1639722|3261, 1639826|3333, 1642062|3514, 1645599|3583, 1646383|3701, 1646435|3773, 1646487|5094, 1646550|6445, 1646898|6581, 1647002|6641, 1647232|6711, 1648189|6768, 1648293|7025, 1648345|7116, 1648569|7183, 1648728|7243, 1648906|7323, 1649042|7394, 1649370|7457, 1649639|7525, 1649775|7590, 1649895|7648, 1650007|7707, 1650171|7762, 1650330|7822, 1650440|7883, 1650508|7942, 1650576|8006, 1650644|8075, 1650756|8138, 1651241|8203, 1651445|8283, 1651773|8340, 1652110|8397, 1652246|8454, 1652350|8529, 1656419|9899, 1656523|10078, 1656783|10351, 1657183|10406, org.zwanoo.android.speedtest, 
1657246|1633, 1657306|1789, 1657594|1977, 1657663|2238, 1658035|2306, 1659526|2388, 1659819|2451, 1661362|2509, 1661592|2569, 1661888|2624, 1661940|2750, 1661992|2804, 1662464|3094, 1664261|3161, 1664803|3251, 1666761|3327, 1668349|3391, 1668401|3450, 1670444|3572, 1670819|3649, 1674206|3739, 1675010|3793, 1675062|3910, 1675122|6565, 1675410|6627, 1675566|6690, 1675744|6758, 1676701|6814, 1676805|7141, 1676992|7207, 1677216|7271, 1677375|7331, 1677565|7395, 1677769|7461, 1678149|7524, 1678434|7592, 1678622|7656, 1678734|7723, 1678898|7790, 1679057|7860, 1679167|7920, 1679235|7985, 1679303|8053, 1679371|8115, 1679483|8181, 1679968|8257, 1680104|8320, 1680284|8377, 1680659|8436, 1680905|8497, 1681077|8564, 1683114|9990, 1685162|10098, 1685922|10183, 1686182|10308, 1686582|10374, org.zwanoo.android.speedtest, 
1686642|1164, 1686931|1342, 1687265|1439, 1688273|1535, 1688533|1602, 1688763|1669, 1689554|1721, 1689606|1844, 1689733|2031, 1690074|2116, 1693747|2198, 1695153|2274, 1695921|2351, 1696445|2433, 1696570|2592, 1697049|2685, 1697227|2764, 1697768|2856, 1698180|3477, 1698232|3676, 1698297|4388, 1698357|4516, 1698647|4577, 1698981|4649, 1700017|4734, 1700786|4836, 1701380|4922, 1702898|5020, 1703183|5101, 1704256|5194, 1704875|5288, 1705583|5400, 1706351|5515, 1707336|5692, 1707396|5765, 1708861|5841, 1709550|5919, 1709662|5995, 1710876|6076, 1710928|6128, 1711600|6185, 1711756|6348, 1712668|6417, 1713081|6612, 1713216|6716, 1713348|6775, 1714180|10020, 1714444|10071, 1714576|10124, de.mcdonalds.mcdonaldsinfoapp, 
1714820|1494, 1715800|1622, 1716445|1759, 1717447|1873, 1717615|2458, 1717667|9344, 1717875|10004, 1718115|10091, 1718175|11881, 1718598|12097, 1718910|12262, 1718970|12488, 1719252|12604, 1719460|12660, 1719638|12786, 1720105|12879, de.pilot.newyorker.android, 
1720335|1, 1720855|62, 1722305|137, 1722357|389, 1722417|1567, 1722477|1717, 1722677|1802, 1722781|1863, 1722841|2105, 1723490|2186, 1723864|2248, 1724124|2312, 1724800|2369, 1725320|2447, 1725372|2559, 1725424|2627, 1725476|3278, 1725528|3386, 1725708|4202, 1728283|4267, 1730684|4336, 1732768|4435, 1732976|4520, 1733096|4709, 1734763|4773, 1736375|4842, 1736435|5588, 1737145|5662, 1737309|5728, 1738096|5821, 1738200|5901, 1738321|6118, 1739684|6190, 1740432|7250, 1742795|7335, 1742992|7962, 1744025|8057, 1745904|8144, 1747805|8234, 1748726|8305, 1749090|8380, 1749746|8460, 1751196|8534, 1751852|8617, 1752285|8689, 1754083|8766, 1756419|8857, 1756881|8951, 1757181|9047, 1757481|9599, 1758229|9696, 1759863|9798, 1765750|9888, 1766705|9965, 1766959|10061, 1767213|10144, 1767354|10224, 1767966|10389, 1768434|10444, 1768486|10548, 1768621|12664, de.spiegel.android.app.spon, 
1768756|1483, 1769053|1570, 1769121|2083, 1769197|2259, 1769273|6908, com.whatsapp, 
1769333|1538, 1769533|1694, 1769637|1771, 1769689|1849, 1769749|1972, 1770056|2053, 1770450|2107, 1770772|2158, 1770980|2219, 1771552|2288, 1772228|2342, 1772280|2478, 1772332|2539, 1772384|3185, 1772436|3237, 1772494|4015, 1772674|4091, 1775250|4149, 1776186|4224, 1778091|4329, 1778989|4573, 1779093|4643, 1779197|4708, 1780111|4788, 1780163|4924, 1780223|5571, 1780933|5719, 1781097|5793, 1781884|5880, 1781936|5985, 1782057|6279, 1783908|6352, 1784480|6425, 1785228|6723, 1786424|6871, 1786484|7379, 1786923|7448, 1788634|7535, 1789425|7632, 1789887|7704, 1789947|8040, 1790603|8178, 1790723|8336, 1792207|8436, 1794067|8516, 1796052|8601, 1796204|8890, 1796722|8958, 1798508|9036, 1798560|9223, 1798664|9366, 1798828|9449, 1799825|9560, 1803934|9661, 1805374|9763, 1806616|9854, 1807757|9964, 1808629|10069, 1810194|10149, 1810494|10240, 1810558|10339, 1811342|10415, 1811798|10463, 1811850|10567, de.spiegel.android.app.spon, 
1812150|1191, 1815813|1314, 1817126|1412, 1817178|1510, 1817313|1615, 1817365|1732, 1817425|1973, 1817765|2047, 1818025|2104, 1819147|2157, 1819237|2207, 1819296|2259, 1819356|2325, 1819744|2381, 1819952|2439, 1820130|2501, 1821204|2557, 1821371|2711, 1821423|2841, 1821579|2911, 1821708|5100, 1821994|5186, 1822254|5253, 1822432|5310, 1823074|5363, 1823313|5432, 1823393|5538, 1823575|6021, 1823635|6072, 1824462|6120, 1826413|6177, 1826969|6298, 1827104|6361, 1827184|6417, 1827340|10076, 1827552|10140, 1827612|11318, 1827901|11394, 1828057|11476, 1828235|11827, 1828881|11888, 1828947|11957, 1829350|12090, 1829506|12158, com.airbnb.android, 
1830227|1071, 1830279|1182, 1830339|1523, 1830539|1651, 1830643|1760, 1830703|1933, 1831352|2025, 1831778|2120, 1832038|2198, 1832662|2281, 1833234|2384, 1833298|2492, 1833647|2596, 1833855|2707, 1834033|2842, 1834085|2954, 1834189|3039, 1834293|3140, 1842767|3403, 1843312|3499, 1851986|3930, 1854743|4039, 1855939|4124, 1857031|4243, 1865705|4577, 1873989|5212, 1874049|5349, 1875893|5453, 1876896|5575, 1877000|5678, 1877052|6753, 1877800|7113, 1878320|7220, 1878996|7342, 1879056|7626, 1879777|7813, 1880216|7917, 1883375|8015, 1885720|8125, 1885772|8201, 1886368|8372, 1887155|8479, 1889311|8568, 1891086|8668, 1891652|8787, 1891952|8893, 1892056|9285, 1892220|9513, 1892899|9635, 1896760|9751, 1897026|9842, 1899079|9961, 1900135|10104, 1900285|10228, 1900389|10388, 1900909|10483, 1901169|10538, 1901221|10605, de.spiegel.android.app.spon, 
1901273|102, 1902828|671, 1902914|733, 1902966|877, 1903036|1864, 1903096|1936, 1903391|2117, 1903703|2314, 1903881|2390, 1904923|2523, 1905038|2904, 1905164|2978, 1905224|3037, 1905512|3134, 1905632|3213, 1906515|3289, 1907131|3384, 1908117|3447, 1910230|3507, 1911339|3610, 1911709|3678, 1913292|3768, 1914419|3841, 1914547|3904, 1915183|4011, 1918375|4073, 1918415|4132, 1918467|4510, 1918531|4579, 1918739|5718, 1920157|5799, 1920209|5853, 1921457|6563, 1924500|6942, 1924552|7163, 1924760|10138, 1925128|10226, 1925288|10285, de.zalando.mobile, 
1925348|1627, 1925793|1779, 1926621|1885, 1926854|2103, 1927423|2160, 1927579|2220, 1927757|2278, 1928499|2343, 1928819|2435, 1930155|2534, 1930207|2806, 1930342|3128, 1930394|3217, 1932677|3400, 1932763|3476, 1932933|3657, 1933271|3738, 1933323|3792, 1933883|3855, 1936454|3915, 1936801|3983, 1937217|4055, 1937388|4172, 1937768|4287, 1938007|4392, 1939386|4540, 1940262|4659, 1940576|4735, 1941020|4796, 1941228|4854, 1941373|4911, 1942005|4973, 1942057|5140, 1943722|5221, 1943774|5301, 1944183|10189, 1944379|10314, 1944631|10374, 1944711|10488, com.moshbit.studo, 
1944774|1791, 1944834|1873, 1945122|2299, 1945434|2411, 1945612|2500, 1946961|2707, 1947133|2958, 1947621|3038, 1948966|3137, 1949604|3202, 1950480|3293, 1950790|3372, 1951707|3480, 1953179|3544, 1956579|3632, 1956631|3768, 1959505|3894, 1959557|3981, 1962600|4372, 1962963|4490, 1963015|4612, 1963275|10514, 1963539|10599, 1963619|10671, de.zalando.mobile, 
1963682|3489, 1964034|3616, 1969020|3791, 1969124|3924, 1969190|4258, 1969250|4338, 1970079|4406, 1970216|4523, 1970268|4603, 1970330|5859, 1971011|6014, 1971356|6138, 1971408|6347, 1971528|7911, 1972149|7990, 1972450|8066, 1972888|8141, 1973180|8212, 1973353|10012, 1973821|11110, org.chromium.chrome, 
1973885|2606, 1973945|2667, 1974390|2767, 1975313|2893, 1975761|3007, 1975995|3162, 1976151|3283, 1976489|3414, 1976830|3629, 1977012|3755, 1977912|3842, 1978068|3916, 1978120|3992, 1978337|4298, 1978954|4405, 1979070|4510, 1979130|4583, 1979436|4668, 1980334|4749, 1980578|4828, 1981736|5537, 1983452|5610, 1993210|6276, 1993310|6346, 2000435|6430, 2001172|6490, 2001224|6562, 2001536|10708, 2001988|10826, com.waze, 
2002048|2549, 2002493|2637, 2002671|2725, 2003594|2862, 2003646|3001, 2003831|3121, 2004169|3237, 2004325|3347, 2004507|3454, 2004845|3564, 2005559|3645, 2005901|3717, 2005953|3800, 2006170|4198, 2006839|4331, 2007997|5372, 2009661|5537, 2019419|6089, 2019536|6153, 2026713|6292, 2027450|6419, 2027502|6501, 2027842|10789, 2028162|10863, com.waze, 
2028334|2223, 2028714|2315, 2028892|2406, 2029236|2520, 2029378|2606, 2029506|2674, 2029558|2742, 2029716|2824, 2029896|2986, 2030008|3075, 2030518|3194, 2030715|3295, 2031410|3426, 2031566|3528, 2031693|3943, 2031870|4086, 2031964|4168, 2032218|5581, 2032270|5666, 2032374|10790, 2032478|10933, com.duckduckgo.mobile.android, 
2032622|2394, com.whatsapp, 
2032698|2348, 2032937|3211, 2033013|6728, 2033073|6930, 2033133|6995, 2033621|7067, 2033673|7137, 2033851|7532, 2036282|7666, 2036372|7736, 2036424|7957, 2038278|8252, 2038330|8321, 2038382|8389, com.whatsapp, 
2038452|2879, 2038512|2974, 2038807|3164, 2039119|3397, 2039297|3668, 2040345|3890, 2040397|4083, 2040522|5227, 2040642|5281, 2040930|5394, 2041377|5448, 2041555|5577, 2043051|5633, 2043342|5686, 2043432|5793, 2044375|5854, 2044427|5919, 2044569|5977, 2044773|6468, 2045478|6778, 2045568|6832, 2045620|7070, 2045776|10642, 2045856|10708, 2046016|10827, com.twitter.android, 
2046077|2193, 2046509|2279, 2048613|2347, 2048855|2407, 2048959|2890, 2049063|10368, 2049223|10428, com.instagram.android, 
2049287|1190, 2049636|1272, 2049970|1364, 2050693|1455, 2050753|1514, 2051103|1575, 2051541|1646, 2052331|1702, 2052383|1821, 2052450|1989, 2052570|2063, 2055627|2140, 2056307|2203, 2058297|2274, 2058466|2584, 2059292|2691, 2059750|2768, 2060291|2847, 2060457|2953, 2060891|3026, 2061303|3346, 2061419|3900, 2061479|4204, 2061769|4264, 2061925|4333, 2063074|4421, 2063186|4571, 2063536|4656, 2064103|4725, 2065842|4832, 2066699|4920, 2066751|5035, 2067687|5313, 2069652|5407, 2070142|5531, 2070320|5620, 2072633|5701, 2072802|5771, 2072862|5823, 2074076|5940, 2074128|5991, 2074514|6100, 2075196|6296, 2075248|6493, 2075808|9996, 2075888|10042, 2076400|10090, 2076480|10194, 2077279|10563, 2077331|10666, de.mcdonalds.mcdonaldsinfoapp, 
2077394|2461, 2080799|2582, 2082524|2719, 2083014|2840, 2083980|2956, 2084032|3040, 2084094|3810, 2084775|3912, 2085120|4000, 2085172|4173, 2085276|5720, 2085336|6860, 2085396|6911, 2086017|7011, 2086318|7087, 2086808|7137, 2087152|7194, 2087324|8983, 2087792|10057, org.chromium.chrome, 
2087860|1789, 2087936|1861, 2088052|8165, 2088285|11412, com.whatsapp, 
2088405|1519, 2088837|1618, 2089015|1731, 2089359|1818, 2089501|1896, 2089629|1961, 2089681|2024, 2089839|2106, 2089985|2181, 2090173|2263, 2090475|2351, 2090932|2447, 2091575|2532, 2091627|2613, 2091679|2703, 2091806|2876, 2091983|3004, 2092035|3106, 2092289|4101, 2092341|4247, 2092445|10093, 2092497|10148, 2092549|10196, com.duckduckgo.mobile.android, 
2092632|1708, 2093000|1829, 2093334|1920, 2093662|2014, 2094198|2118, 2094386|2297, 2094650|2725, 2094806|2996, 2094984|3088, 2095046|3294, 2096232|3383, 2096492|3457, 2099936|3557, 2099988|3642, 2100144|3812, 2100504|4274, 2102489|4355, 2104095|4439, 2104889|4535, 2108395|4634, 2108871|4700, 2108942|6015, 2109327|6086, 2109862|6167, 2110122|6234, 2110992|6309, 2111246|6377, 2111426|7089, 2112308|7192, 2113174|7288, 2114744|7400, 2114852|7511, 2115179|7659, 2116163|7751, 2116263|7819, 2116563|7875, 2116719|7951, 2117343|8043, 2117682|8105, 2118012|8168, 2119073|8234, 2120556|8304, 2122123|8376, 2122416|8438, 2122750|8533, 2124469|8602, 2124573|8878, 2125354|9003, 2125660|9055, 2125804|9992, 2125856|10114, 2126612|10360, 2127400|10425, 2127480|10600, org.mozilla.firefox, 
2127556|1827, com.whatsapp, 
2127616|1452, 2127676|1540, 2127952|1622, 2128286|1724, 2128578|1801, 2128772|1887, 2128900|1945, 2129046|1998, 2129204|2132, 2129332|2286, 2129384|2379, 2129444|2485, 2129954|2580, 2130151|2677, 2130846|2773, 2130950|2850, 2131077|2924, 2131254|2986, 2131306|3107, 2131560|4209, 2131612|4296, 2131747|4459, 2131851|10163, 2131955|10226, com.duckduckgo.mobile.android, 
2132015|1501, 2132291|1619, 2132447|1705, 2132625|1774, 2132917|1838, 2133059|1890, 2133111|1953, 2133239|2016, 2133291|2076, 2133351|2163, 2133811|2261, 2134165|2328, 2134490|2415, 2135133|2494, 2135289|2573, 2135416|2784, 2135593|3030, 2135645|3138, 2135899|3995, 2135951|4080, 2136055|10151, 2136159|10200, com.duckduckgo.mobile.android, 
2136285|1654, 2137751|1779, 2141473|1924, 2142400|2043, 2146528|2175, 2148723|2312, 2149346|2391, 2149634|2458, 2149753|2509, 2150013|2587, 2150128|3090, 2150284|3186, 2150546|5834, 2150718|5933, 2150837|5985, 2151097|6221, 2151617|6283, 2152605|6339, 2153140|6390, 2153244|6443, 2153296|6506, 2154003|6696, 2154918|6822, 2155729|6902, 2155781|6955, 2156540|7014, 2157351|7098, 2158162|7151, 2158214|7202, 2158973|7250, 2159784|7306, 2159836|7359, 2160595|7407, 2161400|7463, 2161452|7512, 2161504|7583, 2162000|10091, 2162720|10151, com.fsck.k9, 
2162784|1418, 2162844|1502, 2163289|1590, 2164116|1665, 2164168|1809, 2164241|2172, 2167667|2281, 2168139|2379, 2169702|2485, 2170443|2588, 2170732|2715, 2171326|2874, 2171934|2976, 2172391|3041, 2172495|3111, 2173061|3186, 2173165|3330, 2173869|3405, 2175284|3472, 2175336|3552, 2176126|5070, 2176178|5371, 2176316|8116, 2176376|8180, 2177362|8241, 2180301|8309, 2181823|8367, 2181927|8600, 2181989|8820, 2182114|8910, 2182380|9017, 2182666|9112, 2182706|9173, 2183279|9248, 2183319|9335, 2183963|9991, 2184739|10080, 2185627|10273, 2185707|10333, 2185767|10627, 2186056|10679, 2186212|10742, 2186390|10975, 2187039|11032, 2187091|11220, de.prosiebensat1digital.prosieben, 
2187154|1808, 2187278|1874, 2187338|1941, 2187627|2010, 2188071|2074, 2188249|2141, 2188938|2208, 2189311|2288, 2189642|2352, 2190926|2415, 2191260|2478, 2191571|2534, 2191623|2593, 2191758|2654, 2191838|2717, 2191973|3587, 2192097|5132, 2192791|5217, 2193207|5286, 2193475|5369, 2194074|5476, 2194134|5735, 2194194|5802, 2194479|5881, 2194635|5950, 2194813|6018, 2195422|6079, 2195637|6211, 2198870|6368, 2200828|6427, 2202606|6932, 2202658|7501, 2202866|10311, 2203106|10370, 2203186|10488, com.paypal.android.p2pmobile, 
2203246|1799, 2203534|2217, 2203592|2482, 2204151|2573, 2205520|2657, 2206853|2776, 2206905|2966, 2207033|3451, 2207781|3557, 2208410|3624, 2209552|3713, 2212973|3798, 2213129|3940, 2215120|4186, 2215495|4260, 2218882|4337, 2219686|4473, 2219738|4609, 2219873|5613, 2219996|7187, 2220284|7254, 2220440|7323, 2220618|7394, 2221575|7459, 2221866|7758, 2222090|7838, 2222249|7907, 2222439|7978, 2222643|8063, 2222971|8143, 2223240|8215, 2223496|8280, 2223682|8361, 2223846|8504, 2224005|8575, 2224115|8651, 2224183|8729, 2224251|8868, 2224371|8943, 2224709|9014, 2225046|9080, 2225234|9149, 2225583|9233, 2226892|9330, 2227116|9426, 2227376|10429, 2227776|10497, org.zwanoo.android.speedtest, 
2230070|1494, 2230156|1584, 2230208|1679, 2230268|1847, 2231378|2024, 2233047|2303, 2233603|2432, 2234145|2549, 2234711|2639, 2235220|2722, 2235324|2823, 2237443|2914, 2237599|3026, 2238389|4758, 2238441|5020, 2238493|5121, 2238545|5859, 2238678|6706, 2239294|6820, 2239993|6921, 2241911|7038, 2245918|7644, 2246022|7730, 2246082|8098, 2246348|8213, 2246468|8303, 2247247|8397, 2247287|8599, 2247422|9176, 2248006|9375, 2248857|9499, 2248909|9588, 2249558|10531, 2249670|10665, 2250535|10768, 2254311|10856, 2254591|11016, 2255203|11183, 2255687|11271, 2255887|11340, de.prosiebensat1digital.prosieben, 
2255951|2831, 2256352|2930, 2256634|3014, 2257109|3087, 2257161|3237, 2257296|3464, 2257827|3612, 2257879|3732, 2258217|3860, 2258399|4045, 2258555|4167, 2258737|4278, 2259264|4376, 2260030|4471, 2260134|4544, 2260186|4615, 2260403|4894, 2260527|5026, 2261803|5142, 2262453|5226, 2262697|5311, 2262904|5498, 2263096|5580, 2263295|6465, 2263976|6545, 2264131|6627, 2265289|6709, 2265549|6785, 2266693|6874, 2266745|6964, 2266940|7577, 2277096|7702, 2277566|7772, 2284587|7848, 2285376|7920, 2285428|8065, 2285820|11029, 2286192|11104, com.waze, 
2286252|1583, 2286541|1669, 2286697|1805, 2287524|1918, 2287597|2493, 2287972|2612, 2289243|2766, 2290754|2970, 2291495|3101, 2291784|3193, 2291940|3290, 2292986|3417, 2293495|3515, 2294165|3610, 2294973|3839, 2296232|3925, 2296440|4039, 2297230|5400, 2297282|5668, 2301286|8136, 2301390|8232, 2301450|8678, 2301716|8782, 2301836|8879, 2302002|8978, 2302615|9056, 2302655|9158, 2303239|10006, 2303291|10298, 2303695|10953, 2304075|11121, 2304155|11186, 2304713|11362, 2304765|11441, 2308208|11692, 2308971|11770, 2309023|11842, de.prosiebensat1digital.prosieben, 
2311814|1673, 2314300|1793, 2314352|1924, 2314539|2080, 2314659|2634, 2314939|2703, 2315199|2773, 2315687|2851, 2316776|2916, 2317252|2993, 2318378|3067, 2318430|3150, 2318597|3237, 2318649|3341, 2318805|3522, 2318934|5686, 2319220|5799, 2319658|5931, 2320591|6026, 2320671|6118, 2320853|7135, 2321119|7202, 2322136|7269, 2324213|7343, 2324348|7412, 2324468|7486, 2324836|10878, 2324896|12295, 2325185|12387, 2325341|12500, 2326165|13117, 2326291|13244, 2326395|13355, 2326790|13428, 2326968|13695, 2327511|13839, com.airbnb.android, 
2327563|1, 2327683|2503, 2328319|2650, 2329104|2761, 2329370|2923, 2329874|3059, 2330286|3210, 2331172|3324, 2331373|3412, 2331509|3488, 2331613|3607, 2331677|4564, 2332026|4647, 2332234|4724, 2332412|5138, 2332464|5256, 2340938|5827, 2341483|5946, 2349612|6589, 2350157|6686, 2358286|7366, 2358831|7456, 2367144|8034, 2367343|8525, 2367447|8619, 2367671|10726, 2367791|10807, org.indywidualni.fblite, 
2369346|317, 2369432|387, 2369484|462, 2369552|2358, 2369628|2467, com.whatsapp, 
2369748|2055, 2370024|2181, 2370180|2276, 2370650|2364, 2370792|2442, 2370972|2524, 2371024|2601, 2371182|2696, 2371234|2770, 2371362|2861, 2371776|2962, 2371984|3070, 2372233|3183, 2373032|3308, 2373159|3772, 2373336|3920, 2373430|3995, 2373684|5421, 2373736|5515, 2373788|10836, 2373840|10924, 2373944|10988, com.duckduckgo.mobile.android, 
2374007|2106, 2374067|2194, 2374355|2336, 2374845|2577, 2374914|2912, 2377457|2999, 2377629|3069, 2377793|3145, 2378242|3219, 2378472|3316, 2378768|3399, 2378820|3609, 2378947|3971, 2379067|4072, 2379644|4167, 2380312|4267, 2383764|4337, 2383816|4432, 2383868|4501, 2385859|4720, 2386234|4849, 2389621|4930, 2390425|5012, 2390477|5097, 2390540|7684, 2390888|7846, 2391044|7924, 2392179|8005, 2392347|8510, 2392482|8610, 2392706|8703, 2393123|8783, 2393259|8864, 2393587|8962, 2393924|9033, 2394224|9114, 2394388|9200, 2394547|9299, 2394657|9392, 2394793|9484, 2394861|9581, 2395035|9678, 2395520|9783, 2395901|9887, 2396462|10001, 2396702|10107, 2396962|10944, 2397362|11039, org.zwanoo.android.speedtest, 
2397445|2112, 2397813|2250, 2397969|2381, 2399228|2479, 2400322|2718, 2400398|2839, 2400458|2956, 2400722|3330, 2401056|3730, 2401894|3969, 2402008|4293, 2402355|4395, 2402615|4484, 2406060|4572, 2406280|5172, 2406640|5444, 2406940|5538, 2410274|5618, 2410816|5710, 2411662|5822, 2413668|5914, 2416309|6004, 2418294|6103, 2419567|6199, 2420424|6284, 2420735|6372, 2420827|6453, 2420898|7760, 2421283|8036, 2421335|8217, 2421585|8532, 2421891|8613, 2422317|9350, 2423278|9476, 2423730|9587, 2424300|9762, 2424957|10010, 2424997|10157, 2425403|10468, 2425553|10583, 2426377|10685, 2427509|10816, 2428663|10911, 2429693|11021, 2430747|11192, 2431483|11309, 2431563|11477, org.mozilla.firefox, 
2431882|2373, 2432208|2460, 2432546|2547, 2432586|2641, 2432626|10957, com.isis_papyrus.raiffeisen_pay_eyewdg, 
2434982|1512, 2435772|1676, 2436198|1806, 2437332|1929, 2437467|2038, 2437519|2129, 2437579|2659, 2437919|2845, 2438179|2913, 2438667|3002, 2439756|3070, 2440232|3138, 2441306|3201, 2441358|3269, 2441410|3373, 2441577|3492, 2441797|3745, 2441849|3832, 2441918|5799, 2441978|5908, 2442524|5989, 2442702|6088, 2443500|6170, 2443635|6252, 2443838|6331, 2444080|7263, 2444907|7330, 2446798|7398, 2447374|7469, 2447509|7541, 2447589|7609, 2447877|10790, 2447957|10856, 2448021|11877, 2448370|11969, 2448526|12070, 2448592|12552, 2448652|12666, 2449211|12740, 2450430|12838, 2450482|12995, com.airbnb.android, 
2450890|1357, 2453074|1495, 2453178|1605, 2453306|1690, 2456854|1864, 2456906|2020, 2458448|2137, 2466922|2225, 2476276|2350, 2484950|2466, 2497906|2568, 2498145|2896, 2498264|3341, 2499356|3433, 2499725|3538, 2501782|3632, 2501872|3759, 2502143|3855, 2502363|4047, 2502415|4179, 2502475|6189, 2503021|6326, 2503893|6475, 2504132|6573, 2504252|6657, 2504494|7609, 2505321|7692, 2507264|7782, 2507835|7862, 2507970|7949, 2508050|8035, 2508310|10762, 2508682|10864, 2508806|12180, 2509251|12288, 2509429|12906, 2510582|13026, 2510634|13113, com.airbnb.android, 
2510812|2236, 2510864|2369, 2510927|2470, 2510987|2583, 2511818|2762, 2512182|2878, 2512360|2978, 2513709|3181, 2513761|3500, 2514318|3847, 2514378|4254, 2514948|4370, 2515449|4521, 2516653|4597, 2517201|4717, 2518472|4851, 2520513|5045, 2521142|5206, 2533405|5340, 2535381|5456, 2536329|5619, 2544458|5874, 2545003|5983, 2553132|6593, 2553677|6686, 2561806|7338, 2563277|7418, 2563464|7594, 2563516|7677, 2566559|8268, 2566611|8351, 2567083|10854, 2567215|10934, 2568770|14005, de.zalando.mobile, 
2568856|1, 2568908|79, 2568971|2157, 2569031|2253, 2569319|2450, 2569631|2569, 2569809|2695, 2571142|2804, 2571211|2921, 2572697|3054, 2573050|3139, 2573310|3241, 2573488|3323, 2573784|3453, 2573836|3583, 2574083|4039, 2574660|4130, 2574972|4260, 2578779|4382, 2578883|4498, 2581410|4902, 2585440|5021, 2585492|5155, 2585555|7779, 2585615|7857, 2586059|7956, 2586237|8033, 2587194|8116, 2587497|8610, 2587721|8702, 2588070|8789, 2588274|8872, 2588761|8961, 2589075|9045, 2589239|9131, 2589403|9208, 2589562|9288, 2589740|9365, 2589808|9452, 2589876|9541, 2590363|9653, 2590729|9767, 2591237|9890, 2591551|10007, 2591655|10150, 2591915|10980, 2592315|11063, org.zwanoo.android.speedtest, 
2592678|3633, 2596199|3752, 2597716|3889, 2597886|4005, 2598567|4116, 2598912|4248, 2598964|4345, 2599026|5285, 2599086|5363, 2599707|5438, 2600052|5544, 2600104|5708, 2600164|7966, 2600224|8043, 2600845|8116, 2601146|8198, 2601584|8261, 2601980|8327, 2602149|10086, 2602565|10846, 2602617|10936, org.chromium.chrome, 
2602680|3030, 2603601|3180, 2607399|3287, 2608226|3416, 2608292|3536, 2608973|3655, 2609318|3776, 2609370|3841, 2609492|4804, 2610113|4869, 2610321|4959, 2610510|5141, 2610570|7507, 2610630|7576, 2611251|7649, 2611552|7729, 2611990|7796, 2612386|7863, 2612560|9591, 2612976|10836, 2613028|10930, org.chromium.chrome, 
2613148|1957, 2613424|2087, 2613758|2200, 2614102|2308, 2614244|2392, 2614372|2460, 2614424|2547, 2614582|2626, 2614762|2707, 2614814|2774, 2614874|2892, 2615176|2984, 2615581|3072, 2615633|3170, 2616276|3261, 2616432|3359, 2616559|3637, 2616736|3714, 2616830|3801, 2617136|5415, 2618305|9517, 2618357|9589, 2618461|11036, 2618565|11102, com.duckduckgo.mobile.android, 
2618625|2204, 2619210|2354, 2619548|2448, 2619588|2535, 2619628|10846, com.isis_papyrus.raiffeisen_pay_eyewdg, 
2619692|2716, 2620041|2818, 2620197|2902, 2620850|2975, 2620902|3124, 2621037|3348, 2621346|3479, 2621554|3592, 2621736|3709, 2622074|3801, 2622230|3905, 2622571|4055, 2622695|4167, 2624250|4278, 2625215|4376, 2625563|4452, 2625955|4902, 2626764|5032, 2626816|5128, 2626968|5381, 2627160|5482, 2627212|6314, 2627411|6498, 2628092|6586, 2628247|6661, 2629405|6729, 2630237|6812, 2630289|7308, 2630372|7465, 2630484|7534, 2631260|7602, 2641023|7672, 2641127|7742, 2648044|7814, 2648781|7880, 2648833|7952, 2649145|10701, 2649277|10808, 2649597|10901, com.waze, 
2649657|2456, 2650019|2554, 2650353|2638, 2650970|2754, 2651074|2837, 2651340|2946, 2651699|3049, 2651905|3229, 2652536|3312, 2653140|3379, 2653289|3462, 2653425|3532, 2653529|3596, 2653633|10732, 2653873|10816, 2653925|11160, 2653977|11511, org.indywidualni.fblite, 
2654040|2140, 2654100|2231, 2654388|2387, 2654700|2540, 2654878|2617, 2656227|2768, 2656279|3157, 2656339|3716, 2656399|3814, 2656947|3899, 2657673|3968, 2658955|4034, 2659683|4100, 2659787|4185, 2660000|4283, 2661395|4396, 2664431|4469, 2666001|4543, 2666105|4619, 2667873|5087, 2670904|5213, 2670956|5297, 2673999|7351, 2674051|7496, 2674207|10730, 2674575|10825, 2674655|10899, 2674715|12106, 2674827|12183, 2675263|12260, 2675315|12330, 2675493|12477, 2679168|12551, 2679258|12616, 2679310|12781, 2682517|12920, 2682569|12984, 2682621|13200, de.zalando.mobile, 
2682685|1784, 2683034|1871, 2683190|1993, 2684018|2092, 2684070|2219, 2684203|2305, 2684761|2375, 2685730|2459, 2685782|2612, 2685849|2999, 2686250|3118, 2689887|3224, 2691462|3334, 2691640|3431, 2692164|3538, 2692341|3732, 2693285|3853, 2694106|3945, 2694718|4041, 2694810|4138, 2695222|4937, 2695274|5204, 2695339|6258, 2695689|6394, 2696075|6499, 2697046|6597, 2697098|6685, 2697590|6843, 2698704|7006, 2700745|7106, 2700961|7203, 2701588|7319, 2702395|7404, 2703665|7537, 2706034|7666, 2707881|8023, 2708243|8133, 2708303|8219, 2708649|8310, 2709923|8421, 2710621|8531, 2710799|8605, 2711842|8746, 2712208|8962, 2712248|9030, 2712872|10822, 2713212|10892, 2713396|10961, 2713580|11027, de.mcdonalds.mcdonaldsinfoapp, 
2713640|2307, 2714098|2406, 2714905|2525, 2715009|2615, 2715523|2730, 2715721|2840, 2716133|2949, 2717019|3044, 2717071|3110, 2717220|3180, 2717356|3246, 2717512|3327, 2717616|10722, 2717856|10814, org.indywidualni.fblite, 
2717924|2523, 2718000|2591, com.whatsapp, 
2718135|758, 2718270|1199, 2718396|1982, 2720286|2118, 2723506|2264, 2724872|2416, 2728188|2608, 2730972|2757, 2731554|2899, 2731673|3001, 2731933|3086, 2732639|6623, 2732847|6712, 2733553|6777, 2734467|6846, 2735277|6911, 2736087|6978, 2736898|7041, 2737709|7105, 2738520|7177, 2739331|7243, 2740246|7306, 2740336|10750, 2741604|10860, com.fsck.k9, 
2741708|646, 2741828|2325, 2742464|2424, 2743145|2520, 2743249|2609, 2743763|2707, 2743961|2792, 2744318|2919, 2745256|3014, 2745308|3084, 2746337|3155, 2746493|3232, 2746597|10713, 2746837|10782, 2747070|12592, org.indywidualni.fblite, 
2748501|1573, 2751346|1737, 2752586|1840, 2752773|1969, 2752825|2118, 2752885|2489, 2753225|2592, 2753433|2663, 2753663|2736, 2754756|2815, 2755100|2883, 2755486|2963, 2756664|3039, 2756831|3220, 2757039|3393, 2757108|5525, 2757168|5666, 2757714|5764, 2757892|5861, 2758690|5945, 2758905|6028, 2759147|6874, 2760210|6950, 2761865|7017, 2762473|7086, 2762608|7158, 2762688|7228, 2762896|10856, 2763108|10930, 2763457|12011, 2763613|12128, 2763791|12736, 2764437|12823, 2764615|12919, 2765018|13020, 2765413|13098, 2765569|13172, com.airbnb.android, 
2766290|1594, 2766342|1743, 2766572|1910, 2766968|2089, 2767124|2198, 2767594|2290, 2767736|2387, 2767958|2495, 2769809|2610, 2770101|2762, 2770663|2874, 2770860|2983, 2771555|3108, 2771659|3234, 2771910|3467, 2772584|3580, 2772636|3674, 2772866|3929, 2781885|4598, 2790267|5164, 2790864|5278, 2798993|5712, 2799538|5784, 2807851|6277, 2808038|6562, 2808090|6631, 2808194|10618, 2808298|10764, com.duckduckgo.mobile.android, 
2808374|1934, com.whatsapp, 
2808437|1806, 2808497|1870, 2808785|2111, 2809275|2311, 2810624|2512, 2810676|2822, 2810802|2900, 2810974|3098, 2811701|3173, 2811994|3269, 2813315|3328, 2814131|3401, 2815092|3504, 2816101|3594, 2816659|3685, 2818382|3778, 2821396|3879, 2821822|3967, 2822238|4032, 2824748|4110, 2824800|4189, 2827843|6649, 2827895|6816, 2828051|10259, 2828315|10326, 2828499|10384, de.zalando.mobile, 
2828680|2508, 2828992|2580, 2831338|2683, 2831390|2746, 2831494|2868, 2831678|10468, 2831758|10521, com.instagram.android, 
2831818|1857, 2832106|2072, 2832418|2520, 2832596|2596, 2832648|2732, 2833945|2800, 2833997|3015, 2834117|3099, 2834657|3178, 2834895|3263, 2836532|3320, 2836762|3390, 2837545|3471, 2838223|3558, 2838721|3620, 2839170|3678, 2843489|3740, 2843541|3817, 2843593|3966, 2845153|4057, 2846571|4137, 2849614|4381, 2849666|4540, 2849926|10088, 2850190|10148, 2850270|10202, de.zalando.mobile, 
2850334|1202, 2850683|1266, 2850839|1366, 2851667|1462, 2852025|1525, 2852337|1586, 2852515|1648, 2853306|1710, 2853358|1802, 2853485|1995, 2853766|2096, 2857025|2158, 2858164|2224, 2858508|2295, 2858842|2398, 2859019|2469, 2859822|2550, 2860715|2642, 2861256|2713, 2861526|2788, 2861920|2852, 2861960|2915, 2862372|3306, 2862424|3532, 2862484|4237, 2862774|4295, 2862982|4354, 2864131|4426, 2864183|4559, 2864593|4650, 2865494|4741, 2866952|4820, 2867877|4915, 2868274|5011, 2868893|5123, 2869757|5252, 2870525|5401, 2871570|5511, 2872970|5584, 2873688|5669, 2873861|5753, 2873921|5819, 2875473|5880, 2875859|5932, 2876119|5981, 2876658|6031, 2876972|6084, 2877012|6138, 2877694|6209, 2877746|6509, 2878318|9991, 2878762|10043, 2878894|10092, 2878974|10146, de.mcdonalds.mcdonaldsinfoapp, 
2879034|1820, 2879094|1886, 2879730|1967, 2880295|2042, 2880347|2106, 2880451|2196, 2880758|2279, 2880810|2355, 2881011|2422, 2881368|2478, 2882306|2585, 2882358|2631, 2882588|2684, 2882640|2790, 2882692|2854, 2882796|9986, 2883036|10039, org.indywidualni.fblite, 
2883100|1388, 2883160|1465, 2883605|1530, 2883783|1609, 2884433|1694, 2884485|1790, 2884729|1884, 2885010|1950, 2885298|2004, 2885454|2058, 2885632|2118, 2886374|2182, 2886694|2249, 2888032|2367, 2888084|2556, 2889165|3003, 2891638|3108, 2891748|3260, 2892146|3340, 2892354|3416, 2892758|3475, 2895466|3534, 2895518|3584, 2896000|3641, 2896260|3718, 2896639|3844, 2896892|3955, 2897529|4046, 2899037|4151, 2899187|4267, 2899259|4334, 2899319|4394, 2899763|4454, 2899970|4511, 2900602|4567, 2900654|4668, 2900706|4744, 2901115|9805, 2901155|9978, 2901523|10146, 2901603|10250, com.moshbit.studo, 
2901686|1658, 2902054|1769, 2902388|1881, 2903148|2029, 2903304|2184, 2903440|2414, 2903704|2877, 2904038|3290, 2904447|3394, 2904707|3473, 2908404|3545, 2908991|3630, 2909043|3780, 2909199|3879, 2909559|4175, 2911424|4262, 2912472|4335, 2913058|4426, 2915699|4503, 2918025|4575, 2920170|4670, 2921721|4736, 2922365|4808, 2922808|4867, 2922860|4979, 2923376|6101, 2923428|6170, 2923678|6502, 2924088|6564, 2924208|7160, 2924785|7262, 2926110|7355, 2926665|7431, 2927235|7671, 2927641|7771, 2927791|7837, 2927911|7924, 2929648|7992, 2932732|8058, 2934100|8148, 2935134|8207, 2935321|8293, 2936355|8365, 2936713|8415, 2936857|9357, 2936909|9462, 2937044|9723, 2937124|9780, 2937828|10262, 2938036|10326, 2938536|10388, 2938616|10546, org.mozilla.firefox, 
2938668|1950, 2938731|2345, 2939083|2469, 2943861|2640, 2944247|2751, 2944920|2851, 2945265|2945, 2945317|3012, 2945379|3711, 2945439|3779, 2946060|3860, 2946405|3986, 2946457|4083, 2946517|5615, 2946577|5771, 2946857|5825, 2947117|5878, 2947295|5993, 2947452|6047, 2947590|6114, 2947642|6169, 2949225|6279, 2949973|6390, 2950025|6514, 2951889|6858, 2952353|6914, 2953086|6970, 2953439|7094, 2953877|7154, 2954169|7208, 2954346|9011, 2954762|9964, 2954814|10053, org.chromium.chrome, 
2954878|2128, 2955227|2205, 2955561|2270, 2956036|2324, 2956088|2537, 2956223|2638, 2956538|2726, 2956806|2808, 2956988|2985, 2957326|3052, 2957482|3130, 2957820|3220, 2958563|3312, 2958957|3368, 2959061|3428, 2959113|3501, 2959394|3800, 2959454|3885, 2960377|3948, 2961238|4024, 2961380|4080, 2961624|4149, 2961831|4296, 2962023|4392, 2962222|4869, 2962334|4919, 2962955|4974, 2963110|5025, 2964268|5140, 2964736|5193, 2965152|5267, 2965347|5651, 2966020|5764, 2975503|5814, 2975950|5868, 2982971|5928, 2983023|5980, 2983760|6034, 2983812|6142, 2984124|9948, 2984256|10026, 2984576|10078, com.waze, 
2984636|1882, 2984696|1970, 2985332|2069, 2985949|2161, 2986163|2333, 2986521|2420, 2986727|2491, 2987024|2553, 2987820|2609, 2988014|2656, 2988108|2708, 2988244|2765, 2988296|2821, 2988400|2896, 2988744|10120, org.indywidualni.fblite, 
2988804|1992, 2989064|2089, 2989168|2169, 2989220|2363, 2989280|2435, 2989587|2512, 2989929|2593, 2990251|2667, 2990511|2730, 2991447|2814, 2991811|2898, 2991863|2967, 2991915|3260, 2991967|3333, 2992025|4901, 2994780|4977, 2997025|5077, 2999911|5236, 3000015|5320, 3000180|5401, 3001045|5494, 3001617|5582, 3001677|5777, 3002528|5870, 3004135|5947, 3004985|6030, 3005831|6107, 3005883|6179, 3007576|6746, 3008598|6833, 3009601|7007, 3009653|7128, 3010401|8306, 3011874|8409, 3014366|8502, 3015510|8617, 3016171|8700, 3017578|8848, 3017734|8926, 3017865|9009, 3018356|9111, 3020754|9210, 3021008|9305, 3022268|9484, 3022944|9565, 3023671|10027, 3024150|10110, 3025264|10193, 3027710|10290, 3028904|10383, 3029528|10605, 3029580|10677, 3030048|10734, 3030100|10847, de.spiegel.android.app.spon, 
3030160|2142, 3030605|2218, 3031616|2385, 3032009|2565, 3032347|2674, 3032503|2769, 3032685|2843, 3032841|2940, 3033581|3024, 3034079|3107, 3034131|3169, 3034348|3520, 3034965|3601, 3035017|3731, 3036175|4591, 3037891|4724, 3047649|5207, 3047747|5262, 3054924|5395, 3055661|5512, 3055713|5573, 3056053|10237, 3056373|10303, 3056425|12603, 3056477|12676, com.waze, 
3056837|2090, 3057817|2268, 3058173|2407, 3059360|2523, 3059464|2611, 3059672|2986, 3059736|3058, 3059990|10802, 3060150|10874, 3060213|12887, 3060273|13028, 3060561|13189, 3060873|13349, de.pilot.newyorker.android, 
3060933|76, 3061215|157, 3061423|232, 3061601|301, 3061802|379, 3061948|448, 3062321|529, 3064292|685, 3064344|831, 3064469|5822, 3064589|5889, 3064877|5954, 3065324|6021, 3067176|6251, 3067340|6317, 3067430|6379, 3068474|6463, 3068564|6545, 3068616|6628, 3068720|10877, 3068800|10959, 3068880|11032, com.twitter.android, 
3068944|1750, 3069293|1829, 3069449|1962, 3070277|2077, 3070793|2220, 3071179|2301, 3071793|2367, 3071987|2442, 3072477|2521, 3073106|2676, 3074496|2748, 3074548|2910, 3074631|3127, 3074683|3203, 3074735|3269, 3077018|3819, 3077104|3928, 3077216|4042, 3077710|4149, 3078166|4231, 3081016|4302, 3081408|4380, 3081564|4482, 3081624|4606, 3082004|4728, 3082170|4851, 3083321|5017, 3084322|5126, 3084659|5254, 3085291|5335, 3085395|5406, 3085804|10509, 3086212|10777, 3086292|10910, com.moshbit.studo, 
3086404|1901, 3086975|2007, 3087624|2116, 3087676|2203, 3090115|2976, 3091888|3136, 3092713|3310, 3094278|3509, 3095428|3691, 3096607|3894, 3096711|4072, 3097415|4171, 3098830|4264, 3098882|4458, 3099672|5946, 3099724|6277, 3099792|9239, 3099922|9341, 3101012|9433, 3103992|9517, 3105368|9606, 3105472|9745, 3105599|10126, 3105724|10251, 3105990|10349, 3106276|10453, 3106889|10551, 3106929|10657, 3107517|11315, 3107713|11395, 3107793|11461, 3107853|11796, 3108194|11867, 3108298|11948, 3108476|12282, 3109125|12355, 3109177|12535, de.prosiebensat1digital.prosieben, 
3109297|5231, 3109585|5298, 3110032|5436, 3110366|5582, 3111997|5655, 3112139|5726, 3113029|5800, 3113185|5868, 3113275|5937, 3113327|6006, 3113431|10788, 3113591|10948, com.twitter.android, 
3113850|1675, 3117190|1821, 3117919|2000, 3119054|2158, 3119189|2273, 3119241|2377, 3119301|2897, 3119641|2971, 3119901|3050, 3121134|3127, 3121568|3199, 3121954|3276, 3123132|3359, 3123299|3632, 3123519|4120, 3123583|4197, 3123635|4273, 3123687|4368, 3123756|6035, 3124102|6123, 3124540|6236, 3125234|6327, 3125473|6420, 3125553|6510, 3125735|7463, 3125795|7532, 3126622|7597, 3128513|7664, 3129118|7735, 3129253|7800, 3129333|7877, 3129385|9321, 3129645|10824, 3129857|10917, 3129969|12212, 3130362|12320, 3131186|12917, 3131252|13005, 3131416|13085, 3131811|13281, com.airbnb.android, 
3132041|1334, 3132584|1504, 3132636|1644, 3132719|2173, 3133243|2351, 3133853|2540, 3134337|2832, 3134473|3212, 3134737|3496, 3134893|3791, 3135071|3940, 3135910|4542, 3136036|4713, 3137252|4884, 3140697|5046, 3141031|5292, 3141083|5422, 3143248|5535, 3145212|5674, 3146340|5862, 3149958|5974, 3150078|6087, 3158552|6326, 3159097|6464, 3167226|7191, 3167771|7304, 3168349|8018, 3176478|8291, 3177023|8383, 3177636|8524, 3178256|8644, 3178506|8784, 3178760|8906, 3187172|9273, 3188692|9406, 3189276|9538, 3190594|9663, 3192097|9805, 3192229|9984, 3193400|10429, 3195171|10577, 3196389|10669, 3196545|10796, 3196605|10937, 3198093|11072, 3198788|11189, 3199018|11345, 3199774|11442, 3200510|11544, 3200590|11722, 3202231|14063, 3202283|14202, org.mozilla.firefox, 
3202632|1594, 3202788|1726, 3203616|1917, 3203801|2050, 3204359|2146, 3205328|2250, 3205380|2350, 3205447|2616, 3206160|2748, 3207961|2883, 3208381|2991, 3208433|3144, 3208485|3265, 3208610|3371, 3209215|3524, 3209756|3641, 3213282|3768, 3213500|3883, 3213934|3985, 3214346|4578, 3214398|4708, 3214523|5743, 3214969|5881, 3215147|5978, 3216170|6105, 3217147|6242, 3217659|6350, 3218939|6437, 3218991|6528, 3219796|6628, 3220732|7132, 3222875|7233, 3223187|7351, 3223365|7461, 3225573|7576, 3225846|7674, 3225906|7763, 3227172|7961, 3227610|8053, 3228292|8228, 3228344|8523, 3228904|10752, 3229496|10825, 3229576|10956, de.mcdonalds.mcdonaldsinfoapp, 
3229696|2448, 3230332|2553, 3231065|2637, 3231117|2713, 3231221|2816, 3231726|2944, 3231781|3035, 3232138|3122, 3233076|3210, 3233128|3274, 3233277|3341, 3233413|3412, 3233569|3482, 3233913|10801, org.indywidualni.fblite, 
3234040|2194, 3234160|2283, 3234893|2386, 3235071|2483, 3235990|2583, 3236291|2659, 3237917|2753, 3238073|2830, 3238303|2907, 3238666|2976, 3238801|3056, 3238881|3122, 3238943|6134, 3239464|6238, 3240323|6348, 3240383|6449, 3240878|6535, 3240982|6637, 3242892|7493, 3246173|7558, 3247771|8038, 3247887|8597, 3248255|10846, 3248335|10977, com.paypal.android.p2pmobile, 
3248455|1596, 3250835|1675, 3251062|1850, 3251135|2082, 3252267|2181, 3252475|2317, 3254028|2432, 3254284|2666, 3255194|2772, 3255246|2871, 3255788|2979, 3256905|3121, 3257627|3393, 3257731|3563, 3259798|3686, 3259902|3787, 3259954|3863, 3260744|5032, 3260796|5319, 3264852|8649, 3264904|8778, 3265853|8922, 3265905|9086, 3265965|9299, 3266231|9383, 3266517|9480, 3267130|9583, 3267170|9804, 3267814|10786, 3268486|10885, 3268590|10994, 3268994|11352, 3269346|11475, 3269426|11545, 3269490|11807, 3269550|11892, 3269995|11979, 3270173|12240, 3270822|12316, 3270874|12490, de.prosiebensat1digital.prosieben, 
3270957|1964, 3271481|2100, 3271987|2331, 3272575|2465, 3272711|2804, 3272975|3008, 3273131|3518, 3273309|3628, 3274148|3844, 3274200|4179, 3274262|4408, 3274322|4478, 3275229|4586, 3277970|4692, 3281695|4814, 3283693|4936, 3287319|5042, 3289084|5140, 3289385|5242, 3289873|5351, 3290616|5443, 3291001|7113, 3291053|7196, 3291303|7926, 3291511|8023, 3291713|8114, 3292410|8332, 3292892|8426, 3293552|8512, 3294250|8689, 3294768|8901, 3294820|9057, 3295496|9158, 3296210|9243, 3297272|9324, 3297747|9410, 3298697|9534, 3301541|9655, 3301683|9731, 3301787|9884, 3302569|10064, 3302875|10142, 3303010|10402, 3303090|10480, 3303234|10643, 3303286|10714, 3303990|10840, 3304646|10929, 3304726|11079, org.mozilla.firefox, 
3304789|2484, 3304849|2571, 3305137|2719, 3305449|2866, 3305627|3040, 3305679|3188, 3306975|3260, 3307027|3505, 3307087|4250, 3307635|4332, 3307928|4443, 3309093|4507, 3309731|4584, 3310632|4687, 3311106|4781, 3312281|4894, 3316480|4975, 3316814|5045, 3316866|5112, 3316918|5221, 3320818|5336, 3321765|5439, 3324808|8003, 3324860|8158, 3325016|10843, 3325384|10945, 3325464|11020, de.zalando.mobile, 
3325588|2010, 3326688|2151, 3327044|2292, 3328335|2429, 3328503|3101, 3328794|9622, 3329110|10786, 3329170|12857, 3329458|13015, 3329770|13174, de.pilot.newyorker.android, 
3330112|1, 3330320|93, 3330498|169, 3330845|340, 3331031|426, 3331537|597, 3331715|858, 3333010|1100, 3333062|1312, 3333125|2218, 3333185|2300, 3333473|2531, 3333785|2680, 3333963|2752, 3335311|2899, 3335363|3204, 3335423|3655, 3335971|3848, 3336549|3929, 3338040|3998, 3338820|4075, 3339017|4187, 3339715|4278, 3343516|4386, 3345035|4457, 3345087|4526, 3345139|4613, 3346023|4800, 3349939|4898, 3349991|4998, 3353034|5368, 3353086|5511, 3353346|10801, 3353610|10872, 3353690|10957, 3353750|12229, 3354090|12299, 3354350|12369, 3354528|12516, 3354719|12590, 3356921|12671, 3357063|12751, 3357115|12818, 3358920|13116, 3359437|13189, 3359489|13338, de.zalando.mobile, 
3359549|2277, 3359609|2355, 3359809|2447, 3359965|2525, 3360017|2766, 3360129|2832, 3360384|2915, 3360726|2994, 3361048|3061, 3361724|3142, 3362504|3224, 3362556|3298, 3362608|3367, 3362660|3970, 3362712|4061, 3362950|5790, 3365785|5879, 3369690|5988, 3370613|6113, 3370717|6221, 3370777|6525, 3371680|6638, 3371798|7825, 3372612|7921, 3373459|8011, 3373511|8109, 3373563|8204, 3374311|9887, 3375507|10016, 3375649|10870, 3376745|11135, 3376889|11198, 3376929|11337, de.spiegel.android.app.spon, 
3377052|2270, 3377340|2448, 3377652|2603, 3377830|2684, 3379164|2839, 3379222|3008, 3379343|3107, 3380557|3200, 3380661|3284, 3380725|3727, 3380793|4200, 3381485|4366, 3382634|4496, 3386620|4607, 3386916|4684, 3387020|4776, 3387112|4855, 3389103|5254, 3389478|5359, 3392865|5448, 3393669|5529, 3393721|5603, 3393761|5775, 3393884|8251, 3394328|8381, 3394506|8465, 3395463|8539, 3395619|8860, 3395754|8950, 3395978|9037, 3396327|9118, 3396583|9203, 3397128|9289, 3397332|9366, 3397570|9449, 3397734|9542, 3398003|9631, 3398071|9722, 3398139|9823, 3398259|9924, 3398866|10046, 3399070|10140, 3399411|10235, 3399808|10344, 3400048|10452, 3400308|10906, 3400708|11077, org.zwanoo.android.speedtest, 
3400968|2187, 3401072|2274, 3401124|2363, 3401176|2603, 3401483|2681, 3401885|2777, 3402207|2847, 3402675|2928, 3403663|3007, 3403767|3090, 3403819|3501, 3403871|3691, 3404051|5324, 3406888|5424, 3408968|5536, 3409028|7364, 3409738|7454, 3409902|7551, 3410689|7650, 3410793|7748, 3410932|8577, 3410992|9155, 3411653|9349, 3412401|9456, 3414400|9604, 3414452|9751, 3415056|10259, 3415481|10492, 3416116|10645, 3418778|10759, 3419090|11282, 3419194|11361, 3419246|11430, de.spiegel.android.app.spon, 
3421786|1498, 3422640|1641, 3423954|1733, 3424141|2043, 3424201|2335, 3424261|2428, 3424749|2505, 3424979|2568, 3425289|2637, 3426854|2755, 3427928|2818, 3428032|2973, 3428199|3084, 3428419|3485, 3428471|3575, 3428523|4754, 3428592|5367, 3428938|5498, 3429376|5620, 3430309|5740, 3430389|5818, 3430571|6850, 3430631|6922, 3431458|7007, 3433389|7077, 3433985|7151, 3434200|7216, 3434252|9947, 3434460|10749, 3434752|10841, 3434816|11764, 3435165|11852, 3435321|11972, 3435499|12452, 3436145|12541, 3436211|12625, 3436435|12744, 3437121|12839, 3437277|12918, com.airbnb.android, 
3437455|290, 3438228|418, 3438280|542, 3439835|1064, 3439973|1207, 3440424|2065, 3440580|2215, 3442433|2384, 3443177|2627, 3443313|2975, 3443629|3174, 3443963|3495, 3444027|3660, 3445423|3836, 3445475|3973, 3445653|4235, 3445705|4377, 3445765|4520, 3446260|4623, 3449757|4771, 3450117|4868, 3453082|5008, 3454105|5140, 3463800|5274, 3469613|5404, 3470850|5522, 3472227|5683, 3472932|5826, 3481061|6039, 3481606|6159, 3490280|7018, 3490665|7355, 3490717|7520, 3499037|7899, 3499287|8220, 3499936|8352, 3500056|8633, 3500633|8759, 3501260|8862, 3501775|8980, 3502473|9119, 3503043|9305, 3504153|9680, 3504942|9800, 3505364|9910, 3506340|10059, 3509541|10201, 3510552|10337, 3511334|10595, 3511640|10735, 3512344|11087, 3513080|11188, 3513160|11505, org.mozilla.firefox, 
3513280|2189, 3514191|2330, 3514620|2420, 3515305|2545, 3517305|2678, 3517616|2797, 3517883|2969, 3517945|5909, 3518067|5983, 3519117|6081, 3519325|6167, 3519385|6263, 3519807|6359, 3520119|6467, 3521649|7400, 3525310|7464, 3525698|7998, 3527048|8100, 3527164|8665, 3527612|10757, 3527692|10893, com.paypal.android.p2pmobile, 
3527756|1922, 3527868|2018, 3528261|2167, 3529219|2289, 3529271|2394, 3529566|2466, 3529878|2606, 3530056|2680, 3531066|2833, 3531118|3007, 3534087|4871, 3534199|4958, 3535047|5038, 3542856|5111, 3543743|5173, 3544055|5399, 3545173|5509, 3545225|5790, 3545673|10977, 3545753|11148, 3545817|11418, 3546166|11502, 3546322|11642, 3547150|12517, 3547202|12662, com.tripadvisor.tripadvisor, 
3547302|2378, 3547681|2501, 3548185|2616, 3548225|2730, 3548265|10762, com.isis_papyrus.raiffeisen_pay_eyewdg, 
3548628|3698, 3553321|3876, 3553718|4026, 3553844|4349, 3554465|4452, 3554810|4548, 3554862|4637, 3554984|5945, 3555605|6042, 3555950|6208, 3556137|6387, 3558350|7677, 3558436|7748, 3558488|7812, 3558548|7955, 3558608|8032, 3559229|8100, 3559530|8177, 3559968|8257, 3560260|8325, 3560424|10110, 3560840|11033, 3560892|11118, 3560944|12313, 3560996|12389, org.chromium.chrome, 
3561060|1823, 3561409|1930, 3561743|2039, 3562393|2149, 3562505|2234, 3563063|2308, 3564032|2417, 3564084|2498, 3564492|2938, 3564812|3044, 3568103|3128, 3569572|3237, 3570096|3316, 3570148|3391, 3570200|3558, 3570377|3680, 3570930|3768, 3572038|3900, 3572090|4014, 3572256|4114, 3572690|4201, 3573102|4678, 3573154|5049, 3573219|6013, 3573279|6085, 3573777|6181, 3574926|6289, 3574978|6358, 3575043|6573, 3576020|6703, 3576532|6810, 3577812|6903, 3578669|7034, 3578730|7530, 3579076|7651, 3579284|7763, 3579823|7867, 3582507|7999, 3583030|8101, 3583389|8238, 3584682|8437, 3584734|8500, 3585468|8639, 3585520|8854, 3586120|10843, 3586672|10909, 3586752|10979, de.mcdonalds.mcdonaldsinfoapp, 
3586951|1587, 3587011|1668, 3589127|1748, 3590115|1863, 3590167|1978, 3590427|2119, 3591476|2239, 3593233|2474, 3594033|2649, 3594270|2741, 3594686|2851, 3594916|2967, 3595981|3077, 3597224|3565, 3597352|3666, 3597456|3765, 3599523|3873, 3599679|3964, 3600469|5028, 3600521|5301, 3603968|8311, 3604630|8423, 3604755|9047, 3605021|9126, 3605307|9208, 3605920|9292, 3606504|10477, 3606616|10595, 3607288|10707, 3607980|10915, 3608280|11050, 3608360|11140, 3608420|11376, 3608709|11453, 3608865|11543, 3609043|11871, 3609692|11963, 3609744|12065, de.prosiebensat1digital.prosieben, 
3609804|1997, 3609919|2118, 3610216|2198, 3610838|2295, 3611267|2380, 3611780|2447, 3612058|2519, 3612389|2587, 3613839|2655, 3614017|2728, 3614328|2796, 3614515|2871, 3614555|2944, 3614595|3013, 3614715|5748, 3615913|5882, 3616260|5979, 3616572|6070, 3618482|7092, 3621711|7158, 3621763|7513, 3623269|7616, 3623321|7855, 3623560|9957, 3623768|10715, 3624008|10793, 3624088|10879, com.paypal.android.p2pmobile, 
3624149|2965, 3624581|3130, 3626823|3222, 3626927|3308, 3626979|3753, 3627779|10021, 3627831|10089, 3627935|10952, 3628095|11025, 3628155|11790, 3628267|11999, 3628755|12070, 3628933|12287, 3629090|12428, 3629228|12503, 3631517|12575, 3631569|12641, 3631621|12785, 3633430|13026, 3633482|13096, 3633534|13225, com.instagram.android, 
3633594|2026, 3634039|2121, 3634867|2226, 3634919|2419, 3635163|2526, 3635444|2611, 3636066|2706, 3636756|2784, 3637128|2859, 3638464|3010, 3638516|3249, 3638651|3601, 3638703|3677, 3640986|4094, 3641072|4190, 3641182|4295, 3641242|4389, 3642014|4476, 3642348|4570, 3644952|4632, 3645734|4715, 3646202|4780, 3646261|4988, 3646581|5089, 3646774|5220, 3648279|5409, 3649230|5523, 3649824|5655, 3650237|5739, 3650382|5810, 3651066|5890, 3651118|5986, 3651486|10952, 3651566|11093, com.moshbit.studo, 
3654002|1631, 3654088|1735, 3654355|1926, 3654420|2018, 3654532|2091, 3654926|2155, 3655104|2229, 3656222|2296, 3656274|2590, 3657442|8359, 3658123|8451, 3658278|8521, 3659452|8615, 3659816|8689, 3659868|8967, 3661195|9054, 3661247|9252, 3662399|9336, 3662515|9900, 3662619|10803, 3662779|10862, com.tripadvisor.tripadvisor, 
3662843|1680, 3663192|1771, 3663348|1899, 3664176|2009, 3664411|2140, 3664692|2225, 3665314|2301, 3665692|2369, 3666198|2451, 3666376|2528, 3667712|2703, 3667764|2880, 3667899|3189, 3667951|3277, 3670320|3790, 3670710|3975, 3671382|4072, 3672244|4156, 3674180|4219, 3674520|4283, 3674676|4374, 3675055|4584, 3675235|4724, 3675851|4856, 3677312|4979, 3677809|5094, 3677861|5208, 3678493|5291, 3678545|5369, 3678833|10829, 3678913|10914, 3678993|11008, com.moshbit.studo, 
3679119|2080, 3680457|2213, 3682933|2312, 3685603|2472, 3690223|2675, 3691599|2828, 3692176|2912, 3692228|3011, 3692399|3180, 3692607|3254, 3693313|7904, 3694227|8039, 3695141|8110, 3695245|8172, 3696055|8235, 3696813|8306, 3697624|8374, 3698435|8454, 3699298|8517, 3700109|8583, 3700920|8656, 3701024|8727, 3701520|10829, 3702240|10916, 3702344|13609, com.fsck.k9, 
3702448|1559, 3702508|1930, 3702797|2030, 3703306|2179, 3703787|2249, 3704075|2327, 3704310|2395, 3704641|2463, 3705465|2534, 3705776|2597, 3707206|2727, 3708449|3189, 3708501|3265, 3708621|5662, 3709195|5737, 3709819|5857, 3709879|5951, 3710374|6052, 3710478|6138, 3712388|7081, 3715617|7141, 3715669|7207, 3717007|7489, 3717267|7578, 3717499|8032, 3717947|10858, 3718027|10988, 3718388|12828, com.paypal.android.p2pmobile, 
3719329|1993, 3720758|2093, 3723194|2225, 3725062|2344, 3727049|2452, 3728539|2574, 3729192|2661, 3729840|2749, 3730525|2839, 3731040|2926, 3731635|3023, 3732036|3108, 3732140|3209, 3732846|6458, 3733760|6526, 3734570|6601, 3734622|6667, 3735432|6746, 3736242|6816, 3737052|6885, 3737811|6959, 3738622|7040, 3739485|7125, 3740244|7196, 3740348|7285, 3740438|10669, 3740490|10790, 3741706|10898, com.fsck.k9, 
3741770|1750, 3741830|1846, 3742275|1982, 3743164|2139, 3743617|2269, 3744239|2380, 3744617|2464, 3745301|2554, 3746637|2780, 3746689|2986, 3746824|3285, 3746876|3357, 3749159|3716, 3749245|3816, 3749297|3924, 3749415|4036, 3749909|4119, 3750365|4195, 3752936|4283, 3753503|4350, 3753711|4453, 3754151|4673, 3754317|4832, 3755551|4950, 3756448|5096, 3757637|5226, 3757689|5410, 3758098|10498, 3758138|10649, 3758374|10772, 3758506|10841, 3758586|10911, com.moshbit.studo, 
3758706|2018, 3759151|2133, 3759617|2205, 3759994|2287, 3760621|2374, 3761464|2485, 3761775|2566, 3763071|2636, 3763206|2699, 3763286|2762, 3763338|2835, 3763473|3715, 3763645|5664, 3764791|5754, 3764903|5950, 3765450|6045, 3767360|7043, 3770589|7106, 3770705|7615, 3772211|7699, 3772263|7927, 3772471|10699, 3772711|10770, 3772791|10905, com.paypal.android.p2pmobile, 
3772854|1847, 3773277|1937, 3774735|2049, 3777649|2160, 3779107|2310, 3781993|2417, 3784375|2515, 3785738|2610, 3786567|2682, 3786607|2756, 3787417|6485, 3788227|6548, 3789037|6617, 3789089|6684, 3789899|6747, 3790657|6817, 3791520|6886, 3792331|6954, 3793142|7034, 3793953|7105, 3794057|7169, 3794816|7233, 3794868|7312, 2260931|7866, 2261427|10729, 2262147|10817, com.fsck.k9, 
2262210|2973, 2262510|3089, 2266655|3240, 2267756|3390, 2267882|3572, 2268848|3712, 2269022|3815, 2269643|3886, 2269988|3976, 2270040|4050, 2270160|7521, 2270781|7592, 2271082|7662, 2271520|7752, 2271812|7837, 2271990|9631, 2272406|10813, 2272458|10911, org.chromium.chrome, 
2272518|1970, 2272930|2049, 2273264|2127, 2273929|2196, 2274384|2336, 2274985|2401, 2275319|2474, 2276873|2601, 2277008|2678, 2277060|2748, 2277184|5607, 2278294|5722, 2278562|5810, 2279161|5951, 2281071|6972, 2284300|7033, 2285586|7330, 2285690|7398, 2285910|7656, 2286118|10788, 2286358|10853, 2286438|10921, 2286542|13734, com.paypal.android.p2pmobile, 
2286666|1658, 2287111|1747, 2287289|1837, 2287939|1940, 2288064|2030, 2288422|2105, 2288682|2182, 2289651|2271, 2289703|2351, 2289830|2680, 2290171|2779, 2293722|2866, 2295191|2960, 2295663|3068, 2295715|3157, 2295832|3369, 2296419|3491, 2297116|3590, 2297657|3686, 2297875|3779, 2298309|3879, 2298721|4385, 2298773|4619, 2298838|5523, 2298898|5604, 2299188|5692, 2299396|5776, 2299574|5852, 2300955|5953, 2302086|6077, 2303418|6198, 2304171|6314, 2304688|6450, 2305285|6595, 2306516|6759, 2309178|6903, 2309699|7043, 2311411|7251, 2311782|7340, 2312253|7423, 2312461|7524, 2313307|7648, 2314914|7749, 2315006|7840, 2315688|7934, 2315740|8150, 2315948|10819, 2316416|10889, 2316888|10956, 2316968|11040, 2317768|11977, 2317820|12130, de.mcdonalds.mcdonaldsinfoapp, 
2317955|2093, 2318090|4772, 2318225|4908, 2318410|5725, 2318470|5789, 2318758|5858, 2319205|5939, 2319383|6080, 2320939|6151, 2321221|6213, 2321311|6277, 2322307|6350, 2322359|6425, 2322449|6493, 2322501|6575, 2322605|10837, 2322685|10918, 2322765|10985, com.twitter.android, 
2322889|2042, 2323937|2228, 2325338|2391, 2325740|2516, 2325908|3060, 2326012|10741, 2326172|10862, 2326235|13063, 2326295|13205, 2326583|13354, 2326895|13518, de.pilot.newyorker.android, 
2326955|96, 2327237|257, 2327445|332, 2327623|476, 2327814|549, 2328156|620, 2328246|704, 2328424|780, 2328476|926, 2329717|993, 2329977|1060, 2330133|1149, 2330193|1711, 2330638|1793, 2330816|1923, 2331466|2052, 2331919|2185, 2332541|2297, 2333231|2397, 2333603|2522, 2334940|2668, 2334992|3113, 2335127|3191, 2335243|3269, 2337526|3784, 2337612|3865, 2337724|3977, 2338002|4059, 2338218|4152, 2338674|4222, 2339678|4285, 2341836|4361, 2342216|4434, 2342320|4500, 2342640|4696, 2342760|4771, 2342926|4848, 2343469|4913, 2343629|4995, 2344261|5148, 2344448|5218, 2344500|5316, 2344560|5731, 2345181|5868, 2346801|5993, 2347244|6127, 2348302|6219, 2348437|6796, 2348489|6943, 2348669|9168, 2348865|10841, 2349037|10903, 2349117|10982, com.moshbit.studo, 
2349177|2313, 2349596|2405, 2350100|2519, 2350140|2603, 2350180|10809, com.isis_papyrus.raiffeisen_pay_eyewdg, 
2350300|1828, 2350864|1949, 2351458|2088, 2352681|2223, 2352927|2341, 2353095|2712, 2353503|10744, 2353623|10818, 2353746|13000, 2354034|13166, 2354346|13332, 2354406|13907, 2354688|13981, de.pilot.newyorker.android, 
2354896|1, 2355178|106, 2355564|216, 2356084|323, 2356470|426, 2356522|532, 2357765|642, 2357817|835, 2357878|2503, 2358154|2607, 2358930|2694, 2360656|2772, 2360708|2845, 2360760|2918, 2360812|2986, 2360916|10954, 2361076|11023, com.instagram.android, 
2361199|2370, 2361251|2528, 2361487|2597, 2361799|2921, 2361977|2997, 2362035|3075, 2363437|3183, 2364653|3270, 2364929|3357, 2364989|3429, 2365490|3512, 2365542|3587, 2365720|3655, 2366016|3724, 2366068|3877, 2366195|4316, 2366601|4394, 2367204|4468, 2367560|4589, 2371012|4659, 2371116|4743, 2372969|5057, 2373404|5154, 2376889|5257, 2377673|5340, 2377725|5423, 2377848|8075, 2378136|8158, 2378292|8244, 2379427|8328, 2379583|8704, 2379778|8793, 2380181|8869, 2380495|8955, 2380982|9049, 2381228|9138, 2381534|9217, 2381698|9300, 2381857|9376, 2381967|9456, 2382103|9560, 2382171|9652, 2382345|9740, 2382830|9831, 2383086|9923, 2383375|10014, 2383704|10098, 2383960|10189, 2384012|10309, 2384272|11536, 2384672|11619, 2384807|12410, 2384942|12482, org.zwanoo.android.speedtest, 
2385025|1245, 2385077|1312, 2385201|1576, 2385822|1652, 2388305|1740, 2388505|1905, 2389562|2051, 2390139|2174, 2391579|2453, 2392200|2543, 2392489|2636, 2392957|2768, 2393691|2864, 2393847|2965, 2394870|3052, 2395678|3259, 2396937|3347, 2396989|3456, 2397145|3540, 2397935|4835, 2397987|5125, 2398185|7657, 2399171|7741, 2403019|7823, 2403629|7915, 2403733|8042, 2403795|8296, 2404121|8403, 2404407|8581, 2405020|8658, 2405604|9684, 2406336|9813, 2406388|9901, 2406440|9999, 2406480|10227, 2407064|10845, 2407799|10989, 2411600|11092, 2411860|11232, 2412748|11337, 2412828|11411, de.prosiebensat1digital.prosieben, 
2412911|2020, 2413435|2182, 2414045|2295, 2414685|2422, 2414761|2839, 2414821|2977, 2415085|3297, 2415241|3620, 2415419|3735, 2415471|3959, 2416258|4087, 2416310|4345, 2417321|4442, 2417782|4526, 2418042|4657, 2422095|4748, 2424656|4837, 2425731|4952, 2426789|5073, 2431529|5175, 2432380|5260, 2434248|5363, 2435070|5455, 2435445|5558, 2435703|5662, 2435763|7109, 2436271|7207, 2436521|8009, 2436827|8206, 2436947|8436, 2437524|8531, 2438006|8633, 2438666|8709, 2439365|8796, 2439883|9023, 2440341|9175, 2440491|9303, 2441618|9437, 2442566|9546, 2443396|9655, 2443456|9754, 2445941|9872, 2446744|9952, 2446848|10047, 2447629|10207, 2447935|10281, 2448079|10787, 2448131|10906, 2449043|11013, 2449519|11094, 2449599|11241, org.mozilla.firefox, 
2449660|2416, 2449780|2505, 2451888|2588, 2452438|2689, 2452490|3132, 2452554|3204, 2452606|3781, 2452658|8984, 2452762|10736, 2452922|10813, com.instagram.android, 
2452982|2105, 2453401|2310, 2453905|2405, 2453945|2561, 2453985|10670, com.isis_papyrus.raiffeisen_pay_eyewdg, 
2454049|1666, 2454398|1749, 2454554|1836, 2454732|1935, 2455382|2052, 2455434|2141, 2458252|4297, 2458403|4428, 2458515|4495, 2458961|4570, 2460257|4644, 2460309|4933, 2461477|10596, 2461654|10746, 2462022|10820, 2462262|10894, com.tripadvisor.tripadvisor, 
2462606|1978, 2464650|2122, 2466064|2243, 2467754|2357, 2468969|2463, 2470120|2570, 2472046|2674, 2473715|2805, 2475304|2930, 2475834|3065, 2475938|3186, 2476053|3469, 2476209|3544, 2476471|6956, 2476641|7174, 2476809|7679, 2477515|8129, 2478481|8274, 2480051|8393, 2480966|8515, 2482484|8624, 2483295|8700, 2484106|8772, 2485015|8852, 2485223|10928, 2486231|11044, com.fsck.k9, 
2486291|2102, 2486550|2180, 2486876|2307, 2487214|2387, 2487254|2474, 2487294|10716, com.isis_papyrus.raiffeisen_pay_eyewdg, 
2487355|2584, 2488407|2787, 2490133|2868, 2490185|3304, 2490289|10862, 2490449|10944, com.instagram.android, 
2490513|1618, 2490573|1689, 2491018|1800, 2491196|1923, 2491846|1995, 2491898|2081, 2494780|4202, 2495216|4280, 2495424|4354, 2496720|4430, 2496772|4725, 2497940|10383, 2498621|10472, 2498776|10582, 2500262|10687, 2500578|10820, 2500698|10882, com.tripadvisor.tripadvisor, 
2501244|1937, 2505748|2085, 2506859|2252, 2510423|2375, 2512778|2481, 2513975|2582, 2514486|2659, 2515192|6355, 2516106|6424, 2516158|6489, 2516968|6558, 2517726|6622, 2518536|6704, 2519347|6775, 2519451|6845, 2520210|6910, 2521021|6976, 2521884|7068, 2522695|7128, 2522799|7195, 2522889|10562, 2522941|10654, 2523054|10774, 2523210|10870, 2524426|10993, com.fsck.k9, 
2524538|1681, 2524931|1777, 2525759|1992, 2525811|2227, 2528629|4244, 2528840|4336, 2529182|4406, 2529516|4475, 2530634|4543, 2530698|5010, 2531001|9795, 2532169|10453, 2532229|10596, 2533265|10706, 2534807|10843, 2534927|10983, com.tripadvisor.tripadvisor, 
2535246|2148, 2535572|2259, 2535910|2349, 2535950|2433, 2535990|10701, com.isis_papyrus.raiffeisen_pay_eyewdg, 
2536114|1668, 2536559|1763, 2537387|2015, 2537439|2215, 2537491|4058, 2540309|4193, 2540520|4306, 2540862|4381, 2541196|4453, 2542314|4518, 2542366|4818, 2543534|10347, 2543594|10458, 2544370|10551, 2545856|10622, 2546012|10824, 2546292|10886, com.tripadvisor.tripadvisor, 
2546417|5147, 2546537|5212, 2546825|5279, 2547272|5352, 2547606|5537, 2549237|5598, 2549379|5666, 2550273|5735, 2550429|5811, 2550571|5882, 2550675|10735, 2550755|10813, 2550835|10887, com.twitter.android, 
2550899|1573, 2551404|1802, 2551582|1931, 2552232|2114, 2552284|2193, 2555188|4273, 2555365|4358, 2555811|4426, 2557107|4509, 2557159|4786, 2558327|10526, 2559163|10634, 2559479|10749, 2559839|10814, com.tripadvisor.tripadvisor, 
2559899|1575, 2560344|1654, 2560586|1769, 2561236|1896, 2561288|1988, 2564192|4248, 2564317|4330, 2564659|4393, 2564993|4459, 2566111|4516, 2566163|4807, 2567391|10015, 2568167|10106, 2569653|10253, 2569969|10517, com.tripadvisor.tripadvisor, 
2570089|4245, 2570377|4371, 2570824|4430, 2572342|4545, 2572559|4604, 2572789|4655, 2572879|4708, 2573873|4826, 2573963|4940, 2574015|4999, 2574150|8116, 2574254|10268, 2574334|10330, 2574414|10442, com.twitter.android, 
2574534|4295, 2574822|4407, 2575269|4467, 2575603|4589, 2577181|4660, 2577285|4712, 2578266|4821, 2578422|4887, 2578564|4972, 2578668|10310, 2578748|10432, 2578828|10494, 2578932|12131, com.twitter.android, 
2579052|4288, 2579340|4396, 2579787|4453, 2579965|4580, 2581700|4636, 2581804|4690, 2582786|4801, 2582942|4871, 2583084|4993, 2583174|5392, 2583226|6774, 2583330|10256, 2583410|10317, 2583490|10395, com.twitter.android, 
