||class android.content.Context:public abstract java.lang.Object android.content.Context.getSystemService(java.lang.String)||class android.app.usage.NetworkStatsManager:public android.app.usage.NetworkStats$Bucket android.app.usage.NetworkStatsManager.querySummaryForDevice(int,java.lang.String,long,long) throws java.lang.SecurityException,android.os.RemoteException||class android.app.usage.NetworkStats$Bucket:public long android.app.usage.NetworkStats$Bucket.getRxPackets()
4508|1, 4510|113, 4511|413, 4513|626, 4515|701, 4520|843, 4523|956, 4527|1413, 4528|1506, 4530|1587, 4540|1685, 4564|1800, 4570|1910, 4601|2005, 4629|2104, 4632|2174, 4638|2275, 4640|2352, 4641|3331, 4644|3497, 4650|3566, 4651|3634, 4658|4538, 4664|4630, 4667|4734, 4668|4839, 4669|5000, 4675|5244, 4678|5357, 4692|5456, 4700|5557, 4708|5639, 4716|5712, 4720|5848, 4725|5913, 4726|5984, 4727|6868, 4743|7562, 4745|7747, 4747|9299, 4748|9350, 4749|9406, org.mozilla.firefox, 
4759|1197, 4762|1291, 4763|1359, 4768|1580, 4769|1935, 4770|1989, 4776|2041, 4777|2103, 4778|2152, 4780|2200, 4782|2257, 4787|2307, 4791|2360, 4792|2420, 4793|2621, 4794|2714, 4797|2777, 4798|4928, 4799|4987, 4805|5058, 4806|5195, 4810|5252, 4814|5304, 4816|5836, 4827|5886, 4829|5941, 4831|5994, 4835|6107, 4842|10048, 4843|11157, 4848|11253, 4850|11828, 4852|11892, 4857|11971, com.airbnb.android, 
4858|944, 4860|1094, 4865|1419, 4866|1516, 4868|1586, 4876|2111, 4881|2223, 4907|2327, 4912|2528, 4914|2655, 4917|2751, 4925|2864, 4926|2946, 4927|3051, 4929|3124, 4931|3207, 4933|3299, 4938|3402, 4943|3489, 4946|3661, 4947|3746, 4951|4329, 4952|4404, 4959|4914, 4960|4987, 4961|5163, 4967|5670, 4971|5903, 4972|6748, 4977|6885, 4982|7007, 4984|7116, 4985|7215, 4986|7986, 4988|8076, 4990|8176, 4991|8268, 4992|8401, 4993|8890, 4999|8995, 5003|9115, 5005|9227, 5007|10169, 5018|10328, 5020|10459, 5021|12175, 5022|12368, 5024|12424, de.prosiebensat1digital.prosieben, 
5027|952, 5028|1045, 5034|2885, 5069|3060, 5070|3405, 5071|3496, 5076|3571, 5078|3641, 5079|4745, 5080|4837, 5087|4986, 5088|7314, 5089|7363, 5093|7472, 5094|7525, 5100|7570, 5101|7671, 5104|9422, 5105|9996, 5106|10051, org.chromium.chrome, 
5111|1561, 5113|1732, 5116|1841, 5117|1922, 5122|1976, 5124|2091, 5134|2162, 5135|2239, 5136|2358, 5139|2529, 5140|2676, 5141|2767, 5151|2950, 5153|3124, 5157|3195, 5163|3282, 5168|3360, 5169|3423, 5174|3482, 5180|3560, 5181|3613, 5195|3669, 5201|3742, 5202|3816, 5203|3865, 5207|3940, 5208|4006, 5218|4066, 5227|4128, 5229|4305, 5230|4360, 5233|4420, 5235|4476, 5237|4532, 5239|4597, 5242|4759, 5245|4875, 5258|4992, 5261|5066, 5264|5147, 5265|5196, 5268|5721, 5273|10084, 5277|10193, com.moshbit.studo, 
5279|1684, 5305|1781, 5359|1881, 5388|2051, 5420|2176, 5438|2268, 5440|2349, 5445|2537, 5448|3055, 5449|5942, 5450|5998, 5451|6049, 5457|6540, 5462|6937, 5469|7052, 5474|7151, 5477|7224, 5478|7285, 5482|7346, 5486|7403, 5490|7469, 5494|7533, 5498|7639, 5518|10132, com.fsck.k9, 
5520|2355, 5534|2432, 5539|2493, 5543|2548, 5544|2601, 5547|2652, 5548|2710, 5554|10249, com.instagram.android, 
5555|1518, 5556|1719, 5564|1930, 5565|1998, 5570|2058, 5573|2148, 5575|2218, 5591|2338, 5603|2461, 5607|2561, 5615|2695, 5616|2770, 5618|2857, 5627|3030, 5628|3271, 5629|3727, 5635|10058, 5639|10160, 5640|12069, 5641|12310, 5648|12491, 5649|12820, 5654|12877, de.pilot.newyorker.android, 
5656|173, 5658|233, 5668|284, 5672|342, 5673|586, 5675|1865, 5679|2003, 5680|2287, 5686|2366, 5691|2426, 5717|2493, 5743|2556, 5745|3458, 5746|4469, 5749|4538, 5764|4603, 5797|4706, 5799|4783, 5800|4886, 5801|4968, 5821|5055, 5822|5185, 5824|5252, 5825|5331, 5826|5399, 5828|5476, 5833|6016, 5834|6279, 5835|6349, 5837|6441, 5848|6721, 5849|7408, 5851|8007, 5853|8100, 5863|8280, 5877|8361, 5905|8444, 5941|8522, 5943|9066, 5970|9191, 5973|9281, 5982|9375, 5985|9473, 6008|9563, 6011|9666, 6012|9787, 6013|9894, 6021|10019, 6034|10118, 6068|10243, 6081|10373, 6083|10425, 6084|10478, de.spiegel.android.app.spon, 
6086|1787, 6091|1892, 6092|1960, 6096|2036, com.isis_papyrus.raiffeisen_pay_eyewdg, 
6097|1492, 6098|1604, 6102|1693, 6104|1790, 6106|1861, 6107|1914, 6109|2035, 6110|2161, 6111|2237, 6112|2328, 6118|2408, 6120|2495, 6124|2590, 6125|2957, 6126|3051, 6127|4251, 6129|10103, com.duckduckgo.mobile.android, 
6130|1603, 6133|1683, 6134|1750, 6135|2057, 6139|2112, 6142|2178, 6152|2245, 6191|2304, 6198|2382, 6200|3184, 6203|4093, 6224|4164, 6251|4259, 6252|4341, 6253|5780, 6256|5850, 6258|5923, 6261|5993, 6262|6296, 6267|6386, 6281|6461, 6291|6834, 6303|6911, 6304|7010, 6310|7471, 6340|7559, 6350|7648, 6351|7712, 6353|7773, 6354|7857, 6358|8011, 6361|8097, 6363|8269, 6369|8427, 6382|8527, 6415|8615, 6423|8690, 6424|8842, 6443|8993, 6450|9104, 6453|9197, 6456|9578, 6466|9665, 6481|9793, 6486|9884, 6492|9975, 6497|10079, 6506|10321, 6509|10391, 6516|10438, 6517|10546, de.spiegel.android.app.spon, 
6518|1597, 6520|1752, 6521|1813, 6532|1954, 6533|2014, 6538|2132, 6539|2182, 6541|2238, 6547|2298, 6548|2358, 6549|2407, 6553|2527, 6555|2584, 6562|2718, 6563|2913, 6564|3319, 6567|4769, 6581|4848, 6587|5013, 6589|5082, 6590|5453, 6591|5528, 6594|5613, 6595|5734, 6600|5860, 6601|5911, 6603|5962, 6604|6119, 6610|6236, 6616|6398, 6617|6497, 6620|6846, 6621|6895, 6622|9098, 6628|10210, 6632|10314, com.paypal.android.p2pmobile, 
6633|109, 6634|881, 6638|1571, 6648|1693, 6652|1785, 6659|1853, 6661|1917, 6664|2454, 6670|10107, 6671|12153, 6672|12453, 6679|12565, 6680|12916, de.pilot.newyorker.android, 
6685|1, 6687|169, 6689|234, 6690|405, 6701|462, 6705|536, 6706|602, 6707|1961, 6712|2071, 6716|2184, 6720|2264, 6721|2378, 6723|2459, 6726|2544, 6730|2619, 6734|2692, 6735|2743, 6736|2799, 6739|2849, 6741|2906, 6747|10010, org.indywidualni.fblite, 
6748|1420, 6753|1491, 6754|1566, 6756|1681, 6758|1817, 6764|1887, 6765|1945, 6766|2004, 6767|2242, 6769|2313, 6776|2392, 6783|2468, 6786|2551, 6787|2613, 6788|2671, 6789|2755, 6792|2849, 6796|2915, 6799|3070, 6801|3139, 6809|3206, 6810|3279, 6812|3343, 6813|3767, 6822|3846, 6826|3938, 6842|4041, 6843|4723, 6848|4794, 6867|4913, 6870|5011, 6876|5107, 6884|5200, 6886|5275, 6889|5384, 6894|5463, 6895|5527, 6897|5668, 6900|5738, 6901|5893, 6904|6195, 6913|6310, 6914|6393, 6915|6481, 6917|6624, 6919|6716, 6928|6803, 6931|6956, 6932|7016, 6937|7079, 6940|7132, 6947|7183, 6948|7237, 6949|7409, 6960|10348, 6964|10453, de.mcdonalds.mcdonaldsinfoapp, 
6966|1252, 6967|2247, 6971|2363, 6974|2448, 6982|2586, 6986|2765, 6990|2837, 6994|2936, 6999|3021, 7002|3111, 7010|3194, 7015|3318, 7016|3410, 7018|3704, 7022|3778, 7025|3858, 7027|3981, 7028|4054, 7029|5122, 7030|5205, 7032|5264, 7033|5328, 7038|5395, 7066|5451, 7067|5511, 7068|6051, 7069|6101, 7071|6158, 7076|6211, 7080|6264, 7081|6326, 7086|6423, 7087|6475, 7088|6527, 7099|10099, com.waze, 
7103|284, 7104|1946, 7114|2028, 7120|2131, 7121|2201, 7125|2838, 7127|3580, 7131|10112, com.instagram.android, 
7132|1851, 7133|2026, 7140|2267, 7141|2363, 7142|2433, 7143|2507, 7149|2566, 7154|2624, 7158|2677, 7160|2803, 7162|2917, 7163|2973, 7170|3122, 7172|3230, 7178|3347, 7183|3404, 7185|3481, 7190|3563, 7195|4048, 7198|4166, 7199|4225, 7200|4357, 7203|4422, 7204|7006, 7209|7071, 7210|7218, 7211|7277, 7217|7772, 7221|7849, 7223|7908, 7226|7973, 7229|8033, 7232|8094, 7235|8172, 7239|8246, 7243|8330, 7245|8425, 7246|8486, 7248|8545, 7250|8604, 7251|8667, 7252|8726, 7253|8787, 7254|8850, 7257|8923, 7262|8990, 7264|9058, 7267|9129, 7270|9194, 7273|9259, 7276|9326, 7278|9438, 7280|10143, 7286|10203, 7288|10263, org.zwanoo.android.speedtest, 
7289|1374, 7293|1500, 7303|1616, 7307|1699, 7314|1798, 7315|1874, 7317|2070, 7323|10105, 7324|12462, 7331|12635, de.pilot.newyorker.android, 
7332|58, 7337|167, 7339|400, 7341|457, 7354|570, 7355|640, 7356|827, 7357|1990, 7362|2060, 7365|2219, 7370|2366, 7374|2477, 7378|2567, 7382|2657, 7387|2754, 7395|2832, 7400|2898, 7401|2971, 7404|3446, 7420|4264, 7438|4322, 7442|4765, 7446|4833, 7449|4952, 7450|5059, 7451|9109, 7452|9165, 7454|9222, 7456|9275, 7458|9331, 7460|9449, 7466|9921, 7477|10010, 7478|10062, com.waze, 
7479|872, 7481|1646, 7482|1715, 7484|2264, 7488|2321, 7490|2384, 7496|2461, 7497|2575, 7498|2635, 7499|2693, 7500|2977, 7509|3058, 7511|3199, 7515|3265, 7518|3520, 7520|3586, 7523|3643, 7524|3709, 7525|5033, 7526|6521, 7527|6583, 7531|6646, 7532|6772, 7533|6847, 7538|7043, 7539|7184, 7543|7265, 7545|7326, 7547|7397, 7550|7464, 7554|7528, 7555|7592, 7558|7652, 7559|7707, 7561|7823, 7563|7884, 7564|7947, 7565|8009, 7566|8079, 7568|8142, 7575|8209, 7578|8284, 7584|8341, 7586|8398, 7589|8461, 7593|9981, 7597|10352, 7603|10409, org.zwanoo.android.speedtest, 
7604|1712, 7605|1902, 7614|2304, 7618|2377, 7624|2440, 7626|2499, 7627|2609, 7629|2680, 7630|2738, 7632|3085, 7638|3174, 7643|3244, 7645|3320, 7647|3382, 7649|3480, 7654|3658, 7655|3727, 7657|3783, 7658|3841, 7659|6618, 7663|6685, 7664|6805, 7665|6866, 7670|7138, 7671|7258, 7677|7321, 7680|7387, 7683|7453, 7687|7520, 7691|7585, 7694|7650, 7695|7717, 7697|7783, 7699|7852, 7700|7913, 7701|8044, 7702|8105, 7704|8172, 7710|8252, 7712|8307, 7715|8366, 7719|8427, 7722|8487, 7724|8573, 7725|10002, 7727|10111, 7729|10178, 7730|10302, 7740|10363, org.zwanoo.android.speedtest, 
7745|1351, 7746|1472, 7747|1542, 7755|1606, 7756|1671, 7757|1794, 7758|2035, 7766|2140, 7778|2213, 7785|2294, 7789|2360, 7790|2441, 7791|2522, 7794|2616, 7798|2705, 7799|2782, 7801|2862, 7802|3551, 7803|3686, 7804|4520, 7809|4583, 7812|4760, 7826|4864, 7827|4942, 7829|5038, 7834|5124, 7836|5208, 7841|5312, 7843|5427, 7847|5542, 7856|5849, 7861|5925, 7862|6016, 7867|6129, 7869|6185, 7874|6361, 7876|6557, 7877|6721, 7881|6778, 7890|10023, 7892|10071, 7895|10127, de.mcdonalds.mcdonaldsinfoapp, 
7899|1517, 7909|1654, 7913|1780, 7920|1887, 7922|1963, 7925|2469, 7926|9343, 7932|10104, 7933|12013, 7934|12107, 7941|12191, 7942|12604, 7947|12658, 7949|12797, 7951|12879, de.pilot.newyorker.android, 
7952|1, 7962|57, 7966|148, 7967|314, 7968|1719, 7970|1804, 7972|1859, 7973|2123, 7977|2184, 7979|2247, 8009|2310, 8035|2378, 8036|2561, 8037|3328, 8038|4207, 8044|4270, 8069|4353, 8090|4444, 8099|4772, 8125|4846, 8126|5596, 8129|5662, 8131|5745, 8134|5823, 8136|6124, 8148|6194, 8158|7266, 8179|7336, 8183|7988, 8207|8070, 8211|8156, 8221|8237, 8245|8315, 8247|8384, 8260|8547, 8261|8624, 8265|8695, 8301|8775, 8314|8867, 8317|8965, 8325|9047, 8327|9130, 8332|9610, 8343|9705, 8358|9807, 8364|9899, 8370|9976, 8373|10070, 8378|10154, 8380|10256, 8390|10389, 8391|10492, 8393|12706, de.spiegel.android.app.spon, 
8396|1499, 8400|1567, 8401|2198, 8402|2255, 8403|6952, com.whatsapp, 
8405|1704, 8408|1782, 8409|2055, 8413|2105, 8415|2165, 8425|2221, 8449|2288, 8471|2351, 8472|2542, 8473|3236, 8474|4092, 8477|4154, 8513|4253, 8524|4344, 8526|4578, 8532|4646, 8533|4789, 8535|4861, 8536|5652, 8539|5729, 8540|5798, 8543|5893, 8545|6288, 8551|6358, 8563|6433, 8573|6801, 8586|6874, 8588|7455, 8614|7562, 8616|7640, 8623|7713, 8624|7793, 8625|8182, 8629|8350, 8637|8441, 8657|8533, 8676|8609, 8677|8681, 8694|8972, 8703|9053, 8705|9144, 8707|9249, 8708|9463, 8721|9585, 8734|9689, 8738|9784, 8748|9876, 8756|9982, 8761|10084, 8771|10160, 8772|10253, 8774|10352, 8778|10414, 8788|10461, 8789|10565, de.spiegel.android.app.spon, 
8796|1242, 8802|1341, 8805|1433, 8806|1527, 8810|1650, 8812|1990, 8817|2049, 8818|2108, 8819|2155, 8820|2206, 8821|2263, 8826|2327, 8831|2384, 8832|2504, 8833|2641, 8834|2720, 8838|2855, 8839|5113, 8840|5195, 8846|5255, 8847|5368, 8851|5432, 8855|5486, 8856|6070, 8857|6121, 8868|6181, 8870|6245, 8871|6362, 8875|6419, 8880|10138, 8885|11401, 8886|11895, 8887|11964, 8889|12032, 8894|12097, com.airbnb.android, 
8895|991, 8897|1115, 8901|1679, 8902|1965, 8906|2034, 8916|2146, 8921|2214, 8965|2300, 8966|2515, 8972|2623, 8973|2869, 8975|3058, 8979|3509, 8983|3968, 8986|4053, 9032|4145, 9033|4253, 9037|4598, 9040|5248, 9042|5371, 9054|5482, 9057|5603, 9058|6857, 9081|7256, 9082|7831, 9091|7936, 9115|8042, 9145|8138, 9146|8216, 9147|8403, 9151|8494, 9187|8591, 9198|8697, 9200|8802, 9211|8917, 9213|9207, 9216|9545, 9223|9670, 9233|9774, 9242|9887, 9248|9997, 9249|10142, 9252|10261, 9260|10413, 9265|10485, 9266|10611, de.spiegel.android.app.spon, 
9267|1, 9269|660, 9270|727, 9271|796, 9272|1922, 9273|2049, 9278|2237, 9280|2304, 9281|2514, 9283|2831, 9284|2898, 9285|3037, 9286|3138, 9288|3218, 9302|3295, 9303|3382, 9313|3438, 9320|3501, 9322|3601, 9332|3691, 9335|3761, 9336|3841, 9342|3922, 9346|4002, 9348|4063, 9351|4130, 9352|4434, 9353|4506, 9375|5727, 9381|5791, 9382|5843, 9430|6491, 9432|7041, 9433|7095, 9434|7157, 9438|10148, 9440|10217, 9444|10279, de.zalando.mobile, 
9445|1710, 9449|1794, 9450|1905, 9453|2017, 9454|2103, 9455|2157, 9459|2220, 9461|2277, 9471|2368, 9472|2442, 9473|2537, 9474|2746, 9477|3236, 9480|3489, 9481|3578, 9482|3665, 9483|3736, 9488|3790, 9492|3853, 9496|3927, 9507|3991, 9515|4097, 9517|4197, 9521|4309, 9541|4455, 9547|4555, 9553|4669, 9555|4737, 9559|4795, 9562|4853, 9563|4911, 9567|5050, 9569|5232, 9576|10317, 9578|10428, com.moshbit.studo, 
9579|1800, 9580|2231, 9587|2422, 9588|2644, 9589|2887, 9591|2973, 9597|3065, 9600|3141, 9608|3210, 9609|3305, 9620|3407, 9622|3486, 9628|3569, 9630|3637, 9631|3698, 9680|3783, 9708|3905, 9712|4553, 9713|4622, 9717|10538, 9719|10606, 9721|10682, de.zalando.mobile, 
9722|3517, 9727|3641, 9762|3833, 9763|4267, 9764|4342, 9769|4433, 9771|4536, 9772|5949, 9773|6042, 9780|6270, 9781|7918, 9783|7991, 9787|8078, 9792|8226, 9794|8299, 9795|10014, 9797|10082, 9798|11149, org.chromium.chrome, 
9800|2663, 9804|2782, 9809|2900, 9815|3058, 9819|3302, 9823|3437, 9827|3659, 9828|3765, 9833|3845, 9835|3916, 9836|4416, 9838|4508, 9840|4584, 9844|4669, 9847|4744, 9850|4826, 9883|5616, 9887|6271, 9891|6360, 9894|6487, 9895|6563, 9897|10733, 9906|10826, com.waze, 
9907|2548, 9911|2644, 9912|2776, 9918|2889, 9922|3132, 9926|3373, 9930|3467, 9935|3642, 9938|3729, 9939|4228, 9941|4363, 9973|5457, 9977|6151, 9983|6224, 9986|6351, 9987|6421, 9989|10796, 9997|10864, com.waze, 
9999|2232, 10003|2329, 10007|2529, 10008|2672, 10010|2753, 10011|2905, 10013|3099, 10018|3209, 10021|3309, 10025|3530, 10026|4015, 10027|4223, 10028|4318, 10029|5686, 10031|10866, com.duckduckgo.mobile.android, 
10032|2399, 10033|2472, com.whatsapp, 
10034|2432, 10037|3140, 10039|3211, 10040|6792, 10041|6927, 10042|6994, 10048|7065, 10052|7665, 10053|7735, 10054|7878, 10057|8250, 10058|8396, com.whatsapp, 
10059|2888, 10060|3109, 10067|3406, 10068|3820, 10070|4001, 10072|5278, 10073|5334, 10078|5456, 10082|5574, 10085|5629, 10086|5735, 10088|5793, 10090|5854, 10091|5920, 10093|5975, 10094|6159, 10095|6653, 10096|6775, 10097|6831, 10098|6887, 10100|7070, 10102|10710, 10106|10772, com.twitter.android, 
10107|2199, 10117|2284, 10122|2352, 10123|2469, 10125|2831, 10129|10367, com.instagram.android, 
10130|1201, 10135|1276, 10136|1378, 10137|1455, 10140|1519, 10144|1574, 10146|1647, 10147|1698, 10148|1762, 10151|2066, 10159|2138, 10165|2216, 10167|2272, 10168|2330, 10169|2407, 10171|2489, 10173|2627, 10186|2700, 10187|2775, 10189|2882, 10190|2960, 10192|3026, 10193|3360, 10195|3845, 10196|4268, 10200|4338, 10201|4426, 10204|4502, 10205|4586, 10211|4659, 10216|4757, 10219|4844, 10220|4939, 10223|5330, 10229|5418, 10235|5547, 10236|5635, 10239|5702, 10243|5770, 10244|5938, 10245|5988, 10250|6041, 10251|6303, 10252|6439, 10257|10038, 10265|10088, 10267|10140, 10268|10610, de.mcdonalds.mcdonaldsinfoapp, 
10269|2500, 10299|2626, 10310|2743, 10311|2852, 10318|2969, 10319|3835, 10320|3931, 10325|4017, 10327|4105, 10329|5671, 10330|6911, 10331|6961, 10334|7018, 10336|7087, 10341|7140, 10343|7244, 10346|9035, 10347|10062, org.chromium.chrome, 
10348|1866, 10349|1925, 10352|8111, 10354|11408, 10356|11462, com.whatsapp, 
10358|1530, 10362|1643, 10366|1828, 10367|1960, 10369|2035, 10370|2121, 10372|2279, 10379|2370, 10380|2467, 10382|2535, 10386|2630, 10387|3023, 10388|3130, 10389|4258, 10391|10142, com.duckduckgo.mobile.android, 
10392|1755, 10397|1851, 10403|2024, 10408|2189, 10409|2324, 10410|2740, 10414|3021, 10416|3320, 10417|3394, 10423|3492, 10426|3574, 10427|3660, 10430|3832, 10431|4290, 10462|4367, 10468|4460, 10474|4569, 10496|4638, 10504|4715, 10505|6029, 10506|6098, 10510|6177, 10516|6252, 10525|6316, 10526|6389, 10542|7217, 10548|7316, 10552|7434, 10553|7571, 10559|7684, 10560|7760, 10561|7822, 10562|7888, 10566|7976, 10571|8050, 10576|8113, 10579|8175, 10593|8246, 10601|8324, 10609|8384, 10614|8456, 10616|8610, 10618|8823, 10619|9007, 10626|9070, 10627|9143, 10628|10055, 10632|10371, 10645|10427, 10647|10606, org.mozilla.firefox, 
10648|1942, com.whatsapp, 
10650|1533, 10654|1614, 10658|1789, 10659|1917, 10661|1976, 10662|2113, 10664|2195, 10665|2277, 10666|2467, 10671|2567, 10672|2668, 10677|2757, 10678|2835, 10679|2899, 10680|3027, 10682|4279, 10683|4609, 10685|10199, com.duckduckgo.mobile.android, 
10686|1634, 10690|1712, 10692|1835, 10694|1895, 10695|2013, 10697|2085, 10698|2186, 10704|2260, 10705|2342, 10708|2425, 10714|2501, 10715|2929, 10716|3063, 10717|4009, 10719|10199, com.duckduckgo.mobile.android, 
10720|1688, 10761|1835, 10805|1956, 10815|2090, 10852|2230, 10873|2322, 10882|2395, 10887|2510, 10890|3204, 10891|5878, 10892|5987, 10893|6100, 10920|6225, 10923|6285, 10969|6338, 10978|6390, 10984|6446, 10987|6771, 10988|6829, 10992|6900, 10996|6960, 10999|7024, 11003|7099, 11004|7148, 11008|7199, 11011|7252, 11012|7307, 11016|7357, 11019|7408, 11020|7461, 11024|7512, 11044|10096, com.fsck.k9, 
11046|1519, 11050|1610, 11051|1670, 11052|1732, 11053|1818, 11054|2188, 11064|2296, 11086|2397, 11087|2490, 11091|2625, 11092|2728, 11095|2797, 11102|2921, 11103|2986, 11104|3048, 11106|3130, 11107|3191, 11108|3264, 11110|3345, 11113|3412, 11118|3484, 11120|3558, 11121|5381, 11123|8183, 11126|8249, 11131|8311, 11133|8379, 11135|8481, 11138|8950, 11142|9031, 11143|9187, 11144|9260, 11147|10007, 11158|10211, 11160|10337, 11161|10628, 11165|10686, 11166|11035, 11167|11094, 11168|11171, de.prosiebensat1digital.prosieben, 
11170|1885, 11171|1949, 11172|2016, 11176|2088, 11177|2150, 11184|2223, 11188|2293, 11192|2357, 11196|2429, 11198|2540, 11201|2600, 11202|2661, 11203|2721, 11204|3646, 11206|5148, 11218|5231, 11222|5295, 11223|5410, 11230|5494, 11231|5815, 11232|5893, 11235|5959, 11236|6086, 11242|6219, 11246|6375, 11249|6433, 11256|6857, 11264|6937, 11265|7508, 11267|10321, 11271|10373, 11273|10434, com.paypal.android.p2pmobile, 
11274|2222, 11282|2500, 11284|2588, 11288|2656, 11289|2712, 11290|2906, 11293|3471, 11301|3561, 11310|3634, 11313|3735, 11314|3796, 11319|3879, 11322|4268, 11324|4340, 11327|4407, 11328|4545, 11329|5686, 11331|7192, 11335|7334, 11336|7398, 11337|7527, 11342|7678, 11343|7844, 11351|7911, 11353|8001, 11355|8066, 11359|8155, 11363|8215, 11366|8290, 11367|8370, 11368|8441, 11370|8512, 11372|8658, 11373|8735, 11374|8807, 11375|8879, 11376|8948, 11381|9021, 11385|9084, 11389|9162, 11394|9255, 11398|9343, 11400|9444, 11404|10432, 11410|10501, org.zwanoo.android.speedtest, 
11413|1495, 11414|1576, 11433|2073, 11440|2340, 11447|2438, 11449|2560, 11451|2636, 11454|2833, 11464|2930, 11465|4924, 11466|5027, 11467|5773, 11469|6718, 11473|6830, 11501|6927, 11547|7042, 11548|7145, 11550|7643, 11551|7731, 11552|8213, 11556|8308, 11557|8397, 11558|8491, 11560|9184, 11563|9501, 11565|9594, 11567|10559, 11568|10684, 11576|10901, 11579|11062, 11589|11190, 11592|11266, 11594|11331, de.prosiebensat1digital.prosieben, 
11595|2845, 11600|2939, 11601|3017, 11602|3091, 11603|3165, 11606|3488, 11611|3648, 11615|3875, 11619|4059, 11623|4294, 11624|4398, 11630|4478, 11631|4547, 11634|5057, 11640|5159, 11645|5230, 11646|5335, 11647|5504, 11648|5589, 11649|6474, 11652|6556, 11655|6644, 11660|6712, 11667|6790, 11689|6887, 11692|7639, 11694|7705, 11698|7773, 11703|7852, 11706|7923, 11707|7993, 11718|11040, com.waze, 
11723|1690, 11724|1830, 11725|1929, 11738|2657, 11741|2799, 11761|3004, 11764|3115, 11774|3320, 11775|3423, 11778|3525, 11779|3620, 11782|3751, 11790|3942, 11792|4057, 11793|5686, 11797|8140, 11798|8281, 11799|8788, 11803|8903, 11804|8983, 11805|9074, 11806|10118, 11807|10219, 11815|11042, 11817|11122, 11818|11442, 11820|11774, 11822|11845, de.prosiebensat1digital.prosieben, 
11823|1548, 11835|1690, 11840|1840, 11841|1961, 11844|2129, 11846|2638, 11851|2703, 11852|2773, 11856|2848, 11862|2918, 11864|2994, 11868|3084, 11869|3251, 11870|3360, 11873|3450, 11874|5700, 11881|5852, 11882|5942, 11886|6034, 11890|6127, 11892|7202, 11904|7270, 11906|7344, 11907|7411, 11910|7493, 11915|10894, 11920|12395, 11922|13140, 11925|13282, 11929|13435, 11930|13842, 11931|13917, 11932|14021, com.airbnb.android, 
11938|2548, 11941|2680, 11948|2790, 11950|2939, 11951|3085, 11958|3226, 11962|3328, 11963|3415, 11967|3497, 11968|3637, 11969|4569, 11975|4646, 11976|5274, 11979|5946, 11981|6034, 11988|6594, 11989|6693, 11996|7379, 11997|7464, 12003|8038, 12007|8532, 12008|8627, 12014|10728, org.indywidualni.fblite, 
12015|310, 12016|379, 12017|456, 12018|2372, com.whatsapp, 
12019|2069, 12024|2196, 12026|2367, 12028|2453, 12029|2528, 12031|2617, 12032|2772, 12033|2887, 12039|2993, 12040|3088, 12042|3219, 12046|3316, 12047|3851, 12048|4013, 12049|4132, 12050|5538, 12052|10986, com.duckduckgo.mobile.android, 
12053|2200, 12054|2343, 12061|2497, 12067|3003, 12069|3072, 12071|3156, 12077|3241, 12078|3407, 12079|3473, 12080|3548, 12082|4078, 12088|4176, 12092|4269, 12095|4356, 12098|4438, 12103|4862, 12106|4939, 12107|5033, 12108|7771, 12112|7854, 12113|7936, 12114|8023, 12115|8104, 12121|8527, 12122|8629, 12130|8714, 12131|8790, 12134|8875, 12138|8965, 12143|9042, 12145|9128, 12148|9222, 12150|9311, 12151|9413, 12152|9504, 12154|9598, 12159|9705, 12163|9795, 12168|9904, 12174|10016, 12177|10137, 12187|10963, org.zwanoo.android.speedtest, 
12188|2143, 12193|2254, 12200|2542, 12205|2753, 12206|2864, 12207|3223, 12211|3613, 12212|3866, 12213|4210, 12214|4311, 12216|4398, 12221|4494, 12223|4583, 12224|4671, 12228|5183, 12234|5545, 12267|5628, 12272|5739, 12277|5829, 12288|5927, 12318|6023, 12333|6110, 12336|6205, 12350|6290, 12353|6380, 12354|7784, 12356|8142, 12357|8537, 12365|8617, 12366|8694, 12372|9379, 12380|9505, 12382|9613, 12383|9798, 12384|10053, 12390|10493, 12391|10597, 12398|10708, 12408|10837, 12416|10931, 12424|11083, 12441|11217, 12443|11388, org.mozilla.firefox, 
12449|2373, 12454|2558, com.isis_papyrus.raiffeisen_pay_eyewdg, 
12457|1543, 12471|1703, 12472|1842, 12473|1940, 12477|2051, 12478|2782, 12484|2843, 12485|2921, 12489|3003, 12494|3069, 12497|3137, 12498|3201, 12501|3275, 12502|3410, 12507|3762, 12509|5920, 12515|5995, 12516|6094, 12520|6183, 12524|6256, 12525|6335, 12527|7332, 12538|7398, 12542|7469, 12546|7542, 12550|10790, 12552|10856, 12554|11978, 12558|12091, 12560|12669, 12565|12772, 12570|12840, 12572|12919, com.airbnb.android, 
12575|1410, 12579|1497, 12580|1610, 12581|1738, 12598|1920, 12601|2143, 12602|2234, 12613|2365, 12621|2481, 12631|2574, 12632|2683, 12633|2810, 12636|2912, 12638|3351, 12650|3446, 12652|3538, 12655|3649, 12660|3770, 12665|4084, 12666|6217, 12672|6358, 12673|6480, 12680|6575, 12681|7608, 12691|7692, 12696|7781, 12698|7867, 12702|7955, 12711|10858, 12713|12177, 12717|12302, 12718|12926, 12725|13032, com.airbnb.android, 
12726|2275, 12727|2588, 12728|2684, 12729|2774, 12737|2890, 12738|3208, 12739|3512, 12745|3872, 12746|4280, 12754|4402, 12755|4526, 12760|4616, 12768|4763, 12776|4860, 12783|5092, 12788|5238, 12796|5361, 12871|5527, 12872|5661, 12877|6005, 12884|6693, 12890|7348, 12892|7426, 12893|7599, 12896|7683, 12898|8274, 12899|8371, 12905|10860, 12907|10939, 12909|14008, de.zalando.mobile, 
12910|1, 12911|84, 12912|2164, 12913|2367, 12920|2610, 12921|2818, 12924|2960, 12930|3054, 12933|3147, 12937|3251, 12938|3344, 12940|3497, 12942|4045, 12952|4150, 12958|4404, 12963|4936, 12967|5053, 12969|7873, 12973|7958, 12974|8121, 12975|8198, 12981|8519, 12982|8705, 12991|8791, 12995|8880, 13000|8963, 13004|9053, 13006|9134, 13008|9210, 13010|9289, 13011|9369, 13012|9459, 13014|9554, 13020|9669, 13026|9796, 13032|9931, 13036|10018, 13046|11065, org.zwanoo.android.speedtest, 
13048|3645, 13079|3790, 13087|3910, 13088|4021, 13094|4127, 13096|4259, 13097|5360, 13098|5433, 13105|5597, 13106|7962, 13107|8042, 13111|8113, 13112|8192, 13118|8255, 13119|8392, 13122|10152, 13123|10852, org.chromium.chrome, 
13129|3195, 13156|3313, 13164|3435, 13165|3577, 13171|3675, 13173|3774, 13174|4803, 13175|4869, 13180|4996, 13182|5180, 13183|7511, 13184|7576, 13188|7650, 13191|7795, 13196|7864, 13197|7937, 13200|9648, 13201|10842, org.chromium.chrome, 
13203|1982, 13207|2102, 13210|2310, 13211|2391, 13212|2467, 13214|2548, 13215|2632, 13216|2795, 13222|2992, 13225|3090, 13229|3364, 13230|3639, 13231|3805, 13232|3878, 13233|5432, 13234|9590, 13235|11035, 13236|11101, com.duckduckgo.mobile.android, 
13242|2234, 13243|2360, 13247|2450, com.isis_papyrus.raiffeisen_pay_eyewdg, 
13253|2823, 13254|2976, 13256|3051, 13258|3389, 13263|3500, 13267|3723, 13271|3910, 13275|4080, 13277|4198, 13289|4289, 13293|4381, 13295|4460, 13296|4951, 13298|5038, 13300|5138, 13302|5409, 13303|6238, 13306|6509, 13309|6591, 13310|6664, 13322|6729, 13343|6828, 13344|7227, 13347|7534, 13349|7606, 13353|7671, 13357|7745, 13360|7880, 13361|7959, 13372|10831, com.waze, 
13373|2468, 13378|2557, 13380|2667, 13382|2753, 13386|2861, 13387|2948, 13388|3053, 13390|3227, 13397|3312, 13399|3374, 13401|3462, 13403|3527, 13404|3608, 13407|10736, 13410|10811, 13411|11086, 13412|11439, org.indywidualni.fblite, 
13413|2238, 13414|2323, 13421|2469, 13422|2775, 13423|3176, 13425|3818, 13432|3903, 13438|3970, 13440|4032, 13444|4105, 13446|4214, 13450|4322, 13461|4402, 13464|4469, 13468|4545, 13543|5124, 13544|5220, 13545|7353, 13546|7425, 13552|10747, 13554|10827, 13555|12112, 13556|12191, 13562|12264, 13563|12485, 13566|12552, 13567|12618, 13568|12711, 13572|12920, 13573|13123, de.zalando.mobile, 
13574|1791, 13579|1894, 13581|2115, 13582|2231, 13584|2310, 13590|2388, 13591|2462, 13592|2545, 13601|3144, 13604|3232, 13611|3350, 13613|3446, 13614|3632, 13617|3749, 13630|3860, 13633|3968, 13636|4058, 13637|4154, 13638|4945, 13639|5135, 13640|6328, 13646|6403, 13647|6508, 13648|6605, 13650|6752, 13663|6881, 13665|7021, 13667|7113, 13669|7226, 13674|7325, 13680|7436, 13685|7583, 13691|7710, 13698|8031, 13700|8140, 13701|8228, 13702|8327, 13709|8450, 13715|8534, 13717|8677, 13719|8890, 13724|8961, 13735|10893, 13737|10961, 13739|11028, de.mcdonalds.mcdonaldsinfoapp, 
13744|2418, 13749|2545, 13753|2626, 13754|2750, 13756|2856, 13762|2960, 13766|3043, 13767|3111, 13768|3179, 13771|3248, 13773|3354, 13776|10739, 13779|10811, org.indywidualni.fblite, 
13780|2590, 13781|2659, com.whatsapp, 
13783|827, 13785|1202, 13788|2021, 13821|2151, 13871|2300, 13883|2485, 13924|2664, 13945|2776, 13946|2937, 13952|3001, 13956|6715, 13960|6778, 13964|6846, 13968|6912, 13972|6977, 13976|7042, 13980|7108, 13984|7182, 13988|7244, 13992|7311, 13993|10776, 14013|10869, com.fsck.k9, 
14015|579, 14017|2342, 14023|2433, 14026|2534, 14027|2616, 14031|2718, 14032|2803, 14038|2936, 14042|3019, 14044|3086, 14047|3156, 14049|3250, 14055|10718, 14057|12598, 14059|12657, org.indywidualni.fblite, 
14073|1636, 14077|1740, 14081|1862, 14085|2005, 14086|2493, 14087|2595, 14093|2660, 14094|2733, 14096|2810, 14103|2879, 14107|2960, 14108|3037, 14109|3223, 14110|3313, 14113|3405, 14115|5676, 14121|5789, 14122|5861, 14126|5945, 14130|6025, 14131|6874, 14141|6945, 14144|7014, 14146|7085, 14147|7158, 14151|7232, 14156|10860, 14161|12018, 14162|12737, 14164|12824, 14166|12922, 14171|13022, 14175|13096, com.airbnb.android, 
14177|1624, 14178|1786, 14180|1987, 14181|2095, 14185|2204, 14187|2303, 14189|2395, 14191|2507, 14194|2647, 14197|2785, 14203|2892, 14205|3006, 14209|3133, 14212|3487, 14217|3585, 14218|3703, 14219|3947, 14223|4608, 14228|5198, 14229|5283, 14232|5711, 14237|5781, 14242|6350, 14243|6494, 14246|6562, 14248|10757, com.duckduckgo.mobile.android, 
14249|2011, com.whatsapp, 
14250|1873, 14251|2112, 14258|2239, 14259|2528, 14260|2765, 14261|2924, 14264|3104, 14270|3196, 14272|3270, 14281|3343, 14287|3439, 14289|3506, 14301|3624, 14303|3701, 14313|3812, 14315|3893, 14318|3969, 14367|4039, 14396|4124, 14397|6703, 14398|6820, 14402|10263, 14404|10327, 14406|10389, de.zalando.mobile, 
14408|2507, 14417|2599, 14422|2684, 14423|2744, 14425|2863, 14429|10464, com.instagram.android, 
14430|2016, 14437|2522, 14438|2736, 14439|2914, 14441|3105, 14447|3192, 14449|3265, 14457|3325, 14458|3407, 14460|3471, 14469|3567, 14471|3625, 14476|3685, 14479|3757, 14481|3818, 14557|4072, 14559|4165, 14561|4440, 14562|4542, 14566|10094, 14568|10147, 14570|10203, de.zalando.mobile, 
14571|1200, 14572|1266, 14576|1387, 14578|1464, 14580|1523, 14586|1586, 14587|1643, 14588|1720, 14589|2018, 14595|2100, 14597|2151, 14601|2226, 14603|2306, 14608|2400, 14610|2468, 14616|2564, 14627|2650, 14630|2721, 14631|2787, 14633|2851, 14634|3388, 14635|3536, 14636|4238, 14637|4287, 14641|4354, 14642|4421, 14644|4497, 14645|4571, 14653|4654, 14658|4751, 14659|4841, 14662|4932, 14668|5036, 14673|5157, 14678|5289, 14679|5446, 14687|5591, 14693|5677, 14694|5758, 14696|5824, 14702|5876, 14709|5976, 14710|6024, 14715|6079, 14716|6142, 14717|6454, 14729|10036, 14731|10141, de.mcdonalds.mcdonaldsinfoapp, 
14733|1900, 14739|1980, 14741|2049, 14745|2215, 14746|2286, 14747|2369, 14749|2426, 14750|2479, 14754|2533, 14758|2583, 14759|2631, 14760|2686, 14763|2739, 14764|2793, 14767|9990, 14770|10038, org.indywidualni.fblite, 
14772|1471, 14776|1545, 14777|1632, 14779|1718, 14781|1896, 14782|1954, 14785|2006, 14787|2065, 14796|2126, 14799|2198, 14801|2317, 14802|2496, 14806|3034, 14809|3113, 14810|3188, 14811|3281, 14812|3366, 14817|3420, 14821|3479, 14823|3536, 14830|3587, 14845|3647, 14847|3746, 14853|3867, 14855|3976, 14862|4072, 14883|4176, 14884|4280, 14885|4337, 14886|4402, 14889|4458, 14891|4516, 14892|4569, 14893|4620, 14896|4677, 14897|9857, 14899|9982, 14903|10149, 14905|10252, com.moshbit.studo, 
14906|1681, 14911|1780, 14917|1935, 14922|2059, 14923|2424, 14924|2895, 14928|3202, 14929|3299, 14931|3401, 14937|3484, 14939|3556, 14940|3642, 14941|3717, 14944|3805, 14950|4263, 14976|4344, 14980|4428, 14986|4509, 15026|4582, 15037|4673, 15057|4739, 15061|4809, 15062|4869, 15063|4921, 15064|4980, 15066|6108, 15068|6175, 15075|6565, 15076|6623, 15078|7186, 15087|7269, 15089|7369, 15093|7440, 15094|7552, 15095|7694, 15101|7841, 15104|7930, 15118|7995, 15120|8063, 15132|8145, 15146|8216, 15153|8300, 15162|8413, 15163|8528, 15164|9458, 15168|9778, 15183|10328, 15185|10544, org.mozilla.firefox, 
15186|1847, 15217|2525, 15227|2667, 15229|2771, 15235|2864, 15237|2954, 15238|3783, 15244|3891, 15246|3995, 15247|5713, 15248|5771, 15254|5822, 15255|5993, 15256|6054, 15257|6115, 15258|6330, 15259|6393, 15260|6511, 15263|6912, 15265|6968, 15270|7031, 15271|7098, 15273|7151, 15277|7207, 15278|7258, 15281|9073, 15282|10066, org.chromium.chrome, 
15283|2133, 15288|2209, 15289|2323, 15290|2377, 15291|2447, 15292|2658, 15295|2734, 15299|2818, 15303|2989, 15307|3144, 15311|3240, 15315|3309, 15318|3369, 15319|3432, 15320|3821, 15322|3887, 15328|3952, 15330|4026, 15333|4081, 15334|4155, 15335|4306, 15336|4396, 15340|4915, 15343|4970, 15344|5078, 15349|5136, 15370|5190, 15378|5267, 15381|5708, 15383|5760, 15387|5814, 15391|5865, 15392|5926, 15395|5978, 15396|6084, 15398|9963, 15407|10023, com.waze, 
15409|1981, 15415|2079, 15417|2161, 15422|2243, 15423|2352, 15424|2419, 15426|2492, 15431|2549, 15433|2599, 15435|2647, 15437|2703, 15440|2759, 15442|2821, 15448|10112, org.indywidualni.fblite, 
15449|2000, 15453|2100, 15454|2438, 15457|2527, 15460|2598, 15477|2735, 15517|2827, 15518|2900, 15519|3346, 15520|4905, 15524|4982, 15563|5098, 15572|5246, 15578|5330, 15579|5415, 15592|5502, 15593|5793, 15595|5878, 15596|5954, 15599|6037, 15600|6112, 15606|6757, 15611|6864, 15616|7046, 15641|8417, 15668|8516, 15669|8627, 15673|8858, 15674|8930, 15676|9017, 15683|9115, 15706|9228, 15713|9311, 15714|9404, 15737|9496, 15738|10037, 15742|10119, 15760|10209, 15782|10295, 15793|10397, 15795|10492, 15806|10675, 15807|10789, de.spiegel.android.app.spon, 
15808|2148, 15812|2237, 15819|2437, 15824|2595, 15828|2785, 15832|2957, 15838|3042, 15840|3112, 15841|3614, 15842|3673, 15843|3737, 15853|4662, 15876|4735, 15880|5263, 15885|5320, 15891|5457, 15892|5515, 15893|5576, 15895|10247, 15903|10304, 15905|12614, com.waze, 
15908|1938, 15912|2132, 15922|2298, 15926|2442, 15933|2541, 15935|2613, 15939|2909, 15940|2992, 15947|10804, 15948|12963, 15949|13193, 15956|13354, de.pilot.newyorker.android, 
15957|80, 15962|163, 15964|308, 15966|380, 15967|524, 15979|596, 15982|683, 15983|760, 15985|5886, 15986|5951, 15991|6023, 15995|6174, 15997|6249, 15998|6312, 16001|6378, 16004|6478, 16007|6556, 16008|6704, 16010|10957, 16012|11032, com.twitter.android, 
16013|1755, 16018|1854, 16023|2121, 16027|2228, 16028|2302, 16030|2371, 16040|2446, 16041|2525, 16042|2681, 16043|2771, 16044|2839, 16045|3202, 16047|3270, 16049|3828, 16051|3945, 16052|4055, 16057|4160, 16063|4231, 16064|4306, 16084|4400, 16085|4620, 16089|4760, 16091|4876, 16113|5034, 16120|5159, 16124|5263, 16125|5335, 16127|5412, 16128|10703, 16133|10780, 16135|10843, com.moshbit.studo, 
16136|1914, 16141|2031, 16142|2122, 16143|2221, 16147|3002, 16173|3204, 16178|3329, 16185|3540, 16192|3710, 16194|3816, 16195|3905, 16197|3998, 16199|4095, 16204|4178, 16208|4293, 16209|4465, 16210|6188, 16213|9358, 16219|9444, 16222|9532, 16224|9620, 16226|10154, 16228|10263, 16232|10371, 16233|10559, 16234|10687, 16242|11327, 16244|11468, 16245|11802, 16249|11873, 16250|12285, 16251|12361, 16252|12458, de.prosiebensat1digital.prosieben, 
16253|5298, 16258|5365, 16260|5514, 16264|5581, 16266|5655, 16269|5800, 16271|5867, 16272|5932, 16274|6010, 16275|6161, 16277|10863, 16279|10950, com.twitter.android, 
16283|1696, 16291|1855, 16298|2055, 16299|2182, 16303|2292, 16304|2898, 16310|2973, 16311|3050, 16314|3130, 16316|3196, 16325|3275, 16327|3361, 16328|3643, 16333|4121, 16335|4284, 16336|6041, 16343|6146, 16344|6333, 16352|6431, 16354|7529, 16363|7596, 16367|7666, 16369|7733, 16373|7802, 16374|9252, 16379|10844, 16381|12218, 16384|12336, 16386|12924, 16388|13006, 16389|13099, 16393|13284, com.airbnb.android, 
16394|1409, 16396|1517, 16398|2226, 16402|2389, 16413|2635, 16414|3234, 16415|3378, 16419|3815, 16420|4415, 16423|4726, 16436|4921, 16439|5059, 16442|5191, 16443|5326, 16473|5558, 16483|5716, 16489|5884, 16518|5988, 16521|6350, 16523|6489, 16524|7203, 16531|7319, 16535|8036, 16536|8298, 16543|8413, 16550|8557, 16553|8662, 16561|8808, 16562|8911, 16571|9306, 16585|9414, 16592|9563, 16604|9703, 16608|9853, 16620|10468, 16639|10591, 16643|10694, 16644|10960, 16659|11097, 16664|11216, 16665|11356, 16679|11454, 16681|11555, 16683|11649, 16686|14064, 16687|14133, org.mozilla.firefox, 
16692|1614, 16693|1762, 16695|1949, 16697|2036, 16703|2140, 16705|2245, 16707|2633, 16714|2763, 16720|2876, 16722|3015, 16724|3151, 16726|3409, 16730|3524, 16734|3652, 16745|3768, 16747|3875, 16749|3986, 16750|4583, 16751|4734, 16753|5762, 16757|5872, 16758|5977, 16762|6136, 16773|6241, 16775|6347, 16776|6430, 16777|6636, 16780|7132, 16790|7242, 16792|7355, 16793|7466, 16798|7569, 16799|7675, 16800|7872, 16801|7950, 16807|8056, 16808|8208, 16809|8432, 16811|10737, 16822|10805, 16824|10872, de.mcdonalds.mcdonaldsinfoapp, 
16826|2457, 16830|2565, 16835|2640, 16836|2727, 16842|2865, 16843|2952, 16845|3046, 16850|3136, 16854|3208, 16856|3274, 16858|3345, 16860|3413, 16862|3495, 16868|10803, org.indywidualni.fblite, 
16870|2212, 16871|2300, 16876|2400, 16884|2501, 16887|2586, 16890|2667, 16893|2755, 16896|2833, 16898|2909, 16902|3057, 16903|3120, 16919|6261, 16921|6357, 16929|6543, 16933|7558, 16936|7625, 16942|7947, 16943|8045, 16945|8601, 16949|10845, 16951|10908, 16952|10979, com.paypal.android.p2pmobile, 
16955|1605, 16958|1672, 16961|1742, 16963|1885, 16964|2091, 16973|2211, 16995|2571, 16997|2682, 16999|2779, 17008|2885, 17009|3027, 17011|3124, 17014|3296, 17015|3396, 17017|3589, 17026|3697, 17027|3872, 17028|5230, 17032|8665, 17033|8984, 17034|9305, 17038|9388, 17039|9587, 17040|9697, 17044|10908, 17051|11392, 17053|11475, 17055|11897, 17059|11985, 17060|12321, 17062|12408, de.prosiebensat1digital.prosieben, 
17064|2003, 17068|2141, 17074|2348, 17079|2556, 17080|2827, 17081|3034, 17085|3535, 17086|3758, 17087|4206, 17089|4490, 17101|4602, 17125|4719, 17134|4844, 17143|4953, 17177|5055, 17194|5160, 17200|5267, 17201|5363, 17204|5450, 17205|5527, 17207|7206, 17214|8034, 17215|8129, 17220|8348, 17227|8445, 17230|8519, 17231|8611, 17232|8759, 17233|8952, 17235|9080, 17241|9170, 17250|9253, 17251|9332, 17253|9432, 17262|9545, 17270|9663, 17274|9736, 17277|9807, 17286|10156, 17290|10490, 17291|10770, 17305|10859, 17307|11085, org.mozilla.firefox, 
17308|2493, 17309|2720, 17316|2886, 17317|3187, 17318|3435, 17319|4251, 17326|4351, 17327|4440, 17331|4505, 17338|4591, 17340|4690, 17352|4809, 17357|4893, 17360|4973, 17363|5045, 17364|5127, 17380|5226, 17439|5358, 17440|5443, 17443|8003, 17444|8074, 17446|10856, 17450|10949, 17452|11022, de.zalando.mobile, 
17454|2045, 17466|2190, 17472|2335, 17479|2437, 17482|3023, 17485|9623, 17486|9695, 17490|10789, 17491|12948, 17498|13089, 17499|13937, de.pilot.newyorker.android, 
17504|1, 17506|236, 17508|326, 17518|496, 17522|589, 17523|1004, 17524|1225, 17525|2296, 17526|2439, 17533|2585, 17534|2813, 17535|3118, 17537|3744, 17543|3845, 17551|3913, 17553|3989, 17558|4080, 17559|4175, 17568|4280, 17575|4375, 17577|4444, 17579|4516, 17618|4804, 17655|4900, 17658|5353, 17659|5425, 17665|10791, 17667|10861, 17668|12214, 17669|12286, 17675|12358, 17677|12580, 17679|12666, 17680|12736, 17681|12811, 17685|13176, 17686|13242, de.zalando.mobile, 
17688|2361, 17689|2445, 17692|2539, 17694|2834, 17696|2923, 17697|2990, 17704|3062, 17745|3144, 17755|3225, 17756|3299, 17757|3981, 17761|5797, 17791|5895, 17808|6010, 17812|6125, 17815|6649, 17817|7833, 17820|7931, 17822|8025, 17825|8119, 17835|9920, 17848|10038, 17849|10889, 17854|11026, 17856|11131, 17860|11195, 17861|11265, de.spiegel.android.app.spon, 
17862|2291, 17863|2454, 17870|2606, 17871|2839, 17873|3017, 17874|3113, 17879|3211, 17881|3729, 17883|4240, 17895|4388, 17904|4539, 17907|4605, 17912|4706, 17913|4776, 17914|4864, 17916|5270, 17919|5373, 17922|5454, 17923|5531, 17924|5779, 17926|8266, 17930|8390, 17931|8466, 17932|8542, 17937|8868, 17945|9040, 17948|9122, 17952|9212, 17958|9294, 17962|9375, 17964|9460, 17966|9547, 17968|9639, 17969|9738, 17971|9832, 17975|9967, 17980|10060, 17984|10151, 17991|10256, 17994|10361, 17996|10473, 18006|11007, org.zwanoo.android.speedtest, 
18007|2198, 18011|2282, 18012|2610, 18013|2701, 18017|2778, 18018|2853, 18048|2934, 18074|3022, 18075|3094, 18076|3601, 18079|5343, 18123|5434, 18127|5569, 18128|7465, 18133|7565, 18136|7668, 18137|8610, 18138|9360, 18161|9481, 18165|9654, 18173|10525, 18181|10667, 18207|10769, 18208|10882, 18212|11292, 18213|11431, de.spiegel.android.app.spon, 
18219|1530, 18230|1651, 18232|1756, 18233|1885, 18236|2075, 18238|2427, 18244|2503, 18248|2646, 18255|2753, 18256|2814, 18260|2880, 18261|3105, 18266|3503, 18267|4754, 18268|5393, 18275|5516, 18276|5636, 18284|5743, 18286|6936, 18297|7005, 18301|7077, 18302|7150, 18306|7216, 18307|9882, 18314|10854, 18315|11772, 18320|11857, 18321|12460, 18322|12542, 18324|12638, 18330|12759, 18334|12923, com.airbnb.android, 
18335|293, 18338|417, 18339|1083, 18341|1209, 18342|1903, 18347|2095, 18354|2446, 18359|2658, 18360|3022, 18362|3191, 18366|3329, 18368|3679, 18374|3834, 18375|3993, 18376|4243, 18377|4516, 18383|4644, 18385|4768, 18388|4874, 18418|5018, 18424|5155, 18443|5279, 18492|5416, 18503|5553, 18511|5700, 18514|5826, 18521|6032, 18522|6156, 18530|7025, 18532|7523, 18536|7891, 18538|7985, 18539|8237, 18549|8373, 18560|8752, 18564|8865, 18565|8995, 18566|9139, 18567|9309, 18571|9681, 18580|9796, 18584|9926, 18594|10086, 18604|10222, 18612|10358, 18616|10616, 18621|10738, 18636|11089, 18637|11174, 18639|11409, org.mozilla.firefox, 
18640|2231, 18645|2329, 18653|2443, 18658|2567, 18664|2689, 18669|2837, 18671|2989, 18675|5993, 18689|6084, 18690|6286, 18699|6381, 18703|7464, 18706|7531, 18719|8007, 18720|8098, 18722|8593, 18728|10751, 18730|10822, com.paypal.android.p2pmobile, 
18736|2058, 18737|2207, 18740|2314, 18741|2397, 18748|2609, 18749|2840, 18751|3015, 18755|4886, 18757|4966, 18766|5047, 18771|5110, 18773|5177, 18779|5319, 18780|5580, 18781|5795, 18787|10977, 18789|11061, 18795|11528, 18796|12534, 18798|12672, com.tripadvisor.tripadvisor, 
18803|2398, 18804|2523, 18809|2627, com.isis_papyrus.raiffeisen_pay_eyewdg, 
18815|3768, 18850|3931, 18852|4378, 18857|4470, 18859|4562, 18860|5955, 18863|6068, 18868|6299, 18870|6393, 18872|7750, 18873|7818, 18875|8036, 18878|8104, 18880|8189, 18881|8259, 18886|8332, 18887|8400, 18888|10113, 18890|10196, 18891|11045, 18893|12324, org.chromium.chrome, 
18899|1934, 18900|2047, 18902|2167, 18903|2236, 18909|2332, 18911|2417, 18913|2955, 18920|3054, 18927|3140, 18930|3244, 18932|3317, 18933|3403, 18934|3477, 18936|3681, 18940|3801, 18952|3925, 18953|4116, 18955|4211, 18956|4802, 18957|4966, 18958|6012, 18959|6094, 18964|6196, 18965|6288, 18967|6365, 18969|6604, 18980|6728, 18981|6816, 18983|6929, 18984|7046, 18985|7562, 18991|7667, 18993|7895, 19003|8016, 19005|8137, 19006|8258, 19012|8434, 19013|8570, 19014|8853, 19027|10839, 19029|10981, de.mcdonalds.mcdonaldsinfoapp, 
19033|1666, 19036|1762, 19038|1868, 19042|2133, 19051|2307, 19070|2539, 19073|2662, 19082|2873, 19083|2983, 19085|3093, 19092|3585, 19093|3672, 19095|3777, 19102|3877, 19105|3974, 19107|5209, 19112|8497, 19114|9049, 19118|9124, 19119|9299, 19120|9394, 19125|10625, 19126|10719, 19136|10972, 19138|11048, 19143|11456, 19144|11875, 19146|11965, de.prosiebensat1digital.prosieben, 
19148|2126, 19152|2200, 19153|2296, 19154|2380, 19164|2452, 19167|2516, 19168|2585, 19173|2660, 19175|2793, 19178|2873, 19180|2945, 19192|5783, 19196|5894, 19204|5999, 19207|7089, 19210|7157, 19221|7530, 19222|7628, 19223|7777, 19226|9885, 19228|9958, 19234|10724, 19236|10881, com.paypal.android.p2pmobile, 
19237|3046, 19247|3144, 19252|3225, 19253|3306, 19255|3675, 19256|10087, 19260|10955, 19261|11927, 19262|12000, 19268|12069, 19269|12353, 19271|12503, 19273|12571, 19274|12639, 19275|12713, 19278|13091, 19279|13224, com.instagram.android, 
19280|2030, 19284|2139, 19285|2228, 19287|2329, 19288|2424, 19290|2541, 19295|2619, 19304|2780, 19307|2857, 19308|2936, 19309|3009, 19310|3174, 19313|3599, 19315|4212, 19317|4302, 19318|4399, 19323|4489, 19329|4564, 19333|4628, 19352|4710, 19353|4780, 19354|4996, 19359|5102, 19362|5278, 19384|5420, 19395|5557, 19397|5662, 19401|5739, 19402|5806, 19405|6000, 19409|10949, 19411|11020, com.moshbit.studo, 
19414|1738, 19418|1832, 19419|1940, 19420|2027, 19421|2090, 19425|2157, 19426|2228, 19427|2370, 19428|2518, 19430|8452, 19432|8533, 19434|8620, 19441|8696, 19442|8882, 19443|9066, 19444|9253, 19445|9343, 19447|9906, 19451|10861, com.tripadvisor.tripadvisor, 
19452|1681, 19457|1778, 19458|1911, 19460|2040, 19462|2139, 19467|2224, 19476|2371, 19479|2450, 19480|2533, 19481|2616, 19482|2783, 19485|3273, 19488|3802, 19489|3899, 19490|3976, 19495|4077, 19501|4151, 19505|4215, 19521|4278, 19527|4604, 19528|4740, 19535|4884, 19558|5001, 19562|5115, 19565|5375, 19569|10835, 19571|10929, com.moshbit.studo, 
19573|2095, 19600|2228, 19641|2344, 19667|2491, 19716|2739, 19730|2835, 19736|2922, 19741|3181, 19745|7967, 19749|8109, 19753|8170, 19757|8236, 19761|8304, 19765|8385, 19769|8451, 19773|8516, 19776|8584, 19780|8657, 19781|8735, 19801|10842, 19803|13544, com.fsck.k9, 
19805|1467, 19810|2073, 19813|2179, 19814|2251, 19818|2327, 19820|2395, 19832|2465, 19833|2596, 19836|2659, 19837|2728, 19838|3191, 19839|3338, 19855|5754, 19856|5967, 19863|6062, 19867|7140, 19870|7206, 19871|7425, 19877|7495, 19886|7960, 19892|10860, 19894|10923, 19898|12758, 19900|12830, com.paypal.android.p2pmobile, 
19911|1995, 19936|2110, 19969|2238, 19989|2369, 20012|2468, 20021|2582, 20033|2670, 20042|2757, 20050|2850, 20055|2941, 20060|3026, 20062|3126, 20066|6450, 20070|6594, 20074|6673, 20078|6743, 20082|6813, 20086|6882, 20090|6954, 20094|7035, 20098|7124, 20102|7193, 20103|10677, 20123|10899, com.fsck.k9, 
20125|1864, 20129|2017, 20132|2150, 20135|2281, 20139|2385, 20151|2479, 20152|2646, 20153|2711, 20154|2924, 20157|3366, 20158|3738, 20160|3838, 20162|3944, 20163|4049, 20168|4130, 20174|4216, 20177|4283, 20196|4359, 20201|4751, 20225|4993, 20233|5133, 20237|5235, 20241|5325, 20242|10509, 20244|10699, 20248|10779, 20250|10921, com.moshbit.studo, 
20251|2053, 20255|2132, 20257|2221, 20260|2287, 20270|2389, 20274|2497, 20276|2567, 20279|2635, 20280|2696, 20282|2762, 20283|3944, 20285|5675, 20299|5767, 20305|5953, 20307|6053, 20311|7106, 20312|7174, 20313|7244, 20320|7623, 20327|7705, 20328|7928, 20332|10702, 20334|10772, 20336|10839, com.paypal.android.p2pmobile, 
20346|1958, 20370|2066, 20420|2169, 20428|2333, 20452|2424, 20483|2528, 20496|2620, 20502|2682, 20506|6485, 20510|6617, 20514|6684, 20518|6753, 20521|6820, 20522|6889, 20526|6955, 20533|7042, 20534|7106, 20538|7169, 20542|7234, 12238|7880, 12258|10824, com.fsck.k9, 
12264|3107, 12289|3261, 12299|3392, 12300|3471, 12301|3594, 12309|3735, 12310|3815, 12315|3886, 12317|3977, 12318|7523, 12319|7590, 12323|7668, 12326|7758, 12331|7839, 12332|9631, 12334|9696, 12335|10822, org.chromium.chrome, 
12336|1974, 12341|2051, 12343|2190, 12346|2269, 12355|2332, 12356|2397, 12360|2467, 12362|2532, 12367|2679, 12369|5617, 12385|5726, 12386|5827, 12393|5949, 12396|6965, 12397|7030, 12399|7098, 12400|7246, 12401|7326, 12406|7403, 12412|7572, 12418|10785, 12420|10919, 12422|13655, com.paypal.android.p2pmobile, 
12424|1678, 12428|1751, 12429|1861, 12431|1954, 12432|2033, 12433|2108, 12439|2183, 12441|2283, 12442|2689, 12450|2796, 12455|2880, 12460|2973, 12462|3071, 12463|3174, 12464|3261, 12466|3413, 12479|3509, 12480|3602, 12482|3697, 12485|3797, 12486|4532, 12487|4640, 12489|5618, 12494|5697, 12495|5860, 12506|5965, 12512|6106, 12513|6221, 12515|6350, 12519|6469, 12525|6637, 12529|6801, 12537|6935, 12541|7078, 12542|7252, 12547|7346, 12549|7442, 12555|7542, 12562|7674, 12568|7760, 12569|7850, 12570|8085, 12582|10888, 12584|10965, 12585|12057, de.mcdonalds.mcdonaldsinfoapp, 
12586|2173, 12587|4812, 12588|4925, 12590|5724, 12591|5791, 12593|5862, 12596|5942, 12600|6079, 12602|6151, 12603|6212, 12604|6277, 12609|6358, 12612|6500, 12613|6808, 12615|10920, 12617|10986, com.twitter.android, 
12621|2104, 12631|2270, 12642|2423, 12643|2617, 12646|2997, 12650|10779, 12651|13139, 12652|13361, 12659|13542, de.pilot.newyorker.android, 
12660|172, 12665|248, 12669|540, 12670|694, 12671|769, 12672|915, 12682|980, 12685|1050, 12686|1163, 12691|1815, 12692|1949, 12694|2077, 12695|2190, 12700|2310, 12712|2423, 12713|2512, 12714|2667, 12715|3023, 12717|3186, 12719|3261, 12721|3778, 12722|3872, 12723|3971, 12724|4058, 12728|4140, 12731|4209, 12744|4278, 12757|4355, 12761|4423, 12762|4688, 12766|4764, 12767|4836, 12784|4907, 12785|5137, 12791|5225, 12795|5874, 12802|5997, 12807|6130, 12812|6207, 12813|6270, 12816|6862, 12819|9089, 12820|9155, 12823|10828, 12824|10894, 12826|10971, com.moshbit.studo, 
12827|2324, 12832|2424, 12837|2528, com.isis_papyrus.raiffeisen_pay_eyewdg, 
12849|1968, 12860|2251, 12862|2373, 12865|2722, 12871|10753, 12873|10819, 12874|13013, 12875|13172, 12882|13361, 12883|13912, 12888|13986, de.pilot.newyorker.android, 
12890|112, 12892|225, 12905|315, 12906|537, 12907|736, 12910|2591, 12920|2685, 12924|2757, 12926|2901, 12930|10936, com.instagram.android, 
12931|2375, 12932|2532, 12939|2830, 12941|3096, 12942|3187, 12948|3270, 12949|3358, 12951|3429, 12957|3522, 12958|3655, 12960|3803, 12962|4323, 12964|4398, 12972|4515, 12974|4591, 12978|4773, 12981|5172, 12985|5270, 12987|5349, 12988|8084, 12993|8163, 12994|8338, 12995|8429, 13001|8600, 13002|8797, 13011|8882, 13015|8967, 13021|9058, 13024|9143, 13026|9225, 13027|9305, 13031|9382, 13032|9476, 13033|9571, 13035|9659, 13039|9754, 13044|9848, 13047|9932, 13051|10021, 13055|10107, 13058|10218, 13062|11539, 13068|11626, 13070|12415, 13072|12497, org.zwanoo.android.speedtest, 
13073|1309, 13075|1574, 13077|1646, 13079|1781, 13083|1938, 13090|2073, 13110|2285, 13113|2464, 13114|2545, 13119|2677, 13125|2789, 13126|2881, 13129|2973, 13130|3054, 13133|3158, 13136|3265, 13138|3361, 13141|3463, 13143|3546, 13144|5041, 13147|7656, 13153|7744, 13155|7827, 13158|7942, 13159|8318, 13160|8405, 13164|8495, 13165|8671, 13166|8785, 13167|9717, 13169|9819, 13170|9905, 13171|10010, 13172|10261, 13175|10900, 13176|11002, 13180|11109, 13187|11260, 13192|11340, 13194|11404, de.prosiebensat1digital.prosieben, 
13196|2068, 13200|2203, 13206|2310, 13211|2473, 13212|2883, 13213|3320, 13217|3647, 13218|3981, 13219|4263, 13223|4551, 13228|4668, 13236|4766, 13263|4866, 13273|4992, 13278|5090, 13319|5191, 13326|5286, 13347|5375, 13349|5476, 13351|5576, 13352|5675, 13353|7127, 13356|7217, 13365|8127, 13366|8231, 13368|8446, 13377|8542, 13378|8642, 13381|8716, 13383|8816, 13384|9046, 13390|9195, 13391|9330, 13399|9455, 13408|9572, 13410|9683, 13411|9784, 13421|9885, 13428|9967, 13429|10053, 13430|10210, 13438|10302, 13439|10929, 13454|11021, 13456|11175, org.mozilla.firefox, 
13459|2509, 13471|2619, 13474|2696, 13477|3139, 13478|3783, 13479|8910, 13483|10817, com.instagram.android, 
13484|2215, 13489|2319, 13490|2415, 13494|2492, com.isis_papyrus.raiffeisen_pay_eyewdg, 
13495|1675, 13500|1762, 13501|1963, 13503|2056, 13505|4331, 13506|4427, 13509|4496, 13513|4575, 13514|4649, 13515|4712, 13516|4862, 13517|10620, 13519|10757, 13530|10822, com.tripadvisor.tripadvisor, 
13536|2004, 13564|2133, 13588|2254, 13601|2371, 13617|2474, 13638|2582, 13668|2701, 13682|2832, 13693|2938, 13701|3094, 13704|3556, 13705|7094, 13706|7173, 13707|7247, 13713|7686, 13718|8153, 13722|8297, 13729|8401, 13734|8533, 13742|8627, 13746|8699, 13750|8778, 13754|8890, 13774|10965, com.fsck.k9, 
13775|2105, 13780|2194, 13781|2313, 13785|2393, com.isis_papyrus.raiffeisen_pay_eyewdg, 
13788|2698, 13796|2791, 13803|2880, 13805|3315, 13809|10946, com.instagram.android, 
13810|1603, 13811|1705, 13815|1818, 13816|1913, 13817|1985, 13818|2077, 13822|4203, 13826|4265, 13829|4348, 13830|4425, 13831|4501, 13832|4646, 13833|10386, 13836|10476, 13843|10580, 13844|10727, 13851|10804, com.tripadvisor.tripadvisor, 
13868|1974, 13935|2143, 13943|2281, 13974|2390, 14003|2500, 14012|2587, 14017|2671, 14020|6356, 14021|6425, 14025|6496, 14029|6558, 14032|6626, 14035|6708, 14037|6778, 14041|6845, 14045|6913, 14048|6990, 14052|7067, 14056|7131, 14057|7214, 14058|10582, 14061|10786, 14081|11001, com.fsck.k9, 
14082|1698, 14086|1790, 14087|1997, 14088|2077, 14089|2161, 14091|4269, 14094|4339, 14099|4409, 14100|4546, 14101|4618, 14102|4936, 14103|5011, 14109|9811, 14110|10489, 14111|10615, 14120|10718, 14126|10844, 14129|10987, com.tripadvisor.tripadvisor, 
14135|2162, 14136|2271, 14140|2360, com.isis_papyrus.raiffeisen_pay_eyewdg, 
14142|1677, 14146|1799, 14147|1939, 14149|2100, 14150|4090, 14153|4236, 14155|4307, 14160|4384, 14161|4519, 14162|4596, 14163|4750, 14164|10359, 14165|10465, 14167|10553, 14175|10629, 14182|10822, com.tripadvisor.tripadvisor, 
14184|5207, 14185|5277, 14190|5356, 14194|5460, 14196|5532, 14198|5593, 14203|5736, 14206|5879, 14207|6023, 14209|10813, 14211|10885, com.twitter.android, 
14213|1709, 14217|1809, 14218|2036, 14220|2117, 14223|4284, 14226|4357, 14230|4434, 14231|4506, 14232|4572, 14233|4716, 14235|10547, 14237|10675, 14242|10743, 14252|10819, com.tripadvisor.tripadvisor, 
14253|1574, 14257|1678, 14259|1775, 14261|1897, 14263|4252, 14265|4320, 14271|4383, 14272|4504, 14273|4558, 14274|4737, 14276|10013, 14278|10106, 14279|10173, 14286|10253, 14287|10446, 14291|10502, com.tripadvisor.tripadvisor, 
14292|4301, 14297|4371, 14301|4546, 14303|4605, 14304|4654, 14305|4709, 14310|4768, 14313|4943, 14314|5179, 14316|8190, 14318|10331, 14320|10390, com.twitter.android, 
14321|4352, 14322|4409, 14326|4473, 14330|4602, 14332|4660, 14333|4711, 14334|4764, 14339|4824, 14342|4972, 14343|5146, 14345|10371, 14347|10493, 14349|12022, com.twitter.android, 
14350|4340, 14355|4461, 14359|4578, 14361|4634, 14362|4690, 14363|4744, 14368|4804, 14371|4933, 14372|5401, 14373|5570, 14374|6712, 14376|10329, 14378|10394, com.twitter.android, 
