||class android.net.TrafficStats:public static long android.net.TrafficStats.getMobileRxBytes()
38180840|1, 38184705|151, 38184808|548, 38185119|761, 38190284|855, 38190387|988, 38190491|1092, 38192640|1464, 38193980|1552, 38194061|1637, 38194203|1733, 38197852|1821, 38214864|1949, 38216704|2049, 38219455|2140, 38240859|2239, 38241704|2316, 38242923|2417, 38242975|2486, 38243105|3462, 38246539|3630, 38249400|3700, 38249452|3769, 38257568|4671, 38258413|4773, 38259228|4879, 38259979|5156, 38260825|5391, 38260945|5493, 38268850|5605, 38273667|5695, 38274176|5774, 38282006|5846, 38283686|5980, 38283738|6055, 38284064|7006, 38284407|7621, 38284965|7699, 38285100|7880, 38285256|9429, 38285827|9542, org.mozilla.firefox, 
38286113|1179, 38291934|1276, 38292270|1356, 38292322|1424, 38292663|1519, 38292895|1660, 38293103|1992, 38297459|2044, 38298320|2100, 38298614|2158, 38298743|2208, 38298870|2254, 38298982|2311, 38306129|2363, 38306423|2419, 38306475|2476, 38306527|2686, 38307287|2778, 38310289|2831, 38310374|4987, 38310434|5046, 38315959|5125, 38316285|5250, 38320781|5306, 38321032|5360, 38321152|5837, 38321869|5942, 38321973|5995, 38322556|6050, 38322807|6162, 38323264|10055, 38323446|11216, 38326842|11310, 38326957|11820, 38327267|11886, 38332024|11952, com.airbnb.android, 
38332386|1069, 38333182|1169, 38333242|1374, 38336638|1497, 38337000|1586, 38338142|1659, 38343692|2199, 38349204|2296, 38371078|2419, 38371573|2614, 38371633|2730, 38374618|2828, 38380661|2937, 38380713|3017, 38381632|3124, 38382887|3277, 38383990|3374, 38388837|3482, 38389045|3730, 38389305|4401, 38389669|4983, 38389721|5061, 38390281|5235, 38390593|5747, 38391084|5984, 38391198|6842, 38394694|6972, 38395337|7092, 38395520|7191, 38395572|7291, 38395802|8058, 38398446|8154, 38398549|8347, 38399147|8482, 38399207|8958, 38403234|9076, 38403469|9210, 38403521|9301, 38403633|10136, 38406380|10248, 38406827|10397, 38406962|10470, 38407298|12244, 38407350|12433, 38408445|12494, de.prosiebensat1digital.prosieben, 
38408601|1048, 38409172|1135, 38409551|2999, 38432504|3160, 38432586|3500, 38437030|3588, 38437238|3660, 38437316|4836, 38441758|4951, 38441966|5103, 38442042|7401, 38442102|7449, 38443494|7507, 38445708|7561, 38446044|7610, 38447269|7656, 38447321|7758, 38447717|9508, 38447769|10084, 38448342|10140, org.chromium.chrome, 
38451799|1620, 38452161|1791, 38453632|1904, 38453692|1975, 38456859|2030, 38457290|2147, 38463935|2219, 38463987|2293, 38464090|2410, 38465578|2585, 38465836|2648, 38465896|2822, 38472297|3012, 38472504|3180, 38475595|3257, 38476800|3338, 38477644|3420, 38477696|3474, 38480805|3538, 38484337|3613, 38484854|3665, 38498744|3721, 38506251|3807, 38506390|3867, 38506442|3920, 38509804|3995, 38510102|4059, 38525532|4120, 38529247|4187, 38529423|4307, 38529483|4357, 38532215|4420, 38532993|4476, 38533264|4530, 38534227|4652, 38534537|4822, 38534944|4943, 38539639|5047, 38540200|5126, 38540940|5201, 38540992|5249, 38541160|5774, 38541439|10136, 38541709|10246, com.moshbit.studo, 
38542224|1738, 38552868|1832, 38590564|1955, 38596211|2121, 38601596|2233, 38605148|2320, 38605571|2418, 38612052|2591, 38615342|3114, 38615394|5991, 38616350|6048, 38616402|6099, 38623942|6592, 38627575|6899, 38632109|6995, 38636653|7121, 38642161|7207, 38645742|7279, 38650296|7337, 38651250|7397, 38655737|7458, 38660214|7521, 38669116|7587, 38670356|10182, com.fsck.k9, 
38670531|2408, 38681133|2483, 38682000|2544, 38682319|2595, 38682371|2649, 38684121|2702, 38684559|10305, com.instagram.android, 
38684757|1575, 38684817|1782, 38691128|1986, 38691188|2053, 38695572|2115, 38696027|2211, 38696211|2289, 38711367|2401, 38720135|2525, 38721097|2650, 38723221|2755, 38723273|2825, 38723385|2911, 38730465|3086, 38730568|3322, 38730789|3784, 38731194|10108, 38731464|10211, 38731722|12120, 38731782|12361, 38738015|12472, 38738075|12870, de.pilot.newyorker.android, 
38742459|1, 38742995|229, 38754702|337, 38756642|399, 38756863|583, 38757053|1841, 38757113|1933, 38757165|1997, 38759096|2060, 38759268|2343, 38761128|2427, 38774040|2483, 38815227|2548, 38834464|2612, 38834568|3514, 38834692|4529, 38834872|4597, 38868456|4664, 38889897|4764, 38890328|4840, 38890541|5041, 38914443|5117, 38914555|5243, 38914957|5310, 38915364|5388, 38915831|5460, 38916238|5541, 38921212|6074, 38921356|6338, 38922057|6418, 38936017|6779, 38936069|7397, 38936304|7985, 38936364|8077, 38936891|8180, 38949323|8336, 38971554|8429, 39023777|8502, 39034607|8593, 39034953|9140, 39061692|9260, 39068849|9349, 39068901|9440, 39070806|9539, 39099844|9639, 39100801|9748, 39101654|9859, 39101949|9980, 39107947|10079, 39112278|10178, 39143227|10316, 39143955|10428, 39144007|10479, 39144059|10533, de.spiegel.android.app.spon, 
39144133|1767, 39148900|1863, 39150125|2018, com.isis_papyrus.raiffeisen_pay_eyewdg, 
39150233|1571, 39153025|1682, 39154192|1774, 39154623|1863, 39155174|1931, 39155226|1983, 39155739|2039, 39156443|2229, 39156905|2315, 39161321|2402, 39161423|2480, 39161854|2575, 39164594|2670, 39165055|2970, 39165516|3137, 39166017|4331, 39166121|10172, com.duckduckgo.mobile.android, 
39166181|1659, 39167785|1740, 39168164|1806, 39168224|2108, 39169708|2167, 39170204|2233, 39182636|2298, 39243574|2371, 39243678|3235, 39243858|4148, 39285178|4228, 39298526|4318, 39298586|5836, 39299946|5910, 39300058|5978, 39300574|6052, 39300727|6359, 39319118|6448, 39331693|6894, 39347294|6973, 39348145|7066, 39351680|7527, 39380654|7616, 39387641|7702, 39387987|7768, 39388107|7842, 39388197|7916, 39388460|8077, 39389063|8161, 39389968|8326, 39396643|8490, 39400897|8586, 39432364|8671, 39432835|8749, 39433327|8898, 39462842|9062, 39462894|9171, 39463851|9254, 39464133|9641, 39470668|9744, 39474858|9860, 39476496|9944, 39482333|10046, 39482385|10141, 39485173|10266, 39488404|10378, 39488768|10492, 39488820|10597, de.spiegel.android.app.spon, 
39489018|1671, 39489158|1812, 39489218|1874, 39498183|1937, 39499374|2013, 39499700|2074, 39500968|2190, 39501020|2240, 39501132|2295, 39506497|2365, 39506752|2415, 39507078|2465, 39507712|2524, 39507824|2586, 39507876|2642, 39514109|2775, 39514212|2970, 39514433|3376, 39514707|4827, 39528275|4912, 39532691|5074, 39535119|5140, 39535435|5514, 39535495|5590, 39539284|5673, 39539578|5804, 39540708|5916, 39540812|5967, 39540864|6018, 39541484|6176, 39543208|6296, 39546883|6456, 39547503|6554, 39548049|6902, 39548089|6951, 39548172|9161, 39548577|10266, 39548847|10372, com.paypal.android.p2pmobile, 
39549420|164, 39549472|933, 39554184|1646, 39558516|1763, 39559220|1841, 39561344|1910, 39561448|1980, 39562716|2444, 39563121|10159, 39563379|12212, 39563439|12510, 39569672|12620, de.pilot.newyorker.android, 
39569732|1, 39574116|63, 39574468|228, 39574652|299, 39574807|466, 39585268|521, 39588403|599, 39588624|661, 39588789|2035, 39592621|2156, 39592805|2251, 39597087|2351, 39597161|2444, 39597528|2532, 39597711|2604, 39601452|2684, 39602063|2749, 39602477|2801, 39602548|2857, 39602746|2907, 39603240|2970, 39603706|10068, org.indywidualni.fblite, 
39603828|1474, 39607285|1547, 39607595|1637, 39608790|1735, 39608879|1802, 39613011|1873, 39615110|1939, 39615446|1997, 39616079|2063, 39616400|2296, 39621872|2370, 39622239|2445, 39625670|2534, 39625825|2601, 39626451|2667, 39626503|2725, 39628314|2816, 39628543|2903, 39631963|2971, 39632066|3051, 39634223|3121, 39634433|3194, 39641796|3263, 39642094|3332, 39642712|3398, 39642816|3828, 39650173|3909, 39651189|4006, 39665847|4100, 39666012|4775, 39688939|4864, 39689275|4984, 39689408|5073, 39696448|5162, 39700328|5263, 39700974|5338, 39702063|5445, 39705461|5513, 39705797|5583, 39706531|5722, 39706699|5792, 39706751|5966, 39706915|6254, 39713036|6375, 39713113|6544, 39714070|6674, 39716802|6777, 39721303|6863, 39721363|6929, 39722035|7011, 39722309|7067, 39726732|7129, 39727936|7183, 39728377|7234, 39728982|7461, 39729074|10350, 39729604|10398, 39729739|10452, 39729843|10503, de.mcdonalds.mcdonaldsinfoapp, 
39729978|1308, 39730038|2315, 39733433|2419, 39734455|2516, 39735916|2644, 39738865|2822, 39741814|2899, 39744763|3010, 39747823|3086, 39748327|3173, 39751336|3248, 39751931|3382, 39752216|3760, 39752424|3831, 39752694|3911, 39753071|3978, 39753237|4034, 39753289|4103, 39753467|5183, 39753793|5260, 39753897|5378, 39767485|5448, 39796648|5502, 39796708|6100, 39799277|6150, 39799821|6260, 39804403|6314, 39804663|6473, 39805044|6525, 39805795|10149, com.waze, 
39805930|294, 39806010|347, 39806125|2013, 39813233|2119, 39814035|2202, 39814087|2266, 39815121|2902, 39815256|3643, 39815548|10177, com.instagram.android, 
39815746|1909, 39815806|2087, 39822039|2330, 39822154|2437, 39822337|2506, 39822857|2568, 39823223|2624, 39827579|2682, 39830158|2738, 39830726|2864, 39830778|2920, 39830838|2976, 39831273|3036, 39837506|3194, 39838095|3332, 39841537|3407, 39845022|3463, 39845228|3543, 39846113|3627, 39846505|4031, 39846754|4109, 39846806|4165, 39847138|4225, 39847418|4289, 39847669|4418, 39847776|7063, 39851670|7147, 39851980|7277, 39852032|7340, 39857906|7765, 39858157|7909, 39858297|7970, 39858461|8033, 39858751|8095, 39858893|8156, 39859196|8233, 39859408|8307, 39859621|8391, 39859823|8485, 39859875|8548, 39859935|8605, 39860073|8664, 39860147|8727, 39860218|8788, 39860289|8852, 39860360|8916, 39860662|8985, 39860874|9052, 39861087|9127, 39861228|9188, 39861400|9255, 39861683|9321, 39861960|9397, 39862095|10203, 39862500|10265, 39862635|10322, org.zwanoo.android.speedtest, 
39862843|1442, 39871731|1564, 39872803|1769, 39874559|1864, 39874611|1946, 39875458|2132, 39875863|10158, 39875923|12518, 39882156|12690, de.pilot.newyorker.android, 
39882216|121, 39882268|173, 39886600|229, 39886952|462, 39887136|519, 39900680|641, 39900783|701, 39901004|838, 39901126|2054, 39904582|2146, 39905330|2320, 39906427|2443, 39909376|2544, 39912325|2651, 39915274|2727, 39918263|2827, 39921769|2897, 39922198|2967, 39922250|3033, 39922302|3432, 39922731|3512, 39958084|4327, 39965309|4388, 39965517|4832, 39969880|4897, 39970036|5017, 39970365|5122, 39970583|9122, 39970893|9230, 39971074|9338, 39971220|9394, 39971698|9516, 39972200|10010, 39972816|10074, 39973307|10125, com.waze, 
39973359|941, 39973526|1711, 39973578|1779, 39973761|2263, 39973821|2327, 39974484|2389, 39974544|2446, 39980037|2527, 39980347|2579, 39980399|2699, 39980834|2755, 39980954|3039, 39987718|3128, 39987924|3265, 39988588|3343, 39988980|3587, 39989229|3648, 39989613|3710, 39989893|3778, 39989945|5099, 39990052|6586, 39990112|6647, 39993946|6713, 39994256|6837, 39994308|6919, 39999958|7119, 40000130|7245, 40000349|7333, 40000420|7394, 40000562|7466, 40000786|7529, 40000998|7592, 40001140|7656, 40001263|7716, 40001323|7771, 40001435|7830, 40001573|7949, 40001647|8013, 40001718|8077, 40001789|8145, 40002084|8212, 40002419|8285, 40002613|8348, 40002923|8405, 40003139|8462, 40003262|8529, 40003926|10057, 40004196|10413, 40004601|10471, org.zwanoo.android.speedtest, 
40004856|1778, 40004916|1974, 40009272|2300, 40011392|2371, 40011964|2444, 40016320|2506, 40017560|2566, 40017870|2675, 40018143|2746, 40018578|2803, 40018890|3151, 40022957|3241, 40026442|3318, 40026877|3389, 40027209|3561, 40027850|3735, 40027902|3792, 40028514|3849, 40028574|6624, 40032408|6685, 40032718|6871, 40032770|6930, 40038387|7204, 40038447|7324, 40038948|7389, 40039100|7457, 40039354|7521, 40039604|7587, 40039820|7652, 40039943|7719, 40040003|7786, 40040115|7850, 40040253|7918, 40040327|7982, 40040398|8042, 40040469|8110, 40040540|8173, 40040764|8247, 40040976|8316, 40041189|8372, 40041301|8433, 40041625|8495, 40041767|8554, 40041890|8650, 40041942|10093, 40042606|10181, 40042670|10283, 40042805|10371, 40043345|10429, org.zwanoo.android.speedtest, 
40046801|1433, 40047111|1534, 40047223|1598, 40054537|1670, 40054873|1724, 40055506|1778, 40055748|2098, 40061579|2198, 40069149|2275, 40073341|2349, 40074739|2420, 40074960|2585, 40076162|2681, 40079582|2761, 40079685|2841, 40081842|2924, 40081894|3606, 40082381|3739, 40082546|4574, 40086077|4638, 40086413|4723, 40086546|4829, 40097467|4920, 40097777|5005, 40098468|5101, 40102525|5193, 40102585|5271, 40106319|5385, 40107493|5500, 40107545|5607, 40108258|5837, 40113378|5914, 40113688|5993, 40113748|6075, 40118505|6185, 40122137|6345, 40123078|6611, 40123622|6776, 40123873|6831, 40124507|10075, 40124694|10180, de.mcdonalds.mcdonaldsinfoapp, 
40124970|1608, 40133738|1742, 40136566|1855, 40136670|1959, 40137096|2462, 40137938|2530, 40138021|9349, 40138426|10168, 40138486|12090, 40138526|12171, 40144759|12259, 40144819|12664, 40149203|12721, 40149555|12874, de.pilot.newyorker.android, 
40149739|1, 40149791|58, 40163438|126, 40163659|381, 40163909|1783, 40165826|1862, 40165938|2182, 40167360|2238, 40167791|2305, 40206670|2367, 40241126|2437, 40241178|2621, 40241230|3385, 40241350|4265, 40254697|4332, 40287065|4428, 40296562|4510, 40296622|4769, 40336770|4833, 40337172|4904, 40337232|5655, 40338592|5723, 40338704|5813, 40339220|5897, 40339433|6182, 40353440|6255, 40366015|7328, 40392843|7398, 40393249|8051, 40420025|8135, 40420167|8217, 40434306|8297, 40457880|8376, 40458785|8451, 40473391|8608, 40476779|8755, 40512093|8843, 40514824|8936, 40516550|9029, 40516654|9115, 40517100|9677, 40523120|9771, 40528141|9876, 40528314|9961, 40531855|10042, 40532857|10132, 40535880|10217, 40536408|10444, 40536460|10548, 40536540|12761, de.spiegel.android.app.spon, 
40536715|1558, 40536887|1633, 40537019|2255, 40537095|2314, 40537171|7007, com.whatsapp, 
40537231|1684, 40538835|1766, 40539200|1843, 40539260|2045, 40540749|2156, 40541180|2218, 40553772|2279, 40613576|2340, 40614516|2410, 40614568|2535, 40614620|3287, 40614744|4145, 40614924|4208, 40664123|4324, 40669111|4402, 40673211|4637, 40675506|4700, 40675566|4846, 40676018|4916, 40676078|5710, 40677438|5783, 40677550|5855, 40678172|5969, 40678385|6345, 40696713|6417, 40714345|6859, 40725788|6932, 40725848|7443, 40726119|7515, 40752746|7627, 40759747|7698, 40759799|7769, 40759859|8236, 40760884|8416, 40768679|8505, 40783333|8591, 40801455|8670, 40801507|8736, 40831263|9029, 40831315|9114, 40832168|9217, 40832272|9336, 40832436|9535, 40838970|9643, 40842877|9756, 40845418|9844, 40847742|9939, 40850908|10057, 40854343|10144, 40858045|10231, 40859291|10309, 40859395|10410, 40862402|10464, 40862662|10513, 40862714|10616, de.spiegel.android.app.spon, 
40862836|1175, 40863416|1306, 40868872|1407, 40869601|1498, 40870110|1725, 40870318|2046, 40875535|2103, 40875829|2207, 40875958|2258, 40876085|2319, 40879151|2381, 40883304|2437, 40883598|2557, 40883650|2704, 40883702|2779, 40884462|2837, 40887455|2910, 40887600|5173, 40887652|5251, 40893125|5307, 40893451|5364, 40897947|5488, 40898198|5537, 40898318|6122, 40899035|6235, 40899225|6298, 40899670|6356, 40899921|6473, 40900243|10189, 40900303|11383, 40903698|11453, 40904008|11954, 40905314|12022, 40908880|12156, com.airbnb.android, 
40909190|1063, 40910038|1186, 40910098|1643, 40912016|1759, 40912076|2032, 40913617|2103, 40926472|2204, 40953104|2282, 40987383|2380, 40987463|2584, 40992591|2687, 40992927|2948, 40993031|3134, 40993083|3500, 40993239|3566, 40993447|4037, 40993627|4112, 41047299|4212, 41047488|4339, 41047696|4659, 41047904|5330, 41047964|5445, 41051958|5553, 41052474|5674, 41052526|6841, 41081435|7327, 41081495|7808, 41081555|7896, 41085657|8009, 41121831|8109, 41146217|8202, 41146269|8279, 41146352|8471, 41153352|8555, 41184759|8655, 41187302|8768, 41188931|8874, 41189035|8993, 41189139|9276, 41189303|9629, 41192851|9741, 41196481|9837, 41201181|9953, 41204297|10080, 41207066|10221, 41207118|10335, 41210569|10483, 41210829|10543, 41210881|10671, de.spiegel.android.app.spon, 
41210933|118, 41211037|758, 41211089|821, 41211660|894, 41211858|2024, 41211918|2145, 41218151|2340, 41218254|2613, 41219691|2930, 41219949|2994, 41220217|3149, 41226665|3312, 41231524|3392, 41231818|3476, 41238070|3533, 41242700|3623, 41243458|3695, 41251105|3789, 41251157|3862, 41251260|3933, 41252160|4024, 41255623|4099, 41256011|4157, 41256155|4222, 41257124|4535, 41258093|4605, 41293219|5828, 41293593|5940, 41355905|6585, 41356061|7135, 41356405|7256, 41356727|10252, 41357049|10311, de.zalando.mobile, 
41357109|1771, 41360506|1867, 41360868|1979, 41362141|2095, 41362201|2161, 41365368|2218, 41365799|2333, 41372444|2431, 41372496|2508, 41372599|2596, 41372820|2807, 41372988|3215, 41373144|3552, 41373769|3645, 41373892|3726, 41373952|3793, 41377113|3853, 41380645|3912, 41381231|3984, 41395345|4054, 41402599|4161, 41406152|4273, 41425741|4525, 41429125|4638, 41430804|4730, 41430916|4794, 41434425|4854, 41434593|4911, 41434696|4971, 41434748|5035, 41435757|5127, 41436382|5296, 41437707|10375, 41437842|10488, com.moshbit.studo, 
41438100|1859, 41438160|2287, 41444393|2487, 41444496|2702, 41444717|2952, 41444932|3028, 41449731|3134, 41450214|3197, 41455327|3277, 41455723|3365, 41463296|3468, 41463459|3540, 41467277|3630, 41467665|3691, 41468686|3758, 41566155|3863, 41566510|3976, 41566562|4546, 41566730|4609, 41567074|4680, 41567448|10595, 41567583|10739, de.zalando.mobile, 
41567662|3602, 41589876|3725, 41590916|3909, 41590998|4335, 41591058|4406, 41595441|4509, 41595649|4603, 41595727|6015, 41600170|6130, 41600378|6340, 41600514|7990, 41604121|8057, 41604457|8142, 41604668|8205, 41605630|8291, 41605734|8365, 41606132|10080, 41606184|11214, org.chromium.chrome, 
41606306|2676, 41609762|2760, 41611028|2983, 41612245|3163, 41615194|3279, 41618143|3519, 41621092|3743, 41624041|3846, 41624374|3923, 41624485|3995, 41624589|4509, 41624966|4584, 41625137|4672, 41628290|4757, 41628608|4825, 41628660|4901, 41671286|5697, 41671494|6347, 41675900|6439, 41676056|6499, 41676385|6643, 41676572|10824, 41677136|10904, com.waze, 
41677196|2626, 41680593|2722, 41681015|2854, 41682172|2981, 41685121|3225, 41688070|3327, 41691019|3556, 41694190|3710, 41694412|3799, 41694464|4316, 41694893|4451, 41736513|5531, 41736773|6218, 41741264|6293, 41741420|6419, 41741749|6493, 41742448|10863, com.waze, 
41742556|2200, 41742616|2310, 41746515|2402, 41746946|2503, 41747497|2600, 41747549|2674, 41748062|2822, 41748764|2977, 41749286|3187, 41753744|3294, 41754175|3397, 41756915|3509, 41757376|4084, 41757837|4296, 41757889|4399, 41758390|5770, 41758494|10933, com.duckduckgo.mobile.android, 
41758702|2481, com.whatsapp, 
41758778|2506, 41759011|3217, 41759091|3286, 41759167|6868, 41759385|7001, 41759445|7068, 41764719|7140, 41765288|7740, 41765340|7809, 41765765|7882, 41765963|8324, 41766453|8394, com.whatsapp, 
41766651|2966, 41766711|3168, 41772944|3392, 41773047|3889, 41774482|4063, 41774639|5338, 41774699|5395, 41777491|5449, 41778397|5518, 41782264|5636, 41782744|5689, 41782796|5796, 41783238|5852, 41784005|5915, 41786213|5981, 41786265|6218, 41786317|6657, 41786703|6777, 41786755|6892, 41786807|6947, 41788809|7067, 41788944|10771, 41789214|10830, com.twitter.android, 
41789329|2259, 41796437|2343, 41797187|2407, 41797239|2466, 41797756|2890, 41798048|10421, com.instagram.android, 
41798170|1259, 41801626|1355, 41801936|1445, 41801988|1511, 41803280|1575, 41809451|1639, 41809787|1701, 41810420|1756, 41810602|2051, 41810722|2127, 41817937|2196, 41819872|2271, 41820653|2327, 41820705|2392, 41822706|2569, 41822934|2689, 41833769|2763, 41833872|2844, 41836029|2941, 41836327|3017, 41836945|3081, 41836997|3425, 41837975|3900, 41838087|4324, 41841565|4395, 41841953|4487, 41842886|4564, 41842946|4651, 41848429|4715, 41852705|4823, 41853310|4904, 41853968|5007, 41854654|5394, 41863629|5499, 41864617|5694, 41865513|5764, 41865684|5823, 41865744|5937, 41866018|6043, 41870441|6098, 41870544|6281, 41871149|6492, 41871511|10090, 41871906|10141, 41872041|10195, 41872614|10666, de.mcdonalds.mcdonaldsinfoapp, 
41872693|2568, 41894908|2690, 41896030|2810, 41896090|2939, 41900680|3024, 41900758|3898, 41900818|3993, 41905409|4088, 41905544|5723, 41905620|6962, 41905680|7013, 41909285|7085, 41909621|7138, 41910793|7196, 41910897|7297, 41911294|9088, 41911346|10115, org.chromium.chrome, 
41911554|1919, 41911741|8163, 41911956|11462, com.whatsapp, 
41912064|1507, 41912124|1612, 41916023|1716, 41916454|1808, 41917005|1889, 41917057|1954, 41917570|2096, 41918272|2177, 41918384|2339, 41923254|2432, 41923356|2527, 41923787|2604, 41926527|2691, 41927449|3097, 41927950|4332, 41928054|10195, com.duckduckgo.mobile.android, 
41928304|1830, 41931525|1912, 41931835|2012, 41937353|2102, 41942871|2281, 41943204|2413, 41943264|2705, 41946453|3082, 41946659|3382, 41946771|3452, 41951824|3553, 41952187|3638, 41952239|3726, 41954439|3890, 41954799|4356, 41974645|4438, 41975316|4526, 41976657|4628, 41978687|4696, 41979127|4773, 41979257|6086, 41979858|6168, 41985330|6235, 41986031|6311, 41992663|6374, 41992715|6447, 41992835|7171, 42003965|7278, 42005357|7379, 42006211|7498, 42006299|7636, 42011434|7743, 42011732|7818, 42012495|7877, 42012555|7950, 42015843|8040, 42016733|8107, 42017276|8170, 42017456|8231, 42029781|8303, 42031165|8382, 42032691|8438, 42035691|8527, 42036001|8604, 42036053|8670, 42038152|8880, 42038519|9060, 42039461|9130, 42039513|9200, 42039839|10114, 42040792|10428, 42040927|10659, org.mozilla.firefox, 
42041003|2005, com.whatsapp, 
42041111|1532, 42041171|1618, 42045070|1712, 42045501|1794, 42046052|1877, 42046104|1996, 42046617|2061, 42046669|2127, 42047425|2200, 42047887|2369, 42047947|2560, 42052303|2660, 42052405|2761, 42055524|2844, 42055576|2915, 42056037|2979, 42056498|3106, 42057051|4359, 42057091|4624, 42057195|10276, com.duckduckgo.mobile.android, 
42057255|1696, 42061154|1772, 42061464|1830, 42061585|1890, 42062136|1952, 42062188|2014, 42062701|2146, 42062761|2244, 42067821|2322, 42067923|2404, 42068406|2484, 42071660|2567, 42072121|3002, 42072582|3127, 42073083|4070, 42073135|10199, 42073187|10261, com.duckduckgo.mobile.android, 
42073345|1757, 42084790|1898, 42121457|2027, 42123944|2159, 42132783|2293, 42136742|2386, 42137064|2452, 42143545|2564, 42146835|3254, 42147657|5929, 42148072|5983, 42148124|6096, 42150804|6209, 42187244|6278, 42227444|6337, 42259036|6389, 42265138|6441, 42268719|6820, 42273254|6901, 42274208|6953, 42278762|7013, 42283307|7087, 42286888|7149, 42291442|7198, 42292396|7249, 42296941|7305, 42298281|7357, 42301476|7408, 42305066|7458, 42306020|7511, 42310465|7568, 42311705|10149, com.fsck.k9, 
42311887|1578, 42315282|1662, 42315592|1720, 42316786|1783, 42317148|2251, 42322616|2358, 42344632|2467, 42344925|2548, 42345097|2698, 42353789|2856, 42353841|3037, 42353944|3105, 42354760|3181, 42356012|3241, 42357115|3397, 42357287|3464, 42360531|3542, 42361965|3613, 42362525|5361, 42362943|8233, 42365851|8299, 42365903|8362, 42367101|8430, 42367699|8568, 42367969|8899, 42368312|9003, 42371311|9093, 42371609|9245, 42372240|9323, 42373368|10063, 42374255|10266, 42374390|10330, 42374450|10678, 42377845|10737, 42378155|11085, 42378207|11146, 42379349|11219, de.prosiebensat1digital.prosieben, 
42379686|1934, 42379746|2001, 42379858|2067, 42383729|2139, 42384055|2204, 42391424|2281, 42391691|2414, 42395614|2478, 42396161|2590, 42396795|2650, 42396847|2714, 42396899|2771, 42396939|3641, 42397367|5214, 42406079|5282, 42410935|5355, 42412387|5470, 42417779|5551, 42418155|5874, 42421944|6014, 42422238|6137, 42422822|6207, 42422902|6273, 42423244|6362, 42423980|6426, 42424136|6483, 42427143|6913, 42430874|6987, 42431573|7557, 42431978|10370, 42432113|10485, com.paypal.android.p2pmobile, 
42432173|2212, 42438521|2569, 42438764|2652, 42439276|2712, 42439379|2773, 42439600|2966, 42440338|3544, 42445951|3620, 42452715|3701, 42453231|3799, 42453335|3855, 42454382|3935, 42454774|4331, 42455023|4399, 42455407|4467, 42455687|4607, 42455727|5745, 42455834|7176, 42455894|7253, 42459728|7320, 42460038|7458, 42460090|7587, 42465734|7751, 42465906|7906, 42466295|7971, 42466447|8057, 42466589|8130, 42466813|8213, 42467096|8279, 42467380|8351, 42467440|8499, 42467552|8572, 42467604|8638, 42467690|8721, 42467764|8796, 42467835|8866, 42467906|8937, 42468055|9010, 42468417|9079, 42468633|9145, 42468845|9226, 42469229|9320, 42470015|9411, 42470067|9516, 42470742|10491, org.zwanoo.android.speedtest, 
42470898|1578, 42471523|1660, 42471583|2006, 42492579|2195, 42495734|2421, 42501097|2538, 42501913|2638, 42502068|2718, 42503171|2805, 42504371|2907, 42509220|3017, 42509780|5012, 42509832|5115, 42509884|5851, 42510058|6802, 42513494|6910, 42562521|7029, 42607204|7118, 42607256|7241, 42607906|7727, 42608949|7832, 42610381|8292, 42612000|8390, 42612298|8479, 42612929|8580, 42613009|9263, 42614149|9488, 42614209|9580, 42614608|9674, 42615769|10651, 42615829|10762, 42619231|10854, 42620976|10984, 42621219|11161, 42621758|11268, 42622162|11340, 42622297|11405, de.prosiebensat1digital.prosieben, 
42622479|2920, 42625874|3012, 42626184|3086, 42626236|3160, 42627213|3233, 42627925|3579, 42628357|3725, 42631306|3944, 42634255|4146, 42637204|4369, 42640264|4467, 42640486|4544, 42640597|4614, 42640872|5136, 42644402|5227, 42644721|5299, 42644773|5401, 42644939|5575, 42644991|5665, 42645281|6545, 42645607|6623, 42645659|6709, 42659671|6779, 42688161|6962, 42688301|7703, 42688567|7771, 42693235|7839, 42693391|7988, 42693720|8058, 42694471|11104, com.waze, 
42697928|1783, 42698238|1904, 42698290|2008, 42700574|2585, 42707494|2736, 42728885|2919, 42729126|3079, 42729298|3181, 42737988|3403, 42738040|3502, 42738959|3596, 42739011|3698, 42741315|3825, 42741427|3917, 42744731|4026, 42746165|4123, 42746725|5756, 42747479|8218, 42748522|8362, 42748574|8859, 42751573|8969, 42751871|9050, 42752502|9151, 42752554|10189, 42753571|10292, 42754006|11108, 42754141|11186, 42754739|11507, 42754843|11838, 42755950|11911, de.prosiebensat1digital.prosieben, 
42756214|1654, 42761848|1767, 42762913|1910, 42763422|2059, 42763630|2703, 42768847|2770, 42769141|2843, 42769405|2912, 42773662|2985, 42775061|3059, 42777002|3147, 42777814|3334, 42780820|3522, 42780965|5783, 42786490|5920, 42786816|6013, 42791376|6106, 42791563|6196, 42791623|7200, 42791788|7267, 42792452|7339, 42792642|7410, 42793222|7478, 42793274|7563, 42793596|10977, 42797053|12472, 42797415|13214, 42798729|13350, 42802235|13504, 42802545|13835, 42802597|13983, com.airbnb.android, 
42803392|1, 42806948|2640, 42807760|2763, 42812040|2896, 42812208|3028, 42812534|3176, 42816406|3308, 42817017|3407, 42817503|3496, 42817701|3585, 42818104|3720, 42818244|4650, 42823312|4728, 42823648|5355, 42823856|6027, 42823908|6117, 42824272|6678, 42824324|6793, 42824688|7461, 42824740|7552, 42825052|8123, 42825854|8623, 42826320|10805, org.indywidualni.fblite, 
42826424|413, 42826995|559, 42827127|2483, com.whatsapp, 
42827235|2150, 42831194|2269, 42832176|2441, 42832228|2597, 42832741|2688, 42833445|2849, 42833907|2958, 42838323|3065, 42838425|3157, 42841596|3300, 42842057|3918, 42842518|4105, 42842570|4220, 42843071|5611, 42843175|10987, com.duckduckgo.mobile.android, 
42843432|2193, 42843492|2405, 42849725|2575, 42850011|2989, 42850531|3069, 42850955|3136, 42851015|3220, 42856508|3310, 42856818|3394, 42856870|3473, 42857305|3536, 42857893|4148, 42864717|4258, 42865587|4429, 42865979|4821, 42866228|4928, 42866612|5005, 42866892|5097, 42866999|7838, 42870893|7921, 42871203|8089, 42871255|8172, 42877650|8600, 42877710|8699, 42878211|8782, 42878363|8862, 42878557|8947, 42878867|9030, 42879083|9111, 42879266|9196, 42879378|9298, 42879516|9378, 42879590|9480, 42879732|9574, 42879803|9675, 42880105|9782, 42880459|9871, 42880843|9984, 42881197|10090, 42881320|10208, 42881995|11031, org.zwanoo.android.speedtest, 
42882245|2239, 42885466|2345, 42891867|2661, 42897385|2827, 42897718|2952, 42897778|3316, 42900967|3702, 42901070|3958, 42901278|4282, 42901381|4384, 42906546|4476, 42906701|4659, 42906753|4749, 42909615|5257, 42909975|5614, 42936519|5703, 42936950|5815, 42938738|5907, 42939696|5997, 42948419|6095, 42951736|6186, 42954222|6274, 42963288|6365, 42963896|6451, 42964026|7852, 42964405|8214, 42966080|8611, 42970560|8689, 42970612|8764, 42978713|9470, 42979260|9576, 42980360|9718, 42981123|10143, 42981926|10575, 42981978|10672, 42982834|10790, 42990262|10907, 42994441|11006, 42995360|11164, 42996313|11296, 42996448|11463, org.mozilla.firefox, 
43001215|2446, 43001529|2537, 43002440|2638, com.isis_papyrus.raiffeisen_pay_eyewdg, 
43002718|1665, 43008851|1791, 43009239|1925, 43009748|2128, 43009896|2854, 43014312|2920, 43015173|3000, 43015731|3075, 43019884|3142, 43020282|3208, 43023327|3274, 43023379|3485, 43028293|3838, 43028378|5909, 43028438|5994, 43033963|6076, 43034289|6168, 43038785|6256, 43039036|6333, 43039100|6407, 43039220|7404, 43040041|7475, 43040624|7547, 43040875|7615, 43041249|10863, 43041371|11964, 43044827|12062, 43044942|12657, 43045002|12744, 43052384|12846, 43052436|12914, 43053575|12993, com.airbnb.android, 
43053885|1323, 43054247|1496, 43055717|1603, 43056512|1691, 43056816|1836, 43067705|2005, 43068377|2128, 43068429|2224, 43068990|2339, 43069354|2453, 43069770|2573, 43070342|2664, 43070665|2899, 43070833|3005, 43071028|3435, 43080398|3540, 43080821|3625, 43081271|3747, 43084329|3860, 43088871|4174, 43094456|6316, 43094782|6564, 43099465|6654, 43099525|7693, 43100302|7774, 43100596|7863, 43101041|7955, 43101292|8038, 43101884|10937, 43102066|12257, 43105461|12391, 43105831|13020, 43110528|13111, com.airbnb.android, 
43110838|2365, 43111095|2665, 43111155|2768, 43112002|2870, 43118235|2975, 43118338|3171, 43118559|3506, 43123687|3958, 43124178|4369, 43129037|4504, 43129331|4603, 43130136|4699, 43135251|4847, 43142712|5017, 43143366|5182, 43146829|5328, 43147529|5447, 43246158|5621, 43246314|5988, 43246418|6095, 43246782|6772, 43247094|7428, 43247198|7503, 43247689|7680, 43247793|8352, 43248137|8448, 43248511|10938, 43248646|11021, de.zalando.mobile, 
43248750|1, 43249373|82, 43249630|2247, 43249690|2458, 43255923|2705, 43256026|2911, 43256490|3058, 43257213|3134, 43261629|3245, 43262766|3330, 43263076|3445, 43263563|3582, 43264211|4139, 43270975|4249, 43271181|4382, 43271845|4488, 43272486|5018, 43273150|5145, 43273317|7963, 43277151|8041, 43277461|8122, 43277513|8206, 43283918|8607, 43284090|8787, 43284560|8874, 43284885|8969, 43285209|9051, 43285474|9138, 43285534|9217, 43285646|9298, 43285784|9373, 43285858|9454, 43286000|9545, 43286071|9647, 43286507|9765, 43286861|9880, 43287316|10013, 43287510|10129, 43287645|11071, 43288185|11145, org.zwanoo.android.speedtest, 
43288564|3743, 43310894|3881, 43311518|3999, 43311660|4114, 43316043|4241, 43316251|4342, 43316329|5369, 43316389|5444, 43320772|5531, 43320980|5697, 43321056|8044, 43321116|8122, 43324723|8199, 43325059|8269, 43326283|8334, 43326335|8402, 43326463|10160, 43326729|10231, 43326781|10942, org.chromium.chrome, 
43326860|3161, 43327160|3264, 43349700|3391, 43350116|3527, 43350198|3644, 43354641|3759, 43354849|3840, 43354927|4868, 43354987|4938, 43359578|5104, 43359654|7576, 43359714|7642, 43363320|7722, 43363656|7796, 43364883|7861, 43364935|7934, 43364987|8005, 43365386|9713, 43365438|10911, org.chromium.chrome, 
43365606|2084, 43369505|2180, 43369936|2307, 43370487|2388, 43370539|2458, 43371052|2544, 43371756|2699, 43372218|2872, 43372278|2978, 43376634|3067, 43377167|3169, 43377309|3342, 43379907|3437, 43380368|3708, 43380829|3792, 43380881|3945, 43381382|5517, 43381955|9589, 43382059|11104, com.duckduckgo.mobile.android, 
43386826|2325, 43387140|2443, 43388051|2523, com.isis_papyrus.raiffeisen_pay_eyewdg, 
43388173|2806, 43391628|2893, 43391938|3042, 43392967|3117, 43393459|3460, 43393891|3584, 43396840|3790, 43399789|3899, 43402738|4152, 43402961|4267, 43409344|4360, 43409774|4450, 43409826|4525, 43409991|5025, 43410147|5117, 43410524|5207, 43410741|5477, 43410793|6306, 43411111|6576, 43411377|6660, 43411429|6728, 43425347|6798, 43453216|6899, 43453268|7297, 43453408|7599, 43453726|7670, 43453882|7736, 43458284|7813, 43458440|7946, 43458769|8024, 43458904|10800, 43459520|10900, com.waze, 
43459625|2552, 43463076|2632, 43463519|2753, 43463703|2833, 43467983|2938, 43468151|3046, 43468422|3221, 43472275|3307, 43472886|3383, 43473372|3535, 43473518|3598, 43473943|3693, 43474409|10813, 43474461|11160, 43474513|11511, org.indywidualni.fblite, 
43474771|2208, 43474831|2386, 43481064|2536, 43481167|2758, 43481388|3240, 43481603|3895, 43486462|3966, 43491463|4034, 43492282|4097, 43492386|4171, 43494252|4281, 43500157|4391, 43503672|4467, 43504163|4534, 43505639|4608, 43505984|5075, 43603072|5198, 43603446|5291, 43603498|7417, 43603842|7493, 43604216|10817, 43604351|10895, 43604569|12176, 43604629|12256, 43609903|12328, 43610326|12550, 43610472|12615, 43610524|12682, 43610951|12779, 43611201|12983, 43611629|13195, de.zalando.mobile, 
43611751|1861, 43615207|1972, 43615517|2081, 43616712|2193, 43616801|2297, 43616861|2374, 43623032|2454, 43623368|2528, 43624001|2612, 43624061|3100, 43630126|3219, 43630281|3303, 43634131|3428, 43634903|3524, 43634955|3611, 43636288|3708, 43639937|3838, 43647455|3934, 43649612|4036, 43650528|4130, 43650614|4229, 43650666|5021, 43651153|5198, 43651258|6392, 43655736|6482, 43656072|6588, 43657562|6678, 43667126|6979, 43667772|7097, 43668801|7180, 43671593|7302, 43672319|7392, 43676734|7523, 43677824|7654, 43678264|7801, 43680086|8102, 43680163|8211, 43680334|8301, 43680394|8401, 43685145|8525, 43689628|8600, 43690067|8745, 43691216|8957, 43691471|9024, 43692105|10960, 43692344|11026, de.mcdonalds.mcdonaldsinfoapp, 
43692404|2400, 43696238|2499, 43696555|2612, 43700835|2714, 43701204|2831, 43701327|2944, 43705128|3043, 43705739|3110, 43706155|3178, 43706226|3244, 43706424|3315, 43706915|3422, 43707381|10815, org.indywidualni.fblite, 
43707513|2591, 43707589|2730, com.whatsapp, 
43707669|828, 43707749|1267, 43708267|2114, 43719175|2251, 43756392|2376, 43759227|2578, 43767175|2751, 43771321|2862, 43777854|3079, 43782330|6779, 43786806|6845, 43791301|6913, 43795787|6979, 43800273|7042, 43804759|7107, 43809246|7175, 43813723|7245, 43818209|7308, 43822695|7381, 43822786|10856, 43824026|10938, com.fsck.k9, 
43824161|652, 43824326|2413, 43828159|2510, 43828476|2611, 43832756|2692, 43832850|2793, 43833176|2907, 43836977|3014, 43837588|3088, 43838055|3159, 43838826|3229, 43839252|3322, 43839718|10788, 43839853|12664, 43839933|12728, org.indywidualni.fblite, 
43845835|1726, 43846410|1827, 43847087|1960, 43847596|2109, 43847744|2575, 43852160|2663, 43853021|2733, 43853315|2808, 43853519|2880, 43857784|2957, 43861073|3031, 43861125|3107, 43861177|3304, 43861937|3390, 43864932|3471, 43865017|5649, 43865077|5745, 43870602|5860, 43870928|5937, 43875424|6014, 43875675|6095, 43875795|6950, 43876564|7013, 43876616|7082, 43877199|7154, 43877398|7225, 43877450|7303, 43877772|10927, 43881228|12107, 43881538|12812, 43882844|12895, 43882904|12993, 43886470|13091, 43889976|13165, com.airbnb.android, 
43890286|1590, 43891134|1733, 43891444|1873, 43891552|2089, 43895511|2184, 43895942|2386, 43896493|2482, 43897058|2610, 43898385|2757, 43898907|2874, 43903365|2978, 43903796|3104, 43906536|3226, 43912205|3581, 43912666|3791, 43913002|4039, 43913054|4600, 43913210|4697, 43913971|5279, 43914335|5788, 43914387|5857, 43914647|6428, 43914970|6571, 43915138|6642, 43915242|10833, com.duckduckgo.mobile.android, 
43915318|2074, com.whatsapp, 
43915573|1932, 43915633|2106, 43921866|2297, 43921969|2501, 43922190|2744, 43922398|2995, 43922553|3094, 43922673|3160, 43927472|3268, 43927845|3323, 43933650|3399, 43938280|3502, 43938817|3568, 43946672|3678, 43946859|3765, 43951238|3872, 43951678|3957, 43951770|4029, 44050116|4107, 44050571|4184, 44050623|6757, 44050967|6814, 44051237|10321, 44051341|10384, 44051476|10447, de.zalando.mobile, 
44051711|2568, 44059018|2674, 44059501|2744, 44060018|2868, 44060310|10521, com.instagram.android, 
44060370|2072, 44066603|2584, 44066706|2795, 44066927|3002, 44067082|3093, 44067142|3168, 44071941|3258, 44072424|3318, 44077487|3384, 44077823|3468, 44078076|3525, 44085530|3620, 44085642|3678, 44089208|3739, 44089951|3813, 44090972|3877, 44109011|4030, 44188419|4130, 44188874|4222, 44188978|4492, 44189322|4596, 44189696|10148, 44189831|10256, de.zalando.mobile, 
44189953|1259, 44193410|1347, 44193720|1450, 44193772|1523, 44197707|1584, 44201146|1646, 44201482|1702, 44202115|1780, 44202175|2090, 44207894|2158, 44207998|2209, 44208447|2295, 44212245|2373, 44212914|2465, 44213245|2541, 44216717|2635, 44224622|2711, 44227921|2783, 44228219|2849, 44228837|2911, 44228889|3372, 44229377|3596, 44229437|4295, 44232169|4350, 44233855|4415, 44234191|4485, 44235680|4556, 44241283|4723, 44245473|4815, 44246104|4904, 44246898|5009, 44250356|5106, 44254091|5233, 44255317|5378, 44260840|5657, 44261508|5746, 44261825|5818, 44261945|5882, 44266636|5933, 44271447|6033, 44272043|6082, 44272246|6136, 44272349|6204, 44272954|6511, 44273640|10094, 44273775|10201, de.mcdonalds.mcdonaldsinfoapp, 
44273880|1881, 44273940|1954, 44277773|2033, 44277957|2101, 44282241|2183, 44282335|2350, 44282608|2420, 44282731|2478, 44282791|2528, 44286532|2584, 44287143|2632, 44287195|2684, 44287609|2737, 44287807|2791, 44288212|2852, 44288445|10041, 44288678|10090, org.indywidualni.fblite, 
44288800|1463, 44288860|1526, 44292257|1601, 44292567|1688, 44293763|1780, 44294018|1868, 44294147|1947, 44294267|2007, 44297374|2059, 44304038|2177, 44304449|2249, 44304501|2305, 44304604|2369, 44304825|2546, 44305670|3097, 44305722|3171, 44306347|3249, 44306470|3336, 44306530|3416, 44309691|3472, 44312792|3531, 44313223|3587, 44314208|3640, 44335331|3700, 44335522|3826, 44338882|3939, 44339056|4041, 44342789|4136, 44363752|4243, 44363804|4333, 44363980|4392, 44364040|4456, 44364459|4511, 44364511|4621, 44364563|4671, 44365502|4734, 44365542|9907, 44366600|9967, 44366683|10146, 44366827|10198, 44366962|10303, com.moshbit.studo, 
44367212|1766, 44370433|1846, 44376261|2009, 44381779|2163, 44382112|2495, 44382172|2963, 44385361|3276, 44385464|3382, 44390629|3467, 44390732|3546, 44390887|3622, 44390939|3707, 44391147|3778, 44393347|3872, 44393707|4324, 44414003|4417, 44414434|4493, 44416370|4572, 44428361|4660, 44434137|4736, 44445904|4802, 44446451|4871, 44446761|4930, 44447071|4981, 44447123|5039, 44447345|6172, 44447724|6236, 44447776|6566, 44453719|6625, 44453771|6690, 44453879|7261, 44461887|7345, 44464072|7430, 44464887|7511, 44465637|7642, 44466064|7837, 44466431|7907, 44466603|7993, 44474405|8060, 44478955|8136, 44483155|8205, 44491137|8286, 44491357|8363, 44493037|8473, 44493089|8531, 44493415|9517, 44493479|9784, 44493666|9837, 44494484|10392, 44494619|10604, org.mozilla.firefox, 
44494671|1921, 44494750|2451, 44516965|2610, 44518005|2740, 44518199|2842, 44522582|2933, 44522790|3013, 44522868|3846, 44527310|3958, 44527518|4077, 44527736|5775, 44527796|5829, 44533070|5882, 44533364|6051, 44533574|6118, 44533626|6389, 44533720|6452, 44534146|6516, 44534432|6971, 44534492|7026, 44538524|7092, 44538860|7158, 44540084|7212, 44540136|7316, 44540538|9132, 44540590|10125, org.chromium.chrome, 
44540772|2197, 44544169|2271, 44544479|2327, 44545508|2445, 44545954|2723, 44546412|2795, 44546652|2886, 44549601|3049, 44549653|3118, 44552550|3213, 44555499|3307, 44558559|3369, 44558781|3426, 44558892|3498, 44559003|3883, 44559115|3946, 44562473|4023, 44562697|4083, 44563067|4143, 44563284|4380, 44563658|4973, 44563924|5028, 44563976|5141, 44577986|5194, 44606595|5255, 44606735|5766, 44607001|5818, 44607209|5871, 44611781|5923, 44611937|6035, 44612266|6144, 44612401|10028, 44613017|10081, com.waze, 
44613182|2050, 44617014|2145, 44617198|2234, 44621567|2313, 44621735|2417, 44622068|2554, 44625861|2611, 44626472|2658, 44626937|2765, 44627135|2821, 44627627|2892, 44628093|10172, org.indywidualni.fblite, 
44628343|2062, 44630274|2164, 44630326|2505, 44631808|2591, 44632247|2658, 44644519|2730, 44676833|2798, 44705668|2896, 44705720|2960, 44705772|3415, 44705896|4967, 44717164|5051, 44757747|5197, 44759690|5311, 44765845|5394, 44765998|5484, 44779785|5573, 44779845|5863, 44780293|5939, 44780695|6024, 44781618|6105, 44782019|6176, 44787094|6821, 44788733|6959, 44789249|7120, 44801824|8398, 44819305|8490, 44847734|8601, 44847794|8691, 44850251|8919, 44850605|8992, 44851645|9090, 44854844|9192, 44885534|9296, 44898161|9477, 44914368|9560, 44914611|10106, 44914887|10189, 44951472|10275, 44953559|10375, 44955891|10468, 44955995|10600, 44956567|10733, 44956619|10846, de.spiegel.android.app.spon, 
44956679|2211, 44960076|2295, 44961921|2526, 44964870|2655, 44967819|2840, 44970768|3012, 44973939|3103, 44974161|3166, 44974265|3670, 44974642|3795, 45014020|4717, 45016987|4795, 45017195|5316, 45021597|5388, 45021909|5511, 45021961|5571, 45022290|5631, 45022989|10301, 45023124|12672, com.waze, 
45023311|2062, 45023587|2219, 45032355|2378, 45033059|2512, 45035183|2609, 45035287|2680, 45036269|2979, 45036690|3058, 45037135|10870, 45037390|13031, 45037450|13189, 45043683|13425, de.pilot.newyorker.android, 
45043743|171, 45048127|247, 45048479|393, 45048663|464, 45048715|543, 45048767|608, 45062414|693, 45062635|844, 45062792|5902, 45062852|5969, 45066550|6111, 45070417|6262, 45070807|6332, 45070897|6394, 45071339|6464, 45073900|6562, 45076107|6640, 45076159|6789, 45076294|11044, 45076429|11115, com.twitter.android, 
45076551|1824, 45080008|1944, 45080318|2062, 45081829|2210, 45084936|2299, 45085427|2370, 45085838|2440, 45092071|2520, 45092123|2593, 45092226|2750, 45092799|2839, 45093020|2907, 45093084|3270, 45093188|3338, 45093344|3920, 45093969|4031, 45094029|4145, 45097190|4228, 45100722|4303, 45110695|4374, 45122636|4482, 45122688|4690, 45126050|4837, 45144356|4997, 45148566|5112, 45150857|5239, 45150909|5331, 45151898|5404, 45151938|10642, 45152236|10774, 45152371|10910, com.moshbit.studo, 
45155827|1985, 45156137|2103, 45157331|2187, 45157383|2961, 45157727|3091, 45184658|3290, 45185390|3405, 45188939|3642, 45194302|3795, 45195221|3890, 45195273|3976, 45196475|4067, 45197586|4168, 45199191|4250, 45201181|4367, 45202436|4536, 45202996|6268, 45203194|9334, 45203418|9430, 45206276|9515, 45206483|9602, 45208124|9706, 45208976|10231, 45209028|10338, 45212027|10446, 45212956|10643, 45213391|11392, 45213526|11461, 45213586|11867, 45216981|11938, 45217291|12351, 45217343|12427, 45218485|12526, de.prosiebensat1digital.prosieben, 
45218545|5370, 45222243|5438, 45226110|5585, 45226500|5655, 45226642|5728, 45227032|5804, 45227084|5872, 45229595|5942, 45231803|6005, 45231855|6234, 45231990|10940, 45232125|11021, com.twitter.android, 
45232439|1785, 45238155|1963, 45239116|2161, 45239168|2267, 45239677|2383, 45239885|2975, 45245102|3051, 45245396|3133, 45245600|3207, 45249917|3277, 45253208|3358, 45253260|3439, 45253312|3729, 45258197|4201, 45259040|4368, 45259125|6127, 45264710|6238, 45265036|6330, 45269532|6416, 45269783|6512, 45269903|7605, 45270620|7672, 45270862|7741, 45271307|7809, 45271558|7883, 45271610|9329, 45271932|10920, 45275388|12297, 45275698|12911, 45275750|12998, 45277064|13085, 45280570|13361, com.airbnb.android, 
45280880|1512, 45281728|1627, 45281978|2340, 45285199|2508, 45296545|2788, 45296878|3337, 45296938|3484, 45300127|3917, 45300230|4542, 45300741|4829, 45311069|5026, 45311121|5156, 45313319|5288, 45313655|5422, 45334103|5664, 45335428|5841, 45338177|5989, 45338449|6079, 45338657|6457, 45338709|6584, 45339073|7310, 45339125|7410, 45339255|7979, 45339764|8131, 45340128|8391, 45340240|8515, 45346353|8654, 45346952|8779, 45353012|8913, 45353064|9021, 45353648|9406, 45365262|9528, 45365975|9660, 45371851|9798, 45373703|9964, 45375492|10571, 45387213|10686, 45388415|10801, 45388527|11063, 45392846|11191, 45395845|11325, 45396155|11450, 45397056|11545, 45397191|11737, 45397347|14153, 45397918|14222, org.mozilla.firefox, 
45401374|1722, 45401736|1893, 45402879|2052, 45403028|2139, 45409199|2246, 45410168|2355, 45410410|2755, 45416292|2870, 45419619|2994, 45420340|3141, 45421482|3266, 45421763|3520, 45425234|3629, 45431607|3767, 45435588|3883, 45436504|3980, 45436556|4701, 45437044|4836, 45437261|5871, 45440739|5986, 45441075|6092, 45442626|6245, 45452049|6365, 45452695|6449, 45452990|6540, 45453648|6736, 45454334|7243, 45463310|7359, 45463646|7592, 45465131|7672, 45465302|7779, 45465362|7976, 45467028|8061, 45470111|8156, 45470214|8226, 45470819|8536, 45471098|10837, 45471576|10906, 45471711|10972, de.mcdonalds.mcdonaldsinfoapp, 
45471816|2439, 45475267|2537, 45476553|2705, 45476605|2801, 45481033|2935, 45481305|3030, 45481488|3113, 45485229|3206, 45485840|3273, 45486309|3338, 45486578|3410, 45487094|3562, 45487327|10784, 45487560|10866, org.indywidualni.fblite, 
45487895|2283, 45487955|2374, 45491938|2479, 45498497|2578, 45499662|2657, 45499929|2748, 45503852|2826, 45504073|2904, 45504399|2978, 45505033|3054, 45505085|3125, 45505137|3191, 45505445|6229, 45518045|6346, 45519133|6435, 45519193|6530, 45525977|6628, 45527055|7625, 45527211|7694, 45529422|8021, 45529474|8119, 45530712|8671, 45531034|10911, 45531169|10978, com.paypal.android.p2pmobile, 
45532247|1584, 45532351|1671, 45532403|1737, 45533238|1825, 45533600|2166, 45539016|2297, 45539447|2412, 45560524|2647, 45560768|2754, 45560820|2859, 45569115|2969, 45569512|3107, 45569667|3192, 45571684|3377, 45571736|3465, 45572861|3671, 45576456|3780, 45577711|3954, 45578271|5311, 45580016|8747, 45580589|9077, 45580641|9380, 45583640|9465, 45583938|9565, 45584569|9786, 45586046|10985, 45586398|11471, 45586533|11542, 45586715|11971, 45590112|12056, 45590422|12311, 45590474|12389, 45591616|12482, de.prosiebensat1digital.prosieben, 
45591866|2096, 45595087|2211, 45606433|2449, 45606766|2910, 45606826|3108, 45610015|3506, 45610118|3838, 45610326|4165, 45610489|4570, 45615954|4675, 45635683|4806, 45637700|4916, 45639266|5042, 45661874|5132, 45664621|5228, 45665376|5347, 45665686|5434, 45666190|5518, 45666569|7274, 45672819|8108, 45672871|8214, 45680972|8422, 45681270|8512, 45681817|8591, 45681869|8688, 45682632|8881, 45683383|9055, 45684079|9154, 45684297|9241, 45691355|9322, 45692505|9403, 45693189|9521, 45693720|9639, 45697120|9729, 45697693|9803, 45700198|9878, 45700565|10131, 45701559|10224, 45701810|10481, 45702136|10837, 45702902|10930, 45703037|11151, org.mozilla.firefox, 
45703292|2563, 45703352|2790, 45709585|2958, 45709688|3258, 45709909|3503, 45710124|4325, 45714923|4431, 45715296|4506, 45715970|4574, 45720600|4682, 45723035|4763, 45728679|4882, 45732357|4962, 45733100|5045, 45733152|5111, 45734121|5209, 45775068|5305, 45831556|5428, 45831911|5514, 45832067|8069, 45832411|8153, 45832785|10934, 45832920|11016, de.zalando.mobile, 
45833196|2132, 45841964|2268, 45844792|2410, 45844896|2516, 45846164|3100, 45846397|9615, 45846437|9691, 45846707|10854, 45846767|13015, 45853000|13166, de.pilot.newyorker.android, 
45853060|1, 45857444|90, 45857796|324, 45857980|414, 45868389|579, 45871576|672, 45871679|1085, 45871900|1306, 45872155|2298, 45872215|2527, 45878448|2671, 45878551|2898, 45878772|3128, 45878987|3833, 45883786|3926, 45888847|3993, 45889666|4073, 45891513|4181, 45891774|4272, 45900933|4372, 45901424|4455, 45901779|4525, 45902800|4605, 45969898|4895, 46000559|4982, 46000715|5431, 46001059|5507, 46001433|10871, 46001568|10950, 46001786|12297, 46006202|12366, 46007120|12440, 46007543|12661, 46007689|12749, 46008167|12816, 46008429|13255, 46008921|13327, de.zalando.mobile, 
46009111|2353, 46009171|2442, 46010775|2515, 46011154|2610, 46011266|2909, 46012688|2992, 46013119|3059, 46025391|3131, 46086455|3218, 46086507|3367, 46086559|4052, 46086863|5870, 46119897|5979, 46140463|6095, 46143002|6212, 46143062|6603, 46143521|6733, 46143665|7816, 46143725|7916, 46145085|8006, 46145249|8101, 46145713|8197, 46158288|10006, 46174582|10123, 46174680|10970, 46175023|11125, 46175928|11199, 46176136|11264, 46176188|11334, de.spiegel.android.app.spon, 
46176446|2266, 46176506|2451, 46182739|2683, 46182842|2842, 46183178|3107, 46183361|3187, 46183933|3287, 46183985|3724, 46184037|3802, 46184869|4334, 46190534|4465, 46197298|4609, 46197814|4674, 46198530|4779, 46198965|4845, 46199017|4936, 46199409|5351, 46199658|5449, 46200042|5529, 46200322|5603, 46200374|5853, 46200541|8364, 46204375|8461, 46204685|8538, 46204737|8617, 46210383|8848, 46210443|9037, 46210996|9118, 46211148|9198, 46211402|9287, 46211797|9365, 46212081|9449, 46212141|9535, 46212253|9632, 46212391|9716, 46212536|9814, 46212607|9914, 46212980|10043, 46213263|10135, 46213546|10233, 46213908|10340, 46214195|10443, 46214247|10561, 46214922|11079, org.zwanoo.android.speedtest, 
46215034|2267, 46216951|2348, 46217003|2674, 46218500|2774, 46218939|2844, 46231531|2920, 46272230|3000, 46292309|3088, 46292361|3160, 46292413|3675, 46292593|5415, 46344873|5525, 46345020|5637, 46345132|7538, 46346552|7636, 46347068|7739, 46347153|8709, 46347213|9443, 46377048|9586, 46378902|9737, 46379807|10480, 46382899|10620, 46405313|10749, 46414035|10845, 46414087|10957, 46414295|11357, 46414347|11428, de.spiegel.android.app.spon, 
46419911|1612, 46420758|1724, 46421146|1836, 46421655|1991, 46421863|2498, 46427080|2567, 46427374|2637, 46431843|2745, 46432189|2818, 46432241|2881, 46435236|2951, 46435288|3180, 46439824|3568, 46439907|4821, 46440052|5470, 46445577|5591, 46450399|5736, 46450650|5814, 46450770|7005, 46451487|7074, 46451781|7145, 46452226|7215, 46452477|7281, 46452529|9947, 46452664|10832, 46452986|10930, 46453108|11841, 46456563|11935, 46456873|12528, 46456925|12609, 46458239|12715, 46461805|12835, 46465311|12988, com.airbnb.android, 
46465931|406, 46466779|521, 46466831|1201, 46467454|1318, 46467704|2043, 46470925|2211, 46477326|2561, 46482844|2794, 46483177|2965, 46483289|3171, 46486478|3460, 46486721|3809, 46491789|3942, 46491997|4105, 46492333|4365, 46492393|4626, 46497498|4776, 46497653|4869, 46498065|4986, 46520606|5133, 46525477|5390, 46544524|5526, 46551934|5676, 46552391|5812, 46552843|5930, 46553259|6140, 46553675|7134, 46554054|7629, 46554366|7994, 46560543|8350, 46560699|8482, 46568800|8863, 46569645|8977, 46569697|9103, 46571210|9274, 46572752|9788, 46572856|9915, 46579982|10055, 46581192|10195, 46587641|10342, 46587745|10463, 46589054|10740, 46589106|10849, 46590007|11194, 46590142|11509, org.mozilla.firefox, 
46594185|2330, 46601828|2529, 46601992|2660, 46606344|2796, 46607199|2940, 46607303|3070, 46607731|6084, 46621299|6167, 46621359|6368, 46628223|6467, 46629301|7542, 46629457|7609, 46636063|8107, 46636115|8177, 46637357|8673, 46637762|10761, 46637897|10900, com.paypal.android.p2pmobile, 
46638019|2000, 46641476|2143, 46641786|2271, 46643180|2387, 46643240|2463, 46649473|2673, 46649576|2831, 46651016|3077, 46651331|4951, 46655532|5031, 46659297|5110, 46659763|5172, 46659867|5240, 46666388|5387, 46666440|5644, 46666928|5859, 46667333|11040, 46667468|11141, 46667590|11491, 46671046|11608, 46671408|12634, 46672552|12753, com.tripadvisor.tripadvisor, 
46677319|2482, 46677633|2611, 46678544|2723, com.isis_papyrus.raiffeisen_pay_eyewdg, 
46678923|3851, 46701880|4013, 46702022|4448, 46706406|4536, 46706614|4627, 46706692|6021, 46711136|6167, 46711344|6373, 46711424|6456, 46711476|7743, 46711528|7812, 46712154|7882, 46712230|8024, 46712290|8099, 46715895|8168, 46716231|8258, 46717455|8323, 46717507|8396, 46717896|10179, 46717948|11114, 46718083|12311, org.chromium.chrome, 
46718205|1919, 46721661|2021, 46721971|2130, 46723166|2240, 46723226|2309, 46729397|2415, 46730366|2499, 46736327|3038, 46736387|3131, 46739818|3232, 46740599|3317, 46741268|3390, 46741320|3476, 46742462|3561, 46742630|3671, 46742690|3762, 46746213|3892, 46755785|4009, 46756701|4194, 46756753|4881, 46757241|5046, 46757346|6087, 46760138|6176, 46761824|6278, 46763596|6362, 46763797|6689, 46773160|6801, 46773806|6891, 46774759|7015, 46775136|7649, 46779553|7757, 46780433|7989, 46785549|8104, 46785859|8226, 46785919|8352, 46790616|8506, 46790719|8643, 46791324|8851, 46792081|10911, 46792216|10982, de.mcdonalds.mcdonaldsinfoapp, 
46792478|1740, 46792786|1854, 46793463|1961, 46793997|2226, 46820438|2394, 46820821|2633, 46820993|2737, 46826304|2840, 46829683|2956, 46829786|3065, 46829838|3181, 46831995|3554, 46833922|3658, 46833986|3748, 46835097|3854, 46839947|3953, 46840559|5288, 46842356|8671, 46842647|9034, 46842699|9123, 46845698|9205, 46845996|9286, 46846036|9471, 46847462|10702, 46848828|10812, 46849315|11047, 46849450|11138, 46852906|11537, 46853216|11953, 46854410|12054, de.prosiebensat1digital.prosieben, 
46854728|2199, 46858651|2284, 46858711|2363, 46859037|2446, 46866435|2519, 46866539|2583, 46866599|2651, 46870625|2729, 46870951|2794, 46871172|2861, 46871858|2942, 46871910|3013, 46883170|5871, 46885598|5968, 46892442|6070, 46893468|7157, 46893624|7224, 46899778|7609, 46900480|7849, 46900713|9955, 46900793|10027, 46901198|10794, 46901333|10875, com.paypal.android.p2pmobile, 
46901448|3133, 46908556|3222, 46909306|3302, 46909358|3382, 46909875|3756, 46910448|10161, 46910740|11031, 46910958|11931, 46915374|12075, 46916292|12148, 46916586|12430, 46916706|12505, 46916796|12578, 46916942|12646, 46916994|12716, 46917421|12787, 46917619|13103, 46918044|13303, com.instagram.android, 
46920836|2111, 46921501|2220, 46921863|2321, 46923007|2418, 46923265|2522, 46923454|2619, 46926621|2708, 46933695|2857, 46933850|3014, 46934071|3250, 46934239|3681, 46934291|4187, 46934968|4292, 46935091|4387, 46935151|4478, 46938312|4569, 46941844|4640, 46942869|4707, 46963954|4787, 46964145|5087, 46967507|5207, 46987056|5404, 46990440|5519, 46992646|5650, 46992810|5739, 46996267|5817, 46996370|5888, 46997337|6082, 46997512|10958, 46997564|11026, 46997699|11098, com.moshbit.studo, 
46997855|1811, 46998691|1913, 46998850|2094, 46998910|2157, 47002365|2226, 47002675|2295, 47002727|2367, 47003215|2592, 47003583|8522, 47003635|8613, 47003687|8689, 47010673|8772, 47011149|8963, 47011201|9140, 47011580|9253, 47011632|9436, 47012742|9894, 47013012|10928, com.tripadvisor.tripadvisor, 
47013134|1752, 47016590|1861, 47016900|1986, 47018354|2126, 47018414|2218, 47021581|2298, 47028335|2445, 47028656|2519, 47028708|2606, 47028811|2692, 47029032|2876, 47029200|3341, 47029356|3876, 47029981|3968, 47033142|4059, 47033202|4146, 47036734|4219, 47047971|4283, 47058604|4355, 47058743|4548, 47062156|4710, 47063608|4834, 47065950|4968, 47086981|5084, 47087149|5197, 47088170|5356, 47088397|10906, 47088532|11002, com.moshbit.studo, 
47088930|2183, 47098993|2300, 47131202|2434, 47140318|2629, 47148973|2821, 47152325|2902, 47158806|3248, 47163282|8035, 47167758|8103, 47172253|8235, 47176739|8303, 47181283|8369, 47185827|8453, 47190314|8515, 47194849|8582, 47198439|8649, 47202983|8723, 47203937|8801, 47205177|10909, 47205312|13608, com.fsck.k9, 
47205447|1551, 47209430|2164, 47209823|2247, 47210149|2323, 47211293|2395, 47211457|2463, 47221613|2534, 47221939|2599, 47222676|2728, 47222897|3190, 47222961|3338, 47223081|5734, 47236649|5842, 47236709|6049, 47243493|6130, 47244571|7209, 47244727|7275, 47245429|7492, 47247158|7568, 47252333|8032, 47252738|10925, 47252873|10990, 47253143|12826, 47253223|12900, com.paypal.android.p2pmobile, 
47253403|1986, 47254463|2069, 47272377|2198, 47292840|2325, 47296659|2447, 47303510|2572, 47304224|2657, 47305387|2741, 47316282|2837, 47320422|2922, 47321292|3020, 47322462|3105, 47323168|3207, 47327702|6526, 47331283|6597, 47335827|6666, 47336789|6744, 47341333|6816, 47345877|6885, 47350420|6955, 47354965|7029, 47359500|7106, 47364044|7197, 47368588|7268, 47368679|10774, 47368854|10896, 47369919|10979, com.fsck.k9, 
47373496|1951, 47373806|2118, 47375131|2249, 47378358|2354, 47385433|2543, 47385485|2628, 47385588|2778, 47385809|2986, 47385977|3433, 47386081|3805, 47386758|3924, 47386881|4020, 47386941|4117, 47390102|4192, 47393634|4284, 47404871|4347, 47415570|4445, 47415622|4644, 47418984|4828, 47419342|4920, 47441882|5083, 47443786|5217, 47443838|5301, 47444946|5404, 47444986|10572, 47446044|10640, 47446271|10840, 47446406|10909, com.moshbit.studo, 
47446518|2119, 47450449|2202, 47450775|2286, 47458091|2353, 47458279|2456, 47462202|2564, 47462631|2631, 47463265|2699, 47463317|2760, 47463590|2827, 47463630|4010, 47472462|5747, 47477318|5845, 47481734|6033, 47484162|6129, 47485240|7172, 47485344|7239, 47488516|7693, 47492193|7774, 47492895|7994, 47493300|10767, 47493435|10903, com.paypal.android.p2pmobile, 
47494049|2032, 47505095|2148, 47541656|2259, 47542953|2408, 47548801|2500, 47555026|2602, 47557255|2680, 47563736|2748, 47568270|6547, 47571851|6611, 47572804|6677, 47577357|6745, 47581901|6815, 47585482|6881, 47590035|6952, 47594570|7025, 47599115|7103, 47603659|7167, 47604613|7231, 47609157|7301, 47610397|10811, com.fsck.k9, 
47610776|3205, 47633317|3376, 47633733|3459, 47633815|3553, 47633875|3689, 47638543|3811, 47638603|3884, 47642987|3955, 47643195|4045, 47643271|7591, 47643383|7661, 47647273|7750, 47648498|7832, 47648550|7907, 47648821|9699, 47648953|9763, 47649005|10898, org.chromium.chrome, 
47649065|2044, 47653246|2124, 47653632|2265, 47654716|2337, 47661061|2401, 47665036|2466, 47665465|2600, 47666151|2670, 47666372|2747, 47666800|5708, 47680368|5808, 47684784|5916, 47687212|6020, 47688238|7033, 47688394|7099, 47689015|7326, 47690744|7395, 47695128|7651, 47695533|10852, 47695668|10989, 47695803|13729, com.paypal.android.p2pmobile, 
47695985|1744, 47699381|1821, 47699691|1933, 47700886|2025, 47700975|2103, 47707206|2176, 47707542|2250, 47708174|2351, 47708416|2768, 47714195|2863, 47717626|2949, 47718407|3055, 47719076|3144, 47719128|3245, 47720270|3353, 47720498|3488, 47731333|3575, 47731436|3678, 47733593|3760, 47734509|3872, 47734561|4601, 47735049|4708, 47735214|5687, 47739632|5770, 47739968|5942, 47747062|6057, 47751883|6185, 47752617|6435, 47756135|6541, 47759532|6733, 47760573|6890, 47765857|7009, 47766025|7151, 47766707|7317, 47767902|7411, 47772379|7522, 47772439|7620, 47777945|7744, 47778271|7834, 47778374|7923, 47778979|8080, 47779665|10953, 47779800|11038, 47780373|12124, de.mcdonalds.mcdonaldsinfoapp, 
47780413|2173, 47780453|4747, 47780493|4998, 47780650|5794, 47780710|5862, 47784408|5932, 47788275|6149, 47788665|6220, 47788807|6282, 47788859|6352, 47791759|6429, 47793965|6571, 47794017|6881, 47794152|10989, 47794287|11056, com.twitter.android, 
47794563|2199, 47803683|2366, 47806159|2514, 47806211|2595, 47807479|3065, 47807749|10860, 47808007|13136, 47808067|13358, 47814300|13611, de.pilot.newyorker.android, 
47814360|268, 47818744|337, 47819096|558, 47819280|628, 47819332|785, 47819384|859, 47819487|929, 47829896|1068, 47833211|1146, 47833271|1794, 47836666|1916, 47837028|2048, 47838172|2181, 47841399|2292, 47841830|2405, 47848474|2518, 47848526|2598, 47848629|2670, 47848850|3115, 47849239|3272, 47849343|3868, 47850020|3975, 47853181|4153, 47853241|4224, 47853672|4294, 47867060|4366, 47878543|4441, 47879064|4508, 47882477|4777, 47882775|4921, 47901840|5000, 47902843|5225, 47903011|5316, 47903435|5971, 47907072|6123, 47907723|6224, 47909265|6292, 47909317|6356, 47909485|6950, 47909693|9177, 47909920|10912, 47910055|11055, com.moshbit.studo, 
47910099|2404, 47914822|2499, 47916047|2600, com.isis_papyrus.raiffeisen_pay_eyewdg, 
47924935|2058, 47925639|2209, 47927763|2329, 47927867|2451, 47928714|2706, 47929135|2793, 47929540|10817, 47929675|10884, 47929933|13001, 47929993|13239, 47936226|13425, 47936286|13976, de.pilot.newyorker.android, 
47940670|1, 47941022|214, 47941206|322, 47954750|426, 47954853|534, 47955074|837, 47955189|2603, 47962297|2698, 47962616|2778, 47963099|2850, 47963616|2995, 47963908|11028, com.instagram.android, 
47964166|2442, 47964226|2600, 47970459|2909, 47970677|3175, 47970920|3267, 47971661|3344, 47971864|3427, 47971924|3506, 47977417|3589, 47977727|3720, 47977779|3799, 47978214|3874, 47978741|4395, 47978861|4466, 47985625|4588, 47985831|4658, 47986495|4731, 47987136|5248, 47987520|5340, 47987800|5418, 47987967|8155, 47991801|8239, 47992111|8414, 47992163|8502, 47997863|8678, 47997923|8865, 47998576|8952, 47998830|9043, 47999225|9139, 47999367|9214, 47999509|9294, 47999681|9375, 47999819|9455, 47999893|9549, 47999964|9641, 48000106|9737, 48000408|9827, 48000762|9921, 48000974|10008, 48001146|10094, 48001429|10185, 48001623|10301, 48002298|11615, 48002378|12482, 48002458|12566, org.zwanoo.android.speedtest, 
48002498|1380, 48002680|1645, 48002936|1724, 48003040|1868, 48004087|2021, 48009443|2170, 48030782|2435, 48031083|2536, 48031195|2625, 48034914|2760, 48040225|2860, 48040277|2958, 48041196|3046, 48041248|3129, 48043561|3243, 48043733|3340, 48043837|3441, 48046526|3537, 48048413|3627, 48048973|5119, 48049343|7730, 48052251|7818, 48052406|7904, 48054099|8024, 48054369|8399, 48054421|8477, 48057420|8574, 48057718|8655, 48057758|8870, 48057870|9803, 48058939|9897, 48059288|10099, 48059919|10343, 48061131|10977, 48061789|11082, 48066286|11220, 48066525|11335, 48066773|11411, 48066908|11473, de.prosiebensat1digital.prosieben, 
48069890|2153, 48070689|2279, 48081723|2409, 48082056|2962, 48082116|3400, 48085305|3723, 48085408|3949, 48085616|4338, 48085719|4518, 48091457|4627, 48095312|4834, 48112362|4943, 48115903|5065, 48117489|5167, 48128386|5257, 48129174|5357, 48143239|5443, 48143343|5548, 48143963|5656, 48144261|5747, 48144353|7197, 48144862|7283, 48151187|8203, 48151239|8310, 48151347|8517, 48159340|8623, 48160185|8707, 48160237|8784, 48161000|8888, 48161749|9154, 48162543|9264, 48162595|9419, 48170457|9537, 48170922|9647, 48171659|9753, 48171719|9855, 48175485|9948, 48178176|10042, 48178228|10118, 48179537|10276, 48179589|10378, 48179915|11013, 48180764|11086, 48180899|11240, org.mozilla.firefox, 
48181014|2504, 48188122|2585, 48188924|2688, 48188976|2763, 48189619|3205, 48189702|3848, 48189754|8977, 48190046|10880, com.instagram.android, 
48194813|2289, 48196038|2486, com.isis_papyrus.raiffeisen_pay_eyewdg, 
48196220|1741, 48199615|1836, 48199925|2039, 48201121|2133, 48201277|4417, 48201436|4494, 48202122|4562, 48205577|4644, 48205887|4712, 48205939|4777, 48206427|4931, 48206638|10692, 48206698|10821, 48213960|10890, com.tripadvisor.tripadvisor, 
48214983|2084, 48232326|2238, 48245502|2353, 48248667|2452, 48251348|2560, 48254654|2657, 48272339|2798, 48280560|2903, 48282806|3010, 48284457|3176, 48287747|3635, 48288858|7163, 48288910|7241, 48294692|7757, 48299278|8233, 48307403|8387, 48312911|8500, 48321046|8611, 48326487|8694, 48330964|8768, 48335450|8845, 48339866|8964, 48341106|11038, com.fsck.k9, 
48341150|2182, 48345873|2278, 48346187|2384, 48347098|2464, com.isis_papyrus.raiffeisen_pay_eyewdg, 
48347333|2784, 48354804|2861, 48355175|2950, 48355692|3382, 48355838|10947, 48355984|11013, com.instagram.android, 
48356106|1683, 48356166|1791, 48359562|1901, 48359872|1993, 48361068|2066, 48361495|4282, 48365576|4344, 48365886|4426, 48365938|4505, 48366426|4724, 48366538|10468, 48366794|10567, 48373836|10678, 48374717|10881, com.tripadvisor.tripadvisor, 
48377711|2077, 48422835|2225, 48424717|2375, 48432885|2478, 48437389|2579, 48438384|2659, 48444865|2745, 48448446|6426, 48449365|6495, 48453899|6564, 48458452|6627, 48462033|6710, 48466577|6779, 48471130|6849, 48472084|6915, 48476629|6982, 48481164|7074, 48484754|7135, 48489298|7201, 48490252|7287, 48490343|10655, 48493135|10866, 48494323|10989, 48494375|11073, com.fsck.k9, 
48497830|1770, 48498140|1991, 48498192|2062, 48499336|2226, 48499492|4336, 48499711|4405, 48503792|4474, 48504102|4542, 48504154|4611, 48505130|5007, 48505415|9790, 48505495|9893, 48505547|10593, 48505863|10693, 48512905|10823, 48513227|10906, 48513838|11056, com.tripadvisor.tripadvisor, 
48513882|2141, 48518605|2244, 48518919|2341, 48519830|2430, com.isis_papyrus.raiffeisen_pay_eyewdg, 
48520012|1748, 48523407|1894, 48523717|2014, 48523769|2089, 48524913|2182, 48524965|4042, 48525121|4310, 48525966|4379, 48529421|4454, 48529731|4592, 48529783|4667, 48530271|4822, 48530323|10448, 48530383|10549, 48530639|10625, 48537683|10701, 48538564|10891, com.tripadvisor.tripadvisor, 
48538721|5210, 48538781|5276, 48542479|5429, 48546346|5532, 48546736|5598, 48546878|5659, 48547268|5733, 48549830|5805, 48549920|5877, 48552038|5951, 48552090|6089, 48552225|10882, 48552360|10956, com.twitter.android, 
48552542|1799, 48555939|1901, 48556249|2112, 48557445|2197, 48557760|4361, 48558446|4428, 48561901|4512, 48562211|4577, 48562263|4645, 48562751|4790, 48562863|10630, 48563254|10753, 48567723|10815, 48570618|10896, com.tripadvisor.tripadvisor, 
48570678|1653, 48574738|1767, 48575048|1866, 48576244|1976, 48576400|4330, 48576559|4393, 48580700|4456, 48581010|4575, 48581062|4630, 48581550|4811, 48581662|10099, 48581918|10182, 48586781|10251, 48588959|10328, 48589570|10521, 48589705|10574, com.tripadvisor.tripadvisor, 
48589765|4367, 48593463|4434, 48597330|4607, 48597810|4662, 48597862|4712, 48600817|4828, 48603024|5003, 48603076|5178, 48603156|8249, 48603291|10392, 48603426|10448, com.twitter.android, 
48603486|4407, 48603546|4463, 48607184|4527, 48611051|4658, 48611531|4712, 48611973|4818, 48614537|4879, 48616744|5027, 48616796|5198, 48616931|10425, 48617066|10546, 48617170|12075, com.twitter.android, 
48617230|4396, 48617342|4450, 48620928|4521, 48624795|4633, 48625275|4691, 48625327|4801, 48628279|4866, 48630486|4990, 48630538|5456, 48630602|5628, 48630654|6710, 48630789|10314, 48630924|10390, com.twitter.android, 
