||class android.net.TrafficStats:public static long android.net.TrafficStats.getMobileRxPackets()
49293|1, 49303|150, 49304|548, 49306|759, 49313|853, 49314|987, 49316|1090, 49319|1462, 49320|1551, 49321|1634, 49323|1738, 49333|1819, 49357|1947, 49368|2046, 49399|2137, 49424|2237, 49426|2313, 49432|2415, 49433|2483, 49434|3384, 49441|3627, 49443|3697, 49444|3766, 49455|4669, 49459|4771, 49461|4878, 49462|5154, 49469|5388, 49471|5491, 49486|5603, 49495|5693, 49501|5771, 49509|5844, 49518|5978, 49519|6053, 49520|7003, 49526|7619, 49536|7697, 49538|7878, 49541|9426, 49542|9539, org.mozilla.firefox, 
49546|1184, 49554|1276, 49555|1357, 49556|1426, 49557|1520, 49561|1662, 49563|1993, 49568|2044, 49569|2100, 49570|2158, 49571|2208, 49573|2254, 49575|2312, 49583|2364, 49584|2419, 49585|2476, 49586|2687, 49587|2779, 49590|2831, 49591|4988, 49592|5047, 49598|5126, 49599|5251, 49603|5307, 49607|5360, 49609|5838, 49620|5942, 49622|5995, 49624|6050, 49628|6162, 49635|10056, 49637|11240, 49641|11311, 49642|11824, 49643|11886, 49650|11952, com.airbnb.android, 
49652|1070, 49653|1174, 49654|1375, 49658|1498, 49660|1587, 49661|1660, 49670|2201, 49680|2297, 49700|2419, 49706|2615, 49707|2731, 49710|2829, 49718|2938, 49719|3025, 49722|3125, 49724|3278, 49726|3375, 49736|3484, 49740|3736, 49745|4401, 49752|4984, 49753|5061, 49754|5236, 49760|5747, 49764|5985, 49765|6843, 49772|6973, 49776|7093, 49777|7192, 49778|7291, 49779|8060, 49783|8155, 49784|8348, 49785|8483, 49787|8959, 49795|9077, 49797|9211, 49798|9302, 49799|10137, 49803|10250, 49811|10398, 49813|10470, 49814|12245, 49815|12434, 49817|12495, de.prosiebensat1digital.prosieben, 
49820|1042, 49821|1129, 49827|2993, 49862|3154, 49863|3494, 49869|3581, 49871|3654, 49872|4829, 49878|4948, 49880|5098, 49881|7395, 49882|7443, 49885|7500, 49886|7555, 49887|7603, 49893|7650, 49894|7752, 49897|9501, 49898|10078, 49899|10134, org.chromium.chrome, 
49900|1555, 49904|1621, 49905|1702, 49906|1793, 49909|1905, 49910|1976, 49915|2031, 49917|2147, 49927|2220, 49928|2294, 49929|2411, 49932|2586, 49933|2648, 49934|2823, 49944|3013, 49947|3182, 49953|3258, 49957|3339, 49962|3421, 49964|3475, 49967|3539, 49973|3614, 49977|3665, 49988|3721, 49994|3808, 49995|3868, 49996|3921, 50000|3997, 50001|4061, 50017|4120, 50020|4190, 50021|4307, 50022|4357, 50026|4420, 50030|4531, 50032|4653, 50035|4823, 50039|4947, 50051|5048, 50056|5127, 50057|5201, 50058|5249, 50061|5774, 50066|10137, 50070|10247, com.moshbit.studo, 
50078|1737, 50112|1833, 50160|1956, 50190|2122, 50214|2233, 50231|2319, 50233|2418, 50238|2590, 50241|3114, 50242|5991, 50243|6048, 50244|6098, 50250|6592, 50254|6900, 50258|6995, 50263|7120, 50267|7207, 50270|7279, 50274|7337, 50275|7397, 50279|7457, 50283|7521, 50291|7587, 50311|10182, com.fsck.k9, 
50313|2408, 50327|2482, 50334|2544, 50336|2595, 50337|2648, 50341|2701, 50347|10305, com.instagram.android, 
50348|1576, 50349|1784, 50357|1986, 50358|2054, 50363|2116, 50366|2211, 50368|2290, 50386|2402, 50396|2526, 50401|2651, 50408|2757, 50409|2826, 50411|2911, 50420|3086, 50421|3322, 50422|3785, 50428|10109, 50432|10211, 50433|12121, 50434|12361, 50441|12476, 50442|12871, de.pilot.newyorker.android, 
50447|1, 50451|229, 50462|338, 50465|399, 50466|583, 50467|1842, 50468|1936, 50469|1998, 50472|2061, 50475|2344, 50480|2427, 50490|2484, 50523|2549, 50536|2613, 50538|3515, 50539|4530, 50542|4598, 50573|4665, 50592|4765, 50593|4841, 50595|5042, 50614|5118, 50616|5244, 50617|5310, 50618|5388, 50620|5461, 50621|5542, 50626|6074, 50627|6339, 50630|6419, 50641|6779, 50642|7397, 50643|7986, 50646|8078, 50656|8337, 50676|8430, 50724|8503, 50734|8593, 50737|9141, 50763|9263, 50774|9350, 50775|9440, 50778|9540, 50801|9640, 50804|9748, 50805|9861, 50808|9981, 50817|10080, 50829|10179, 50861|10319, 50875|10429, 50876|10479, 50877|10534, de.spiegel.android.app.spon, 
50878|1767, 50884|1863, 50889|2017, com.isis_papyrus.raiffeisen_pay_eyewdg, 
50890|1570, 50894|1682, 50895|1774, 50897|1863, 50899|1931, 50900|1983, 50902|2039, 50903|2161, 50904|2314, 50910|2402, 50911|2480, 50913|2576, 50917|2669, 50918|2971, 50919|3137, 50920|4330, 50922|10172, com.duckduckgo.mobile.android, 
50923|1663, 50926|1739, 50927|1806, 50928|2108, 50932|2167, 50935|2233, 50945|2297, 50991|2370, 50993|3234, 50996|4148, 51033|4228, 51045|4318, 51046|5836, 51049|5909, 51051|5978, 51054|6052, 51055|6359, 51074|6447, 51084|6894, 51096|6973, 51097|7066, 51106|7527, 51133|7615, 51143|7702, 51145|7768, 51146|7842, 51147|7916, 51151|8077, 51154|8160, 51156|8325, 51166|8489, 51177|8586, 51208|8671, 51216|8749, 51217|8897, 51242|9062, 51243|9170, 51246|9254, 51250|9641, 51262|9749, 51275|9860, 51280|9943, 51289|10046, 51290|10148, 51294|10266, 51302|10378, 51309|10491, 51310|10597, de.spiegel.android.app.spon, 
51311|1671, 51313|1812, 51314|1874, 51325|1938, 51326|2073, 51331|2189, 51332|2240, 51334|2295, 51340|2365, 51341|2414, 51342|2465, 51345|2524, 51347|2585, 51348|2641, 51355|2775, 51356|2970, 51357|3376, 51358|4752, 51360|4827, 51374|4912, 51380|5073, 51382|5140, 51383|5514, 51384|5590, 51387|5675, 51388|5804, 51393|5915, 51395|5967, 51396|6018, 51397|6176, 51403|6296, 51409|6456, 51410|6553, 51413|6902, 51414|6950, 51415|9160, 51421|10265, 51425|10371, com.paypal.android.p2pmobile, 
51426|103, 51427|933, 51437|1646, 51441|1764, 51449|1841, 51452|1910, 51454|1980, 51457|2444, 51463|10158, 51464|12211, 51465|12510, 51472|12620, de.pilot.newyorker.android, 
51473|1, 51478|63, 51480|229, 51482|299, 51484|466, 51495|521, 51498|600, 51499|661, 51501|2036, 51507|2157, 51509|2252, 51513|2352, 51514|2445, 51516|2533, 51519|2605, 51523|2685, 51527|2750, 51528|2802, 51529|2857, 51532|2907, 51534|2972, 51540|10069, org.indywidualni.fblite, 
51541|1475, 51546|1547, 51547|1638, 51549|1736, 51550|1803, 51556|1874, 51557|1940, 51558|1998, 51559|2067, 51561|2297, 51568|2371, 51569|2449, 51577|2534, 51579|2602, 51580|2668, 51581|2726, 51583|2817, 51585|2904, 51589|2972, 51590|3052, 51592|3122, 51594|3196, 51602|3263, 51603|3332, 51605|3399, 51607|3830, 51615|3911, 51620|4006, 51635|4100, 51637|4776, 51660|4867, 51661|4984, 51663|5073, 51673|5165, 51677|5266, 51679|5339, 51683|5446, 51687|5514, 51688|5583, 51690|5722, 51693|5796, 51694|5967, 51698|6256, 51707|6376, 51708|6544, 51712|6674, 51715|6779, 51721|6865, 51722|6933, 51724|7012, 51725|7067, 51730|7130, 51734|7183, 51741|7234, 51742|7462, 51745|10351, 51753|10399, 51755|10453, 51757|10504, de.mcdonalds.mcdonaldsinfoapp, 
51759|1309, 51760|2319, 51764|2421, 51768|2518, 51775|2645, 51779|2823, 51783|2900, 51787|3010, 51792|3087, 51797|3173, 51803|3250, 51809|3383, 51811|3762, 51815|3832, 51818|3911, 51819|3978, 51820|4034, 51821|4103, 51822|5184, 51825|5260, 51827|5380, 51838|5449, 51860|5502, 51861|6100, 51864|6151, 51869|6260, 51874|6315, 51879|6473, 51881|6525, 51892|10149, com.waze, 
51894|294, 51896|346, 51897|2014, 51907|2119, 51913|2201, 51914|2266, 51918|2902, 51920|3642, 51924|10177, com.instagram.android, 
51925|1910, 51926|2088, 51933|2330, 51934|2438, 51935|2508, 51939|2568, 51943|2624, 51948|2683, 51951|2741, 51953|2864, 51954|2921, 51955|2977, 51956|3037, 51963|3196, 51966|3333, 51972|3407, 51976|3464, 51978|3543, 51983|3627, 51986|4032, 51988|4109, 51990|4166, 51991|4226, 51992|4290, 51996|4419, 51997|7063, 52002|7148, 52003|7278, 52004|7341, 52010|7766, 52014|7910, 52016|7971, 52019|8033, 52023|8096, 52025|8157, 52030|8234, 52033|8308, 52036|8391, 52039|8485, 52040|8548, 52041|8605, 52043|8664, 52044|8727, 52045|8789, 52046|8853, 52047|8917, 52052|8987, 52055|9053, 52058|9128, 52060|9189, 52063|9256, 52067|9322, 52071|9398, 52073|10203, 52079|10265, 52081|10323, org.zwanoo.android.speedtest, 
52084|1443, 52096|1565, 52104|1770, 52107|1866, 52108|1947, 52110|2132, 52116|10158, 52117|12519, 52124|12691, de.pilot.newyorker.android, 
52125|122, 52126|173, 52130|230, 52132|463, 52134|519, 52147|641, 52148|702, 52149|838, 52150|2055, 52155|2147, 52160|2324, 52163|2444, 52167|2545, 52171|2652, 52175|2728, 52180|2827, 52189|2898, 52193|2970, 52194|3035, 52195|3433, 52197|3512, 52225|4328, 52231|4389, 52235|4833, 52239|4897, 52242|5017, 52243|5123, 52244|9123, 52247|9231, 52249|9339, 52251|9395, 52253|9517, 52261|10011, 52270|10074, 52271|10126, com.waze, 
52272|940, 52274|1710, 52275|1777, 52276|2262, 52277|2325, 52282|2388, 52283|2445, 52289|2525, 52290|2578, 52291|2698, 52292|2754, 52294|3039, 52302|3127, 52304|3264, 52308|3341, 52311|3585, 52313|3647, 52316|3708, 52317|3778, 52318|5098, 52319|6585, 52320|6645, 52324|6712, 52325|6836, 52326|6918, 52331|7118, 52334|7245, 52337|7332, 52338|7394, 52340|7465, 52344|7528, 52347|7591, 52349|7654, 52351|7714, 52352|7769, 52354|7829, 52355|7889, 52356|7947, 52357|8011, 52358|8077, 52359|8144, 52364|8211, 52369|8284, 52372|8346, 52377|8404, 52380|8461, 52382|8528, 52386|10061, 52390|10412, 52396|10470, org.zwanoo.android.speedtest, 
52397|1778, 52398|1974, 52403|2299, 52407|2371, 52412|2444, 52417|2506, 52419|2566, 52420|2675, 52422|2746, 52423|2803, 52425|3151, 52432|3241, 52437|3318, 52440|3388, 52442|3561, 52447|3735, 52448|3791, 52451|3849, 52452|6624, 52456|6685, 52457|6870, 52458|6931, 52463|7203, 52464|7324, 52472|7389, 52474|7456, 52478|7521, 52482|7587, 52485|7651, 52487|7719, 52488|7785, 52490|7851, 52492|7917, 52493|7982, 52494|8043, 52495|8110, 52496|8173, 52500|8247, 52503|8315, 52506|8372, 52508|8432, 52513|8494, 52515|8555, 52517|8650, 52518|10092, 52522|10180, 52523|10283, 52525|10371, 52533|10429, org.zwanoo.android.speedtest, 
52538|1434, 52539|1534, 52541|1600, 52548|1670, 52549|1724, 52550|1779, 52552|2100, 52560|2198, 52571|2276, 52580|2350, 52583|2425, 52585|2585, 52587|2682, 52591|2762, 52592|2841, 52594|2925, 52595|3607, 52596|3740, 52598|4575, 52602|4641, 52603|4724, 52605|4830, 52619|4922, 52620|5006, 52623|5101, 52628|5194, 52629|5273, 52634|5387, 52639|5501, 52640|5608, 52642|5838, 52653|5915, 52654|5994, 52655|6076, 52662|6185, 52667|6346, 52669|6612, 52670|6776, 52674|6832, 52685|10076, 52688|10180, de.mcdonalds.mcdonaldsinfoapp, 
52692|1607, 52702|1744, 52713|1859, 52715|1959, 52718|2462, 52719|9348, 52725|10167, 52726|12089, 52727|12170, 52734|12258, 52735|12601, 52740|12720, 52742|12873, de.pilot.newyorker.android, 
52744|1, 52745|58, 52759|126, 52760|380, 52762|1782, 52765|1862, 52768|2181, 52770|2238, 52772|2305, 52802|2367, 52828|2437, 52829|2622, 52830|3384, 52832|4265, 52848|4332, 52876|4428, 52883|4509, 52884|4769, 52917|4833, 52918|4905, 52919|5655, 52922|5722, 52924|5813, 52927|5897, 52929|6182, 52941|6255, 52951|7328, 52972|7398, 52976|8052, 53002|8138, 53004|8217, 53018|8297, 53038|8376, 53040|8451, 53054|8608, 53061|8755, 53097|8844, 53108|8935, 53118|9035, 53120|9116, 53127|9678, 53140|9773, 53155|9876, 53157|9960, 53163|10042, 53166|10134, 53173|10217, 53183|10443, 53184|10548, 53186|12761, de.spiegel.android.app.spon, 
53190|1558, 53193|1632, 53194|2255, 53195|2314, 53196|7006, com.whatsapp, 
53197|1685, 53200|1767, 53201|1844, 53202|2046, 53206|2157, 53208|2218, 53218|2281, 53264|2341, 53265|2536, 53266|3288, 53267|4145, 53270|4209, 53316|4325, 53317|4403, 53322|4638, 53325|4701, 53326|4847, 53328|4917, 53329|5711, 53332|5785, 53334|5859, 53336|5970, 53338|6345, 53356|6421, 53370|6860, 53379|6933, 53380|7443, 53384|7518, 53407|7628, 53416|7699, 53417|7770, 53418|8237, 53422|8416, 53434|8506, 53456|8591, 53469|8672, 53470|8736, 53496|9029, 53497|9115, 53498|9218, 53500|9337, 53503|9541, 53515|9643, 53528|9756, 53533|9845, 53541|9940, 53550|10058, 53556|10145, 53564|10232, 53565|10310, 53567|10412, 53579|10465, 53581|10513, 53582|10616, de.spiegel.android.app.spon, 
53583|1176, 53591|1307, 53596|1407, 53599|1497, 53603|1725, 53605|2046, 53611|2102, 53612|2207, 53613|2257, 53615|2319, 53619|2380, 53624|2437, 53625|2556, 53626|2704, 53627|2779, 53628|2836, 53631|2909, 53633|5174, 53634|5251, 53639|5306, 53640|5363, 53644|5488, 53648|5537, 53650|6122, 53661|6235, 53663|6297, 53664|6356, 53668|6474, 53673|10189, 53674|11384, 53678|11452, 53679|11954, 53682|12021, 53687|12156, com.airbnb.android, 
53688|1064, 53690|1186, 53691|1644, 53694|1760, 53695|2033, 53701|2104, 53712|2204, 53732|2283, 53758|2381, 53759|2585, 53765|2688, 53766|2949, 53768|3134, 53769|3501, 53772|3566, 53776|4038, 53779|4116, 53825|4214, 53826|4340, 53830|4661, 53834|5331, 53835|5446, 53847|5554, 53850|5675, 53851|6843, 53874|7328, 53875|7809, 53876|7897, 53886|8011, 53918|8111, 53938|8203, 53939|8280, 53940|8471, 53950|8556, 53982|8658, 53992|8769, 54002|8875, 54004|8995, 54006|9276, 54009|9629, 54017|9741, 54027|9838, 54035|9954, 54041|10081, 54045|10221, 54046|10336, 54053|10484, 54058|10544, 54059|10671, de.spiegel.android.app.spon, 
54060|115, 54062|755, 54063|818, 54064|891, 54065|2021, 54066|2142, 54073|2337, 54074|2610, 54076|2927, 54077|2990, 54079|3147, 54088|3309, 54095|3389, 54096|3472, 54107|3530, 54113|3620, 54116|3691, 54127|3785, 54128|3859, 54129|3929, 54135|4023, 54139|4096, 54141|4154, 54144|4218, 54145|4532, 54146|4602, 54174|5825, 54175|5937, 54223|6581, 54226|7131, 54227|7253, 54232|10249, 54237|10308, de.zalando.mobile, 
54238|1773, 54242|1868, 54244|1979, 54246|2096, 54247|2161, 54252|2219, 54254|2334, 54264|2431, 54265|2509, 54266|2596, 54267|2734, 54270|3215, 54273|3554, 54274|3646, 54275|3727, 54276|3793, 54281|3854, 54287|3913, 54291|3985, 54302|4056, 54308|4162, 54314|4274, 54335|4527, 54340|4639, 54346|4731, 54348|4795, 54352|4854, 54355|4912, 54356|4972, 54357|5036, 54360|5128, 54362|5297, 54363|10288, 54369|10375, 54371|10488, com.moshbit.studo, 
54372|1858, 54373|2287, 54380|2487, 54381|2702, 54383|2953, 54384|3028, 54390|3133, 54395|3197, 54401|3276, 54403|3365, 54414|3468, 54416|3540, 54421|3629, 54423|3690, 54425|3758, 54500|3863, 54501|3976, 54503|4546, 54505|4609, 54506|4679, 54512|10594, 54514|10739, de.zalando.mobile, 
54515|3604, 54545|3731, 54555|3910, 54556|4338, 54557|4407, 54562|4510, 54564|4604, 54565|6016, 54571|6131, 54573|6341, 54575|7991, 54579|8057, 54580|8143, 54582|8206, 54585|8292, 54587|8365, 54590|10081, 54591|11215, org.chromium.chrome, 
54592|2675, 54597|2761, 54603|2982, 54608|3163, 54612|3282, 54616|3519, 54620|3742, 54624|3848, 54627|3922, 54628|3995, 54630|4508, 54631|4584, 54633|4672, 54639|4758, 54642|4825, 54643|4901, 54676|5696, 54680|6347, 54684|6439, 54687|6498, 54688|6643, 54691|10826, 54699|10904, com.waze, 
54700|2634, 54704|2722, 54707|2854, 54711|2981, 54715|3225, 54719|3329, 54723|3556, 54729|3710, 54731|3799, 54732|4316, 54734|4451, 54766|5532, 54771|6218, 54776|6293, 54779|6419, 54780|6493, 54790|10863, com.waze, 
54791|2201, 54792|2312, 54796|2403, 54798|2506, 54800|2603, 54801|2675, 54803|2822, 54804|2979, 54806|3187, 54812|3295, 54814|3402, 54818|3512, 54819|4085, 54820|4297, 54821|4400, 54822|5771, 54824|10934, com.duckduckgo.mobile.android, 
54826|2484, com.whatsapp, 
54827|2507, 54830|3217, 54832|3286, 54833|6869, 54834|7002, 54835|7069, 54841|7140, 54845|7741, 54846|7810, 54847|7882, 54850|8325, 54851|8394, com.whatsapp, 
54852|2965, 54853|3167, 54860|3395, 54861|3888, 54863|4070, 54865|5337, 54866|5395, 54870|5450, 54871|5517, 54875|5635, 54878|5688, 54879|5795, 54882|5852, 54883|5915, 54886|5980, 54887|6218, 54888|6657, 54889|6777, 54890|6892, 54891|6947, 54893|7067, 54895|10771, 54899|10830, com.twitter.android, 
54900|2260, 54910|2343, 54915|2408, 54916|2467, 54918|2890, 54922|10424, com.instagram.android, 
54924|1259, 54928|1354, 54929|1445, 54930|1511, 54933|1575, 54939|1639, 54940|1701, 54941|1756, 54942|2051, 54944|2128, 54957|2196, 54958|2271, 54961|2327, 54962|2392, 54964|2569, 54966|2688, 54979|2763, 54980|2843, 54982|2941, 54983|3017, 54985|3081, 54986|3424, 54988|3899, 54990|4324, 54993|4395, 54995|4487, 54997|4563, 54998|4651, 55004|4715, 55010|4823, 55012|4908, 55013|5007, 55016|5394, 55028|5499, 55030|5693, 55035|5765, 55036|5822, 55037|5937, 55038|6042, 55043|6097, 55044|6280, 55045|6492, 55051|10090, 55058|10141, 55060|10194, 55061|10665, de.mcdonalds.mcdonaldsinfoapp, 
55062|2569, 55092|2693, 55103|2811, 55104|2939, 55111|3028, 55112|3900, 55113|3994, 55120|4088, 55122|5723, 55123|6963, 55124|7014, 55128|7086, 55129|7139, 55134|7196, 55136|7297, 55139|9090, 55140|10116, org.chromium.chrome, 
55142|1919, 55145|8164, 55149|11462, com.whatsapp, 
55150|1508, 55151|1612, 55155|1717, 55157|1808, 55159|1892, 55160|1955, 55162|2100, 55163|2178, 55165|2339, 55172|2433, 55173|2527, 55175|2605, 55179|2692, 55181|3098, 55182|4332, 55184|10195, com.duckduckgo.mobile.android, 
55186|1829, 55190|1914, 55191|2012, 55196|2104, 55201|2282, 55202|2413, 55203|2705, 55207|3082, 55209|3381, 55211|3456, 55216|3553, 55219|3638, 55220|3726, 55223|3890, 55229|4356, 55255|4437, 55261|4525, 55267|4631, 55289|4696, 55297|4772, 55298|6086, 55302|6167, 55309|6235, 55318|6375, 55319|6450, 55321|7172, 55335|7278, 55342|7379, 55345|7497, 55346|7637, 55352|7743, 55353|7818, 55354|7877, 55355|7950, 55359|8040, 55364|8107, 55369|8170, 55373|8235, 55386|8304, 55394|8381, 55402|8437, 55407|8526, 55408|8604, 55409|8669, 55411|8880, 55415|9060, 55419|9130, 55420|9199, 55421|10113, 55438|10427, 55440|10659, org.mozilla.firefox, 
55441|2005, com.whatsapp, 
55442|1531, 55443|1618, 55447|1712, 55449|1794, 55451|1877, 55452|1996, 55454|2060, 55455|2127, 55457|2200, 55458|2368, 55459|2562, 55464|2660, 55465|2760, 55470|2844, 55471|2915, 55472|2979, 55473|3044, 55475|4359, 55476|4626, 55478|10276, com.duckduckgo.mobile.android, 
55479|1696, 55483|1772, 55484|1830, 55485|1890, 55487|1952, 55488|2014, 55490|2146, 55491|2244, 55497|2323, 55498|2404, 55501|2483, 55507|2567, 55508|3002, 55509|3127, 55510|4072, 55511|10198, 55512|10261, com.duckduckgo.mobile.android, 
55514|1760, 55558|1899, 55598|2027, 55617|2160, 55655|2297, 55673|2387, 55675|2453, 55680|2564, 55683|3255, 55684|5930, 55685|5984, 55686|6096, 55692|6210, 55716|6279, 55748|6337, 55771|6390, 55777|6441, 55780|6820, 55784|6902, 55785|6953, 55789|7014, 55793|7087, 55797|7150, 55800|7199, 55801|7250, 55805|7305, 55808|7358, 55809|7408, 55812|7459, 55813|7512, 55817|7569, 55837|10149, com.fsck.k9, 
55839|1579, 55843|1663, 55844|1721, 55846|1783, 55848|2252, 55857|2359, 55879|2469, 55882|2551, 55885|2698, 55895|2857, 55896|3038, 55897|3105, 55899|3182, 55901|3241, 55903|3398, 55906|3467, 55911|3543, 55913|3614, 55914|5362, 55917|8234, 55923|8300, 55924|8363, 55927|8431, 55928|8569, 55929|8899, 55931|9003, 55935|9094, 55936|9246, 55937|9323, 55940|10065, 55951|10267, 55953|10331, 55954|10678, 55958|10739, 55959|11085, 55960|11146, 55961|11219, de.prosiebensat1digital.prosieben, 
55963|1935, 55964|2002, 55966|2066, 55969|2139, 55970|2204, 55981|2280, 55985|2414, 55989|2477, 55991|2591, 55994|2650, 55995|2714, 55996|2770, 55997|3641, 56001|5213, 56011|5282, 56015|5357, 56018|5469, 56023|5551, 56025|5874, 56028|6014, 56029|6136, 56033|6207, 56035|6273, 56036|6362, 56039|6426, 56042|6482, 56050|6913, 56057|6987, 56058|7557, 56064|10369, 56066|10485, com.paypal.android.p2pmobile, 
56067|2212, 56075|2569, 56077|2652, 56081|2712, 56082|2773, 56083|2966, 56087|3544, 56095|3621, 56103|3701, 56106|3799, 56108|3854, 56112|3934, 56115|4331, 56117|4399, 56120|4467, 56121|4606, 56122|5745, 56123|7175, 56124|7252, 56128|7319, 56129|7457, 56130|7587, 56135|7750, 56138|7906, 56144|7970, 56146|8057, 56148|8130, 56152|8213, 56157|8279, 56160|8353, 56161|8498, 56163|8571, 56165|8638, 56166|8796, 56167|8866, 56168|8937, 56170|9010, 56176|9078, 56179|9144, 56182|9226, 56188|9321, 56192|9412, 56193|9518, 56203|10491, org.zwanoo.android.speedtest, 
56206|1577, 56207|1662, 56208|2006, 56227|2201, 56233|2420, 56240|2538, 56242|2637, 56244|2717, 56246|2805, 56247|2907, 56257|3018, 56258|5013, 56259|5115, 56260|5851, 56262|6802, 56268|6909, 56308|7029, 56340|7118, 56341|7245, 56343|7727, 56344|7832, 56347|8292, 56349|8390, 56350|8479, 56351|8582, 56353|9262, 56355|9488, 56356|9580, 56358|9674, 56360|10651, 56361|10762, 56365|10854, 56369|10984, 56372|11161, 56382|11268, 56385|11340, 56387|11405, de.prosiebensat1digital.prosieben, 
56389|2924, 56393|3012, 56394|3086, 56395|3159, 56396|3236, 56399|3579, 56404|3725, 56405|3843, 56408|3944, 56412|4145, 56416|4369, 56421|4467, 56423|4544, 56424|4614, 56428|5136, 56435|5227, 56438|5299, 56439|5403, 56440|5574, 56441|5665, 56444|6545, 56447|6625, 56448|6708, 56460|6779, 56482|6961, 56485|7702, 56487|7771, 56496|7839, 56499|7987, 56500|8057, 56511|11104, com.waze, 
56516|1783, 56517|1905, 56518|2011, 56520|2589, 56531|2737, 56552|2920, 56554|3080, 56557|3182, 56567|3405, 56568|3505, 56571|3597, 56572|3700, 56575|3826, 56578|3918, 56583|4028, 56585|4124, 56586|5757, 56590|8220, 56591|8368, 56592|8777, 56596|8860, 56597|9051, 56598|9152, 56599|10190, 56600|10293, 56608|11109, 56610|11187, 56611|11508, 56613|11839, 56615|11912, de.prosiebensat1digital.prosieben, 
56621|1655, 56629|1769, 56633|1912, 56637|2061, 56639|2704, 56645|2771, 56646|2844, 56649|2913, 56656|2985, 56658|3059, 56661|3148, 56663|3336, 56666|3523, 56668|5785, 56674|5921, 56675|6016, 56680|6107, 56683|6198, 56684|7200, 56687|7267, 56697|7339, 56699|7411, 56702|7478, 56703|7564, 56708|10979, 56713|12481, 56715|13215, 56718|13351, 56722|13504, 56723|13836, 56724|13984, com.airbnb.android, 
56725|1, 56731|2640, 56737|2764, 56741|2897, 56743|3029, 56745|3177, 56751|3309, 56755|3408, 56757|3497, 56760|3586, 56761|3720, 56763|4651, 56768|4729, 56769|5356, 56773|6028, 56774|6118, 56781|6679, 56782|6800, 56789|7461, 56790|7552, 56796|8124, 56801|8624, 56807|10805, org.indywidualni.fblite, 
56809|413, 56810|558, 56811|2483, com.whatsapp, 
56812|2151, 56817|2270, 56821|2442, 56822|2598, 56824|2690, 56825|2852, 56826|2959, 56832|3065, 56833|3157, 56839|3301, 56840|3919, 56841|4106, 56842|4221, 56843|5613, 56845|10988, com.duckduckgo.mobile.android, 
56846|2193, 56847|2404, 56854|2575, 56856|2989, 56860|3069, 56863|3136, 56864|3220, 56870|3310, 56871|3394, 56872|3473, 56873|3538, 56876|4148, 56885|4259, 56891|4429, 56894|4821, 56896|4928, 56899|5005, 56900|5097, 56901|7837, 56906|7921, 56907|8088, 56908|8172, 56914|8602, 56915|8699, 56923|8781, 56925|8862, 56928|8947, 56933|9030, 56936|9111, 56939|9196, 56941|9297, 56943|9378, 56944|9480, 56946|9575, 56947|9675, 56952|9782, 56957|9871, 56963|9988, 56968|10090, 56970|10208, 56980|11031, org.zwanoo.android.speedtest, 
56982|2238, 56986|2347, 56993|2663, 56998|2826, 56999|2951, 57000|3316, 57004|3701, 57005|3957, 57006|4285, 57007|4383, 57014|4474, 57016|4658, 57017|4748, 57021|5255, 57027|5613, 57063|5702, 57065|5814, 57073|5907, 57081|5996, 57121|6094, 57126|6185, 57137|6273, 57144|6365, 57146|6450, 57147|7850, 57149|8213, 57156|8610, 57158|8688, 57159|8762, 57170|9470, 57173|9575, 57176|9717, 57177|10149, 57183|10574, 57184|10671, 57191|10796, 57202|10906, 57209|11012, 57217|11165, 57234|11295, 57236|11462, org.mozilla.firefox, 
57242|2446, 57243|2537, 57247|2638, com.isis_papyrus.raiffeisen_pay_eyewdg, 
57251|1665, 57264|1791, 57266|1925, 57270|2127, 57271|2854, 57277|2920, 57278|3001, 57282|3075, 57287|3142, 57290|3207, 57294|3274, 57295|3485, 57300|3838, 57301|5909, 57302|5994, 57308|6080, 57309|6167, 57313|6256, 57317|6333, 57318|6407, 57319|7336, 57320|7404, 57333|7475, 57335|7546, 57339|7615, 57345|10862, 57346|11963, 57351|12061, 57352|12657, 57353|12745, 57363|12846, 57364|12915, 57365|12992, com.airbnb.android, 
57366|1322, 57368|1496, 57372|1604, 57373|1691, 57378|1836, 57391|2013, 57393|2129, 57394|2224, 57399|2342, 57406|2455, 57414|2574, 57425|2664, 57426|2898, 57429|3017, 57432|3434, 57443|3540, 57445|3625, 57449|3747, 57453|3860, 57458|4173, 57465|6320, 57466|6564, 57473|6654, 57474|7693, 57486|7774, 57490|7863, 57491|7955, 57495|8039, 57504|10937, 57506|12274, 57510|12395, 57512|13020, 57518|13111, com.airbnb.android, 
57519|2366, 57520|2665, 57521|2769, 57523|2871, 57530|2977, 57531|3172, 57532|3507, 57538|3959, 57540|4370, 57547|4504, 57548|4603, 57554|4700, 57561|4848, 57572|5017, 57577|5183, 57582|5329, 57589|5447, 57665|5622, 57668|5989, 57670|6095, 57677|6773, 57684|7429, 57685|7504, 57689|7681, 57691|8353, 57692|8449, 57698|10946, 57700|11022, de.zalando.mobile, 
57703|1, 57704|82, 57705|2248, 57706|2458, 57713|2705, 57714|2911, 57717|3057, 57723|3134, 57729|3244, 57730|3330, 57731|3445, 57733|3582, 57737|4139, 57745|4250, 57747|4382, 57751|4488, 57756|5017, 57760|5146, 57762|7963, 57766|8041, 57767|8122, 57768|8206, 57774|8607, 57778|8788, 57785|8873, 57789|8970, 57794|9050, 57798|9138, 57799|9217, 57801|9297, 57803|9372, 57804|9454, 57806|9545, 57807|9648, 57815|9765, 57819|9880, 57826|10012, 57829|10129, 57831|11071, 57839|11145, org.zwanoo.android.speedtest, 
57845|3742, 57874|3880, 57880|3999, 57882|4114, 57887|4239, 57889|4342, 57890|5368, 57891|5443, 57896|5530, 57898|5697, 57899|8043, 57900|8121, 57904|8198, 57905|8268, 57911|8333, 57912|8402, 57913|10159, 57915|10229, 57916|10940, org.chromium.chrome, 
57917|3164, 57922|3265, 57955|3394, 57957|3527, 57958|3644, 57964|3759, 57966|3840, 57967|4867, 57968|4937, 57975|5109, 57976|7576, 57977|7642, 57981|7723, 57982|7796, 57988|7861, 57989|7935, 57990|8005, 57993|9713, 57994|10912, org.chromium.chrome, 
57996|2085, 58000|2181, 58002|2308, 58004|2390, 58005|2458, 58007|2545, 58008|2700, 58009|2873, 58010|2979, 58015|3068, 58018|3170, 58020|3344, 58022|3438, 58023|3709, 58024|3792, 58025|3946, 58026|5518, 58027|9590, 58029|11105, com.duckduckgo.mobile.android, 
58035|2326, 58036|2443, 58040|2524, com.isis_papyrus.raiffeisen_pay_eyewdg, 
58041|2806, 58046|2893, 58047|3043, 58049|3116, 58051|3460, 58056|3584, 58060|3790, 58064|3899, 58068|4154, 58071|4268, 58083|4361, 58087|4450, 58088|4524, 58090|5025, 58092|5117, 58093|5206, 58095|5477, 58096|6306, 58100|6576, 58102|6659, 58103|6728, 58115|6798, 58136|6901, 58137|7297, 58140|7598, 58143|7670, 58146|7736, 58150|7813, 58153|7945, 58154|8023, 58156|10800, 58165|10901, com.waze, 
58166|2553, 58171|2633, 58173|2754, 58175|2834, 58179|2939, 58181|3048, 58182|3224, 58188|3309, 58192|3384, 58193|3453, 58194|3535, 58196|3599, 58197|3694, 58203|10814, 58204|11160, 58205|11512, org.indywidualni.fblite, 
58206|2208, 58207|2386, 58214|2536, 58215|2758, 58216|3240, 58218|3895, 58225|3966, 58232|4034, 58235|4097, 58237|4172, 58239|4281, 58249|4391, 58254|4466, 58257|4533, 58261|4608, 58262|5075, 58336|5203, 58337|5291, 58338|7417, 58339|7492, 58345|10817, 58347|10894, 58348|12176, 58349|12256, 58355|12328, 58357|12550, 58359|12615, 58360|12681, 58361|12778, 58365|12982, 58366|13194, de.zalando.mobile, 
58367|1862, 58372|1971, 58373|2080, 58375|2193, 58376|2299, 58377|2373, 58383|2454, 58384|2527, 58385|2612, 58386|3100, 58396|3219, 58398|3304, 58404|3427, 58406|3524, 58407|3611, 58409|3709, 58414|3842, 58424|3934, 58426|4036, 58429|4130, 58430|4229, 58431|5023, 58432|5198, 58433|6392, 58439|6482, 58440|6588, 58443|6677, 58456|6979, 58458|7097, 58461|7180, 58465|7303, 58467|7391, 58473|7528, 58482|7656, 58484|7811, 58492|8101, 58493|8210, 58494|8301, 58496|8402, 58502|8525, 58508|8600, 58510|8744, 58512|8959, 58517|9024, 58528|10960, 58532|11026, de.mcdonalds.mcdonaldsinfoapp, 
58533|2399, 58539|2499, 58542|2612, 58546|2714, 58548|2830, 58550|2944, 58555|3043, 58559|3109, 58560|3178, 58561|3244, 58564|3315, 58566|3422, 58572|10815, org.indywidualni.fblite, 
58573|2590, 58574|2730, com.whatsapp, 
58576|827, 58578|1267, 58586|2114, 58621|2251, 58667|2376, 58684|2577, 58723|2750, 58739|2861, 58745|3079, 58749|6779, 58753|6845, 58757|6912, 58761|6979, 58765|7042, 58769|7107, 58773|7175, 58777|7245, 58781|7308, 58785|7382, 58787|10856, 58806|10938, com.fsck.k9, 
58808|653, 58810|2414, 58816|2511, 58819|2612, 58823|2692, 58824|2793, 58826|2908, 58831|3015, 58835|3089, 58837|3160, 58841|3230, 58842|3323, 58848|10789, 58850|12665, 58852|12728, org.indywidualni.fblite, 
58868|1727, 58872|1827, 58874|1960, 58878|2109, 58879|2576, 58885|2663, 58886|2732, 58887|2809, 58889|2880, 58896|2956, 58900|3031, 58901|3107, 58902|3303, 58903|3390, 58906|3470, 58907|5649, 58908|5746, 58914|5860, 58915|5940, 58919|6014, 58923|6096, 58925|6949, 58937|7013, 58938|7081, 58940|7154, 58944|7225, 58949|10927, 58954|12107, 58955|12812, 58958|12894, 58959|12993, 58964|13091, 58968|13164, com.airbnb.android, 
58969|1590, 58971|1733, 58972|1873, 58973|2089, 58978|2186, 58980|2386, 58982|2482, 58985|2609, 58988|2757, 58990|2874, 58996|2978, 58998|3104, 59002|3227, 59010|3581, 59011|3790, 59012|4039, 59013|4599, 59016|4697, 59022|5279, 59029|5788, 59030|5856, 59035|6427, 59036|6571, 59039|6641, 59041|10833, com.duckduckgo.mobile.android, 
59042|2075, com.whatsapp, 
59043|1931, 59044|2106, 59051|2299, 59052|2501, 59053|2744, 59054|2994, 59055|3094, 59057|3160, 59063|3269, 59065|3322, 59074|3399, 59082|3503, 59094|3677, 59096|3765, 59106|3871, 59109|3957, 59111|4028, 59187|4107, 59189|4184, 59190|6756, 59191|6814, 59195|10321, 59197|10384, 59199|10446, de.zalando.mobile, 
59202|2569, 59212|2676, 59216|2743, 59218|2868, 59222|10521, com.instagram.android, 
59223|2071, 59227|2513, 59230|2584, 59231|2795, 59232|3001, 59233|3093, 59234|3167, 59240|3258, 59243|3318, 59250|3384, 59251|3468, 59253|3524, 59262|3619, 59264|3677, 59269|3739, 59272|3813, 59274|3877, 59290|4031, 59350|4129, 59352|4222, 59354|4491, 59355|4595, 59361|10148, 59363|10255, de.zalando.mobile, 
59364|1259, 59369|1348, 59370|1449, 59371|1523, 59376|1584, 59379|1645, 59380|1702, 59381|1798, 59382|2091, 59388|2158, 59390|2209, 59395|2294, 59401|2376, 59404|2540, 59409|2635, 59420|2710, 59423|2782, 59424|2849, 59426|2911, 59427|3372, 59428|3595, 59429|4295, 59432|4350, 59434|4414, 59435|4485, 59438|4556, 59446|4724, 59451|4815, 59453|4903, 59456|5009, 59461|5106, 59466|5233, 59472|5377, 59481|5658, 59486|5746, 59487|5818, 59489|5882, 59495|5932, 59502|6032, 59504|6081, 59508|6136, 59509|6203, 59510|6511, 59522|10093, 59524|10200, de.mcdonalds.mcdonaldsinfoapp, 
59525|1880, 59526|1954, 59532|2033, 59534|2101, 59538|2183, 59539|2350, 59540|2420, 59542|2478, 59543|2528, 59547|2584, 59551|2632, 59552|2683, 59553|2736, 59556|2790, 59557|2851, 59560|10040, 59563|10090, org.indywidualni.fblite, 
59564|1462, 59565|1527, 59569|1600, 59570|1687, 59572|1779, 59573|1867, 59574|1947, 59576|2006, 59580|2058, 59589|2176, 59592|2247, 59593|2304, 59594|2368, 59595|2545, 59601|3095, 59602|3170, 59603|3247, 59604|3335, 59605|3414, 59610|3471, 59614|3530, 59616|3585, 59623|3638, 59640|3699, 59642|3825, 59646|3943, 59648|4040, 59655|4135, 59676|4244, 59677|4332, 59678|4390, 59679|4455, 59684|4509, 59685|4619, 59686|4669, 59689|4733, 59690|9906, 59692|9965, 59693|10145, 59696|10197, 59698|10302, com.moshbit.studo, 
59700|1768, 59704|1845, 59710|2009, 59715|2162, 59716|2495, 59717|2963, 59721|3277, 59722|3383, 59729|3469, 59730|3545, 59732|3623, 59733|3707, 59734|3778, 59737|3872, 59743|4323, 59771|4417, 59773|4493, 59784|4572, 59824|4660, 59834|4736, 59851|4802, 59854|4870, 59855|4929, 59857|4981, 59859|6171, 59861|6236, 59862|6565, 59868|6625, 59869|6690, 59871|7260, 59880|7344, 59885|7430, 59887|7511, 59888|7642, 59890|7837, 59894|7907, 59897|7993, 59911|8060, 59920|8136, 59932|8205, 59942|8286, 59946|8363, 59955|8473, 59956|8530, 59957|9516, 59958|9783, 59961|9836, 59976|10391, 59978|10604, org.mozilla.firefox, 
59979|1922, 59980|2452, 60010|2616, 60020|2741, 60023|2842, 60028|2934, 60030|3014, 60031|3847, 60037|3960, 60039|4078, 60040|5776, 60041|5830, 60047|5882, 60048|6051, 60050|6119, 60051|6389, 60052|6452, 60053|6516, 60057|6971, 60058|7026, 60063|7092, 60064|7159, 60070|7212, 60071|7317, 60072|9067, 60074|9132, 60075|10126, org.chromium.chrome, 
60077|2197, 60081|2271, 60082|2326, 60084|2445, 60086|2722, 60088|2795, 60092|2888, 60096|3049, 60097|3117, 60100|3213, 60104|3307, 60109|3368, 60111|3426, 60112|3498, 60113|3884, 60115|3945, 60121|4022, 60123|4083, 60127|4142, 60129|4380, 60134|4973, 60136|5028, 60137|5141, 60149|5193, 60171|5256, 60174|5766, 60176|5817, 60180|5871, 60185|5923, 60188|6035, 60189|6143, 60191|10028, 60200|10080, com.waze, 
60202|2049, 60208|2144, 60210|2233, 60215|2313, 60217|2416, 60219|2552, 60224|2609, 60228|2656, 60230|2764, 60233|2819, 60235|2890, 60241|10171, org.indywidualni.fblite, 
60243|2062, 60246|2165, 60247|2505, 60251|2590, 60253|2658, 60263|2729, 60288|2802, 60310|2896, 60311|2960, 60312|3415, 60313|4966, 60331|5051, 60362|5197, 60365|5311, 60371|5394, 60372|5483, 60385|5573, 60386|5863, 60388|5939, 60390|6024, 60392|6104, 60393|6176, 60400|6821, 60406|6963, 60409|7120, 60419|8399, 60434|8490, 60461|8603, 60462|8691, 60466|8920, 60467|8991, 60470|9090, 60476|9192, 60506|9296, 60517|9477, 60530|9559, 60532|10106, 60537|10189, 60573|10282, 60580|10375, 60586|10468, 60588|10600, 60599|10732, 60600|10846, de.spiegel.android.app.spon, 
60601|2212, 60605|2295, 60613|2526, 60617|2655, 60621|2840, 60625|3011, 60632|3104, 60633|3166, 60635|3670, 60636|3795, 60666|4717, 60669|4795, 60673|5316, 60678|5388, 60684|5510, 60685|5570, 60686|5631, 60696|10300, 60698|12671, com.waze, 
60701|2062, 60705|2235, 60715|2377, 60719|2515, 60726|2609, 60728|2680, 60732|2979, 60733|3059, 60740|10870, 60741|13031, 60742|13188, 60749|13425, de.pilot.newyorker.android, 
60750|171, 60755|247, 60757|393, 60759|463, 60760|543, 60761|608, 60775|693, 60776|844, 60778|5902, 60779|5969, 60784|6111, 60788|6263, 60790|6332, 60791|6394, 60794|6464, 60797|6561, 60800|6640, 60801|6788, 60803|11045, 60805|11115, com.twitter.android, 
60806|1823, 60811|1944, 60812|2062, 60816|2210, 60820|2299, 60823|2370, 60826|2440, 60833|2520, 60834|2593, 60835|2749, 60836|2839, 60837|2906, 60838|3271, 60840|3337, 60843|3920, 60844|4031, 60845|4144, 60850|4228, 60856|4303, 60865|4373, 60877|4481, 60878|4690, 60882|4838, 60901|5002, 60906|5112, 60916|5241, 60917|5333, 60920|5404, 60921|10641, 60926|10774, 60928|10910, com.moshbit.studo, 
60933|1985, 60934|2104, 60936|2187, 60937|2960, 60941|3092, 60966|3295, 60972|3415, 60978|3645, 60985|3795, 60988|3890, 60989|3976, 60990|4067, 60992|4169, 60997|4250, 61001|4366, 61002|4536, 61003|6268, 61004|9334, 61007|9430, 61012|9515, 61015|9601, 61017|9707, 61020|10231, 61021|10338, 61025|10445, 61027|10644, 61035|11392, 61037|11461, 61038|11867, 61042|11938, 61043|12350, 61044|12426, 61045|12525, de.prosiebensat1digital.prosieben, 
61046|5370, 61051|5438, 61055|5584, 61057|5655, 61059|5728, 61061|5804, 61062|5871, 61064|5941, 61067|6005, 61068|6234, 61070|10939, 61072|11021, com.twitter.android, 
61077|1785, 61089|1966, 61091|2160, 61092|2267, 61096|2383, 61098|2975, 61104|3051, 61105|3133, 61107|3207, 61115|3277, 61119|3358, 61120|3439, 61121|3729, 61126|4201, 61128|4368, 61129|6127, 61136|6238, 61137|6330, 61141|6416, 61145|6512, 61147|7604, 61158|7672, 61161|7742, 61162|7809, 61166|7883, 61167|9329, 61172|10920, 61177|12297, 61178|12910, 61179|12998, 61182|13085, 61186|13361, com.airbnb.android, 
61187|1508, 61189|1631, 61191|2336, 61195|2505, 61206|2788, 61207|3333, 61208|3480, 61212|3913, 61213|4538, 61218|4848, 61231|5022, 61232|5152, 61235|5284, 61236|5418, 61272|5662, 61278|5837, 61306|5985, 61311|6076, 61315|6453, 61316|6580, 61323|7306, 61324|7406, 61325|7975, 61328|8126, 61335|8386, 61337|8516, 61343|8649, 61347|8774, 61354|8909, 61355|9017, 61366|9402, 61379|9524, 61385|9655, 61397|9794, 61401|9960, 61415|10567, 61432|10681, 61436|10796, 61439|11059, 61452|11187, 61457|11320, 61458|11446, 61474|11541, 61476|11732, 61479|14148, 61480|14218, org.mozilla.firefox, 
61485|1723, 61487|1895, 61488|2053, 61490|2140, 61496|2247, 61498|2356, 61500|2756, 61508|2871, 61514|2995, 61516|3142, 61517|3267, 61520|3521, 61524|3630, 61533|3768, 61539|3887, 61542|3981, 61543|4702, 61544|4837, 61547|5872, 61550|5987, 61551|6092, 61555|6246, 61566|6365, 61568|6449, 61569|6541, 61570|6737, 61573|7246, 61585|7360, 61586|7593, 61591|7673, 61592|7779, 61593|7977, 61597|8062, 61600|8156, 61601|8227, 61602|8537, 61607|10838, 61615|10907, 61617|10973, de.mcdonalds.mcdonaldsinfoapp, 
61618|2440, 61623|2542, 61628|2706, 61629|2801, 61635|2936, 61636|3030, 61639|3113, 61643|3206, 61647|3272, 61649|3338, 61653|3410, 61655|3562, 61658|10783, 61661|10866, org.indywidualni.fblite, 
61663|2283, 61664|2374, 61669|2479, 61677|2577, 61681|2657, 61685|2750, 61689|2826, 61690|2905, 61691|2977, 61694|3055, 61695|3124, 61696|3191, 61698|6228, 61714|6346, 61715|6530, 61722|6628, 61726|7624, 61729|7694, 61735|8020, 61736|8118, 61738|8670, 61743|10911, 61745|10977, com.paypal.android.p2pmobile, 
61748|1584, 61750|1674, 61751|1737, 61756|1831, 61758|2165, 61766|2299, 61768|2412, 61788|2647, 61791|2759, 61792|2859, 61801|2969, 61802|3109, 61804|3192, 61807|3376, 61808|3464, 61810|3557, 61819|3780, 61820|3956, 61821|5311, 61825|8749, 61826|9077, 61827|9380, 61831|9465, 61832|9565, 61833|9786, 61837|10985, 61844|11471, 61846|11542, 61848|11971, 61852|12056, 61853|12310, 61854|12389, 61855|12481, de.prosiebensat1digital.prosieben, 
61857|2097, 61861|2212, 61872|2450, 61873|2912, 61874|3110, 61878|3511, 61879|3839, 61880|4167, 61883|4572, 61894|4676, 61918|4808, 61929|4917, 61949|5043, 61984|5132, 61990|5229, 61993|5347, 61994|5436, 61998|5518, 62000|7194, 62007|8109, 62008|8215, 62019|8423, 62020|8513, 62023|8592, 62024|8689, 62025|8883, 62026|9056, 62032|9157, 62035|9242, 62043|9323, 62046|9404, 62050|9522, 62057|9640, 62063|9730, 62067|9803, 62070|9883, 62074|10132, 62079|10225, 62083|10482, 62084|10838, 62098|10931, 62100|11152, org.mozilla.firefox, 
62101|2566, 62102|2791, 62109|2958, 62110|3259, 62111|3503, 62113|4325, 62119|4432, 62121|4507, 62125|4575, 62131|4683, 62137|4764, 62145|4883, 62152|4962, 62155|5046, 62156|5112, 62157|5209, 62189|5306, 62232|5429, 62233|5514, 62236|8070, 62237|8154, 62243|10944, 62245|11017, de.zalando.mobile, 
62249|2133, 62259|2270, 62270|2410, 62272|2516, 62275|3100, 62278|9615, 62279|9690, 62283|10853, 62284|13015, 62291|13166, de.pilot.newyorker.android, 
62292|1, 62297|90, 62299|323, 62301|414, 62311|579, 62315|672, 62316|1085, 62317|1306, 62318|2298, 62319|2527, 62326|2671, 62327|2898, 62328|3128, 62330|3833, 62336|3925, 62344|3993, 62347|4073, 62351|4180, 62353|4272, 62366|4373, 62369|4454, 62370|4525, 62372|4605, 62424|4895, 62448|4981, 62451|5431, 62452|5507, 62458|10870, 62460|10950, 62461|12297, 62467|12367, 62468|12440, 62470|12660, 62472|12749, 62474|12816, 62478|13255, 62479|13326, de.zalando.mobile, 
62480|2353, 62481|2442, 62484|2515, 62485|2610, 62487|2910, 62490|2992, 62492|3058, 62502|3131, 62548|3218, 62549|3367, 62550|4052, 62554|5876, 62584|5979, 62603|6095, 62605|6212, 62606|6603, 62608|6733, 62609|7816, 62610|7916, 62614|8006, 62616|8101, 62618|8197, 62628|10008, 62641|10125, 62642|10970, 62647|11125, 62649|11198, 62653|11264, 62654|11334, de.spiegel.android.app.spon, 
62655|2267, 62656|2451, 62663|2683, 62664|2842, 62666|3107, 62667|3187, 62672|3287, 62673|3723, 62674|3801, 62680|4335, 62689|4465, 62697|4609, 62700|4673, 62705|4779, 62706|4845, 62707|4936, 62710|5352, 62712|5449, 62715|5529, 62716|5603, 62717|5853, 62719|8365, 62723|8463, 62724|8538, 62725|8616, 62730|8848, 62731|9036, 62740|9118, 62742|9199, 62746|9287, 62752|9366, 62756|9449, 62757|9535, 62759|9631, 62761|9716, 62763|9814, 62764|9914, 62770|10043, 62774|10135, 62778|10233, 62784|10340, 62788|10443, 62789|10561, 62799|11079, org.zwanoo.android.speedtest, 
62801|2269, 62804|2348, 62805|2674, 62809|2774, 62811|2844, 62821|2922, 62853|2999, 62867|3088, 62868|3160, 62869|3675, 62872|5415, 62919|5525, 62920|5637, 62922|7538, 62926|7636, 62929|7739, 62930|8709, 62931|9444, 62956|9586, 62958|9737, 62960|10481, 62966|10620, 62991|10749, 63000|10845, 63001|10957, 63005|11357, 63006|11427, de.spiegel.android.app.spon, 
63020|1611, 63023|1724, 63025|1836, 63029|1993, 63031|2499, 63037|2567, 63038|2637, 63047|2745, 63049|2818, 63050|2880, 63053|2951, 63054|3179, 63059|3567, 63060|4820, 63062|5477, 63068|5593, 63073|5736, 63077|5814, 63079|7005, 63090|7074, 63094|7145, 63095|7214, 63099|7281, 63100|9946, 63102|10832, 63107|10930, 63108|11841, 63113|11945, 63114|12527, 63115|12609, 63118|12714, 63123|12835, 63127|12988, com.airbnb.android, 
63129|406, 63131|520, 63132|1200, 63134|1317, 63136|2050, 63140|2212, 63147|2561, 63152|2794, 63153|2965, 63155|3171, 63159|3460, 63162|3809, 63167|3942, 63168|4105, 63169|4365, 63170|4626, 63176|4776, 63178|4869, 63185|4990, 63217|5133, 63247|5390, 63285|5526, 63302|5676, 63304|5825, 63307|5930, 63315|6152, 63323|7134, 63325|7629, 63331|7994, 63339|8350, 63342|8482, 63353|8863, 63357|8976, 63358|9107, 63360|9274, 63371|9788, 63373|9916, 63383|10055, 63387|10195, 63403|10342, 63405|10463, 63413|10740, 63414|10849, 63430|11194, 63432|11508, org.mozilla.firefox, 
63438|2331, 63449|2530, 63452|2660, 63458|2797, 63462|2941, 63464|3071, 63468|6086, 63482|6170, 63483|6368, 63492|6468, 63496|7543, 63499|7609, 63512|8108, 63513|8178, 63515|8674, 63521|10762, 63523|10901, com.paypal.android.p2pmobile, 
63524|2002, 63529|2143, 63531|2275, 63533|2387, 63534|2463, 63541|2672, 63542|2831, 63544|3077, 63548|4952, 63555|5032, 63560|5110, 63564|5172, 63566|5240, 63572|5386, 63573|5643, 63574|5858, 63580|11039, 63582|11141, 63583|11491, 63588|11608, 63590|12633, 63591|12753, com.tripadvisor.tripadvisor, 
63597|2481, 63598|2611, 63602|2723, com.isis_papyrus.raiffeisen_pay_eyewdg, 
63608|3851, 63643|4013, 63645|4448, 63650|4537, 63652|4627, 63653|6021, 63659|6167, 63661|6375, 63663|6455, 63664|7742, 63665|7811, 63666|7882, 63667|8024, 63668|8099, 63672|8167, 63673|8257, 63679|8323, 63680|8395, 63683|10179, 63684|11114, 63686|12312, org.chromium.chrome, 
63687|1916, 63692|2018, 63693|2127, 63695|2237, 63696|2306, 63702|2412, 63704|2495, 63712|3035, 63713|3127, 63721|3228, 63724|3316, 63725|3387, 63726|3473, 63727|3557, 63728|3668, 63729|3759, 63734|3889, 63745|4006, 63748|4191, 63749|4878, 63750|5043, 63751|6083, 63755|6173, 63757|6275, 63760|6358, 63763|6686, 63773|6797, 63775|6888, 63777|7012, 63779|7646, 63784|7754, 63786|7987, 63797|8100, 63798|8225, 63799|8349, 63800|8434, 63805|8503, 63806|8639, 63807|8848, 63820|10908, 63822|10979, de.mcdonalds.mcdonaldsinfoapp, 
63826|1739, 63829|1854, 63831|1961, 63836|2226, 63859|2394, 63863|2634, 63866|2737, 63872|2840, 63876|2956, 63877|3067, 63878|3181, 63882|3554, 63885|3658, 63886|3748, 63888|3856, 63898|3953, 63900|5287, 63905|8671, 63906|9036, 63907|9124, 63911|9204, 63912|9286, 63913|9471, 63918|10702, 63920|10813, 63929|11047, 63931|11138, 63936|11537, 63937|11953, 63939|12053, de.prosiebensat1digital.prosieben, 
63941|2199, 63945|2284, 63947|2363, 63958|2518, 63960|2583, 63961|2651, 63966|2728, 63967|2794, 63968|2861, 63972|2942, 63973|3013, 63987|5873, 63989|5968, 63997|6070, 64000|7156, 64003|7224, 64015|7610, 64016|7850, 64019|9956, 64021|10027, 64027|10794, 64029|10874, com.paypal.android.p2pmobile, 
64030|3133, 64040|3222, 64046|3302, 64048|3756, 64049|10161, 64053|11030, 64054|11932, 64060|12075, 64061|12147, 64062|12430, 64063|12505, 64064|12578, 64067|12646, 64068|12787, 64071|13103, 64072|13302, com.instagram.android, 
64076|2110, 64077|2218, 64079|2320, 64080|2417, 64081|2522, 64083|2618, 64088|2707, 64100|2856, 64102|3013, 64103|3249, 64106|3679, 64107|4186, 64109|4291, 64110|4387, 64111|4477, 64116|4568, 64122|4639, 64129|4707, 64146|4786, 64148|5086, 64152|5207, 64172|5403, 64177|5518, 64188|5649, 64191|5738, 64194|5816, 64195|5888, 64196|5969, 64198|6082, 64201|10957, 64202|11025, 64204|11097, com.moshbit.studo, 
64207|1809, 64212|1911, 64213|2091, 64214|2155, 64218|2225, 64219|2292, 64220|2365, 64221|2590, 64225|8520, 64226|8611, 64227|8687, 64234|8769, 64235|8961, 64236|9141, 64237|9250, 64238|9434, 64240|9892, 64244|10926, com.tripadvisor.tripadvisor, 
64245|1753, 64250|1862, 64251|1991, 64254|2126, 64255|2218, 64260|2298, 64270|2446, 64272|2520, 64273|2608, 64274|2694, 64275|2876, 64278|3342, 64281|3876, 64282|3969, 64287|4061, 64288|4147, 64294|4219, 64306|4284, 64314|4356, 64315|4549, 64320|4711, 64323|4835, 64328|4969, 64352|5084, 64355|5198, 64358|5358, 64362|10907, 64364|11006, com.moshbit.studo, 
64370|2183, 64398|2300, 64444|2434, 64475|2634, 64513|2821, 64529|2902, 64534|3248, 64538|8036, 64542|8103, 64546|8234, 64550|8303, 64554|8369, 64558|8453, 64562|8515, 64566|8581, 64569|8649, 64573|8723, 64574|8801, 64594|10908, 64596|13607, com.fsck.k9, 
64598|1551, 64603|2164, 64606|2247, 64607|2323, 64611|2395, 64614|2463, 64625|2534, 64626|2599, 64630|2728, 64631|3190, 64632|3338, 64634|5734, 64648|5842, 64649|6049, 64656|6130, 64660|7208, 64663|7275, 64664|7492, 64670|7568, 64679|8032, 64685|10925, 64687|10990, 64691|12826, 64693|12902, com.paypal.android.p2pmobile, 
64696|1985, 64705|2069, 64743|2197, 64764|2323, 64786|2445, 64813|2571, 64818|2657, 64826|2740, 64839|2836, 64843|2921, 64849|3021, 64853|3105, 64855|3205, 64859|6524, 64862|6596, 64866|6665, 64867|6743, 64871|6815, 64875|6883, 64879|6954, 64883|7028, 64887|7121, 64891|7195, 64895|7267, 64896|10774, 64899|10895, 64916|10978, com.fsck.k9, 
64922|1959, 64923|2119, 64926|2250, 64932|2355, 64944|2544, 64945|2628, 64946|2779, 64947|2987, 64950|3434, 64952|3806, 64954|3925, 64955|4021, 64956|4118, 64961|4193, 64967|4284, 64979|4347, 64989|4447, 64990|4645, 64994|4828, 64996|4920, 65020|5085, 65029|5217, 65030|5302, 65034|5404, 65035|10573, 65037|10645, 65041|10840, 65043|10910, com.moshbit.studo, 
65045|2119, 65049|2203, 65050|2285, 65060|2355, 65063|2456, 65067|2564, 65069|2631, 65072|2699, 65073|2760, 65075|2827, 65076|4010, 65088|5747, 65092|5845, 65098|6033, 65100|6129, 65104|7171, 65106|7239, 65114|7692, 65120|7774, 65121|7994, 65127|10766, 65129|10903, com.paypal.android.p2pmobile, 
65139|2033, 65175|2149, 65214|2261, 65222|2409, 65256|2504, 65280|2603, 65290|2681, 65295|2749, 65299|6547, 65302|6612, 65303|6677, 65307|6746, 65311|6816, 65314|6882, 65318|6953, 65322|7026, 65326|7103, 65330|7167, 65331|7231, 65335|7302, 65355|10812, com.fsck.k9, 
65361|3205, 65392|3376, 65396|3459, 65397|3556, 65398|3689, 65406|3811, 65407|3884, 65412|3960, 65414|4045, 65416|7591, 65417|7661, 65421|7749, 65427|7832, 65428|7907, 65430|9699, 65431|9762, 65432|10898, org.chromium.chrome, 
65433|2043, 65438|2123, 65440|2264, 65443|2336, 65452|2400, 65457|2465, 65459|2599, 65463|2670, 65464|2747, 65468|5714, 65482|5808, 65488|5916, 65490|6020, 65493|7033, 65496|7099, 65497|7326, 65503|7395, 65509|7651, 65515|10852, 65517|10989, 65519|13728, com.paypal.android.p2pmobile, 
65521|1743, 65525|1821, 65526|1933, 65528|2025, 65529|2103, 65536|2176, 65537|2250, 65538|2351, 65540|2768, 65547|2862, 65555|2949, 65558|3055, 65559|3144, 65560|3245, 65561|3353, 65563|3488, 65576|3575, 65577|3678, 65579|3760, 65582|3872, 65583|4493, 65584|4712, 65586|5688, 65591|5770, 65592|5944, 65603|6057, 65610|6185, 65612|6434, 65618|6548, 65622|6733, 65626|6889, 65635|7009, 65638|7151, 65639|7317, 65645|7411, 65651|7521, 65652|7620, 65663|7744, 65665|7834, 65666|7925, 65667|8081, 65679|10952, 65681|11040, 65682|12124, de.mcdonalds.mcdonaldsinfoapp, 
65683|2173, 65684|4747, 65685|4998, 65687|5794, 65688|5862, 65693|5932, 65697|6151, 65699|6219, 65701|6282, 65703|6352, 65706|6428, 65709|6571, 65710|6880, 65712|10989, 65714|11055, com.twitter.android, 
65718|2200, 65730|2366, 65739|2515, 65740|2596, 65743|3066, 65747|10861, 65748|13137, 65749|13359, 65756|13612, de.pilot.newyorker.android, 
65757|268, 65762|338, 65764|558, 65766|629, 65767|786, 65768|860, 65769|929, 65779|1069, 65783|1146, 65784|1795, 65788|1917, 65790|2049, 65791|2183, 65797|2293, 65799|2405, 65809|2518, 65810|2599, 65811|2671, 65812|3116, 65816|3272, 65818|3869, 65820|3976, 65825|4155, 65826|4225, 65828|4295, 65842|4368, 65854|4442, 65858|4509, 65863|4777, 65864|4922, 65881|5001, 65885|5225, 65888|5317, 65892|5973, 65901|6125, 65906|6224, 65909|6293, 65910|6357, 65913|6951, 65917|9177, 65921|10913, 65923|11055, com.moshbit.studo, 
65924|2404, 65929|2500, 65934|2600, com.isis_papyrus.raiffeisen_pay_eyewdg, 
65946|2060, 65950|2210, 65957|2331, 65959|2453, 65961|2707, 65962|2795, 65968|10817, 65970|10885, 65971|13002, 65972|13240, 65979|13430, 65980|13977, de.pilot.newyorker.android, 
65985|1, 65987|215, 65989|323, 66002|426, 66003|534, 66004|837, 66005|2608, 66015|2699, 66017|2778, 66021|2851, 66023|2995, 66027|11029, com.instagram.android, 
66028|2441, 66029|2599, 66036|2908, 66038|3175, 66040|3266, 66045|3344, 66047|3426, 66048|3505, 66054|3588, 66055|3719, 66056|3798, 66057|3873, 66059|4393, 66061|4465, 66069|4587, 66071|4657, 66075|4731, 66080|5248, 66083|5339, 66084|5416, 66086|8153, 66090|8240, 66091|8412, 66092|8500, 66098|8681, 66099|8863, 66109|8953, 66113|9041, 66119|9137, 66121|9213, 66123|9293, 66126|9374, 66128|9453, 66129|9550, 66130|9639, 66132|9736, 66137|9825, 66142|9920, 66145|10007, 66148|10092, 66152|10184, 66155|10301, 66165|11614, 66167|12481, 66169|12565, org.zwanoo.android.speedtest, 
66170|1380, 66172|1645, 66174|1725, 66176|1869, 66180|2021, 66187|2170, 66207|2437, 66210|2538, 66212|2625, 66216|2761, 66222|2861, 66223|2959, 66226|3047, 66227|3130, 66230|3244, 66233|3341, 66236|3442, 66238|3538, 66240|3628, 66241|5120, 66245|7731, 66250|7819, 66252|7905, 66255|8025, 66256|8400, 66257|8479, 66261|8575, 66262|8656, 66263|8872, 66265|9807, 66267|9898, 66268|10100, 66269|10345, 66272|10981, 66274|11083, 66280|11220, 66284|11336, 66289|11411, 66291|11474, de.prosiebensat1digital.prosieben, 
66296|2153, 66298|2279, 66308|2410, 66309|2962, 66310|3400, 66314|3723, 66315|3949, 66316|4338, 66317|4518, 66325|4627, 66338|4834, 66363|4943, 66372|5065, 66384|5167, 66417|5257, 66423|5357, 66444|5443, 66447|5548, 66448|5655, 66449|5747, 66450|7197, 66453|7283, 66462|8203, 66463|8310, 66465|8517, 66474|8623, 66478|8707, 66479|8784, 66480|8889, 66481|9154, 66487|9272, 66488|9419, 66503|9537, 66506|9647, 66507|9752, 66508|9857, 66518|9948, 66525|10042, 66526|10118, 66534|10276, 66535|10378, 66536|11012, 66551|11086, 66553|11240, org.mozilla.firefox, 
66554|2504, 66564|2585, 66570|2688, 66571|2763, 66574|3204, 66575|3848, 66576|8977, 66578|10812, 66580|10879, com.instagram.android, 
66586|2288, 66591|2486, com.isis_papyrus.raiffeisen_pay_eyewdg, 
66593|1742, 66597|1837, 66598|2039, 66600|2134, 66603|4418, 66604|4495, 66606|4563, 66610|4644, 66611|4713, 66612|4778, 66613|4931, 66615|10693, 66616|10821, 66627|10891, com.tripadvisor.tripadvisor, 
66639|2084, 66665|2238, 66690|2352, 66703|2452, 66721|2561, 66739|2657, 66765|2797, 66782|2902, 66790|3010, 66798|3178, 66801|3634, 66803|7162, 66804|7240, 66810|7757, 66815|8233, 66822|8387, 66827|8499, 66834|8613, 66839|8695, 66843|8769, 66847|8845, 66851|8968, 66871|11037, com.fsck.k9, 
66872|2182, 66877|2280, 66878|2385, 66882|2465, com.isis_papyrus.raiffeisen_pay_eyewdg, 
66885|2783, 66897|2863, 66900|2948, 66902|3380, 66904|10945, 66906|11011, com.instagram.android, 
66907|1684, 66908|1792, 66912|1902, 66913|1994, 66915|2067, 66921|4283, 66926|4345, 66927|4427, 66928|4506, 66929|4725, 66931|10470, 66933|10568, 66941|10680, 66948|10882, com.tripadvisor.tripadvisor, 
66980|2077, 67032|2225, 67049|2374, 67082|2477, 67101|2579, 67110|2658, 67114|2744, 67117|6426, 67118|6494, 67122|6564, 67126|6627, 67129|6709, 67133|6779, 67137|6849, 67138|6914, 67142|6982, 67146|7074, 67149|7134, 67153|7200, 67154|7287, 67155|10656, 67158|10865, 67177|10989, 67178|11073, com.fsck.k9, 
67183|1770, 67184|1990, 67185|2062, 67186|2226, 67189|4336, 67191|4404, 67196|4474, 67197|4542, 67198|4611, 67200|5007, 67204|9790, 67206|9894, 67207|10593, 67210|10695, 67218|10823, 67223|10905, 67226|11055, com.tripadvisor.tripadvisor, 
67227|2141, 67232|2245, 67233|2341, 67237|2429, com.isis_papyrus.raiffeisen_pay_eyewdg, 
67239|1749, 67243|1895, 67244|2015, 67245|2090, 67246|2183, 67247|4042, 67250|4311, 67253|4380, 67257|4455, 67258|4593, 67259|4668, 67260|4823, 67261|10450, 67262|10550, 67265|10626, 67272|10703, 67279|10892, com.tripadvisor.tripadvisor, 
67281|5210, 67282|5277, 67287|5431, 67291|5532, 67293|5598, 67295|5659, 67297|5733, 67300|5805, 67301|5877, 67303|5951, 67304|6089, 67306|10881, 67308|10955, com.twitter.android, 
67310|1798, 67314|1905, 67315|2111, 67317|2197, 67321|4361, 67323|4427, 67327|4511, 67328|4576, 67329|4645, 67330|4790, 67332|10630, 67336|10753, 67344|10815, 67349|10896, com.tripadvisor.tripadvisor, 
67350|1652, 67355|1767, 67356|1866, 67358|1978, 67361|4330, 67362|4392, 67368|4455, 67369|4575, 67370|4630, 67371|4811, 67373|10100, 67375|10182, 67382|10251, 67383|10329, 67386|10521, 67388|10574, com.tripadvisor.tripadvisor, 
67389|4371, 67394|4434, 67398|4607, 67401|4661, 67402|4712, 67407|4827, 67410|5003, 67411|5178, 67413|8248, 67414|10331, 67415|10391, 67417|10447, com.twitter.android, 
67418|4407, 67419|4464, 67423|4529, 67427|4659, 67430|4713, 67433|4818, 67436|4882, 67437|4957, 67439|5027, 67440|5199, 67442|10426, 67444|10547, 67446|12075, com.twitter.android, 
67447|4395, 67449|4450, 67452|4521, 67456|4632, 67459|4691, 67462|4800, 67465|4866, 67468|4989, 67469|5455, 67470|5627, 67471|6710, 67473|10314, 67475|10390, com.twitter.android, 
