||class android.content.Context:public abstract java.io.File android.content.Context.getExternalCacheDir()||class java.io.File:public java.io.File java.io.File.getAbsoluteFile()||class java.io.File:public java.io.File java.io.File.getAbsoluteFile()||class java.io.File:public java.io.File java.io.File.getAbsoluteFile()||class java.io.File:public java.io.File java.io.File.getAbsoluteFile()||class java.io.File:public long java.io.File.getFreeSpace()
4701474816|1, 4701528064|262, 4701532160|758, 4701499392|989, 4701462528|1550, 4701458432|1639, 4701425664|1946, 4701421568|2412, 4701417472|3174, 4701384704|3279, 4700991488|4666, 4700893184|4768, 4700405760|5001, 4700880896|5152, 4700848128|5261, 4700807168|5386, 4700774400|5841, 4700684288|7231, 4700667904|7874, org.mozilla.firefox, 
4700594176|1, 4700590080|116, 4700594176|176, 4700590080|1282, 4700594176|1358, 4700590080|1529, 4700585984|1664, 4700565504|1937, 4700553216|2419, 4700549120|2687, 4700545024|2778, 4700557312|3112, 4700553216|4007, 4700557312|5126, 4700561408|11142, com.airbnb.android, 
4700557312|1, 4700553216|2063, 4700557312|2203, 4700532736|2427, 4700524544|2838, 4700516352|3125, 4700508160|3379, 4700483584|3488, 4700585984|4028, 4700516352|4803, 4700581888|4913, 4700569600|5758, 4700520448|5881, 4700516352|6472, 4700520448|6684, 4700512256|8712, 4700508160|9408, 4700569600|10400, 4700565504|12878, de.prosiebensat1digital.prosieben, 
4700561408|2207, 4700565504|2377, 4700561408|2474, 4700557312|4383, 4700524544|4672, 4700475392|7019, 4700524544|7075, 4700430336|8429, 4708823040|9997, org.chromium.chrome, 
4708818944|1, 4708810752|1704, 4708782080|1794, 4708777984|1906, 4708814848|2651, 4708818944|3421, 4708814848|4062, 4708732928|4586, 4708728832|4948, 4708724736|5201, 4708720640|6530, com.moshbit.studo, 
4708827136|2975, 4708831232|3042, 4708827136|4042, 4708814848|6653, com.fsck.k9, 
4708810752|1, 4708806656|102, 4708810752|158, 4708818944|2280, 4708810752|2346, 4708806656|4183, 4708802560|4638, 4708790272|4861, 4708786176|9602, 4708782080|10409, com.instagram.android, 
4708773888|1, 4708741120|1495, 4708769792|2652, 4708773888|3785, 4708769792|3999, 4708765696|6448, 4708761600|10973, 4708757504|11039, 4708749312|11178, 4708741120|11418, 4708732928|11739, 4708728832|11849, 4708724736|12043, 4708761600|12244, de.pilot.newyorker.android, 
4708749312|1, 4708745216|58, 4708749312|118, 4708745216|585, 4708753408|641, 4708737024|1063, 4708732928|4054, 4708696064|4668, 4708679680|4767, 4708675584|4954, 4708655104|5118, 4708540416|5182, 4708536320|5389, 4708524032|6165, 4708536320|6267, 4708532224|6696, 4708519936|6782, 4708536320|8337, 4708495360|8432, 4708454400|8507, 4708446208|8594, 4708442112|9056, 4708438016|9154, 4708417536|9268, 4708409344|9357, 4708405248|9443, 4708433920|9543, 4708409344|9642, 4708405248|9864, 4708397056|9981, 4708392960|10081, 4708388864|10179, 4708364288|10320, de.spiegel.android.app.spon, 
4708339712|1, 4708335616|57, 4708339712|108, 4708335616|4036, com.isis_papyrus.raiffeisen_pay_eyewdg, 
4708331520|1, 4708327424|4031, 4708323328|4168, 4708319232|4328, 4708323328|5082, 4708315136|7048, 4708323328|7104, com.duckduckgo.mobile.android, 
4708311040|1, 4708306944|4001, 4708311040|4234, 4708306944|4324, 4708311040|5139, 4708302848|6289, 4708286464|6449, 4708302848|6901, 4708286464|6975, 4708278272|7454, 4708257792|7618, 4708249600|7703, 4708327424|8404, 4708356096|8587, 4708339712|8672, 4708335616|8898, 4708327424|8978, 4708384768|9064, 4708380672|9547, 4708376576|9643, 4708372480|9750, 4708364288|9862, 4708356096|9948, 4708339712|10054, 4708335616|10271, de.spiegel.android.app.spon, 
4708331520|1, 4708327424|61, 4708331520|112, 4708315136|1557, 4708327424|2366, 4708331520|3377, 4708327424|4151, 4708331520|5367, 4708327424|5445, 4708278272|7059, 4708327424|7113, com.paypal.android.p2pmobile, 
4708323328|1, 4708319232|105, 4708323328|163, 4708319232|1226, 4708323328|1284, 4708319232|4023, 4708323328|5123, 4708319232|10855, 4708315136|11048, 4708311040|11285, 4708306944|11350, 4708298752|11470, 4708290560|11735, 4708286464|11805, 4708282368|11988, 4708319232|12126, de.pilot.newyorker.android, 
4708311040|1, 4708306944|597, 4708311040|657, 4708315136|790, 4708298752|1176, 4708294656|2035, 4708298752|2349, 4708294656|2798, 4708298752|2968, 4708294656|3999, org.indywidualni.fblite, 
4708290560|1, 4708294656|1410, 4708286464|1652, 4708294656|1737, 4708274176|2069, 4708294656|2138, 4708290560|2302, 4708294656|2372, 4708306944|3746, 4708302848|4100, 4708298752|4716, 4708294656|5071, 4708311040|5337, 4708306944|5444, 4708290560|5512, 4708282368|5582, 4708278272|6062, 4708282368|6374, 4708274176|6622, 4708278272|6779, 4708245504|6864, 4708147200|6933, 4708077568|7009, 4708081664|7066, 4708032512|7778, 4707950592|7856, 4707934208|7912, 4708274176|10221, de.mcdonalds.mcdonaldsinfoapp, 
4708257792|1, 4708253696|2644, 4708249600|3461, 4708216832|3601, 4708196352|3690, 4708192256|4102, com.waze, 
4708179968|1, 4708175872|4110, 4708179968|5206, 4708233216|7302, com.instagram.android, 
4708229120|1, 4708225024|1255, 4708229120|1331, 4708212736|1772, 4708225024|2807, 4708220928|3200, 4708225024|3337, 4708229120|3627, 4708220928|3962, 4708216832|4033, 4708225024|7909, 4708220928|8313, org.zwanoo.android.speedtest, 
4708204544|1, 4708200448|3964, 4708204544|5085, 4708200448|10804, 4708196352|10940, 4708188160|11076, 4708179968|11484, 4708175872|11692, 4708171776|11755, 4708167680|11897, 4708163584|12150, 4708200448|12289, de.pilot.newyorker.android, 
4708204544|891, 4708192256|1399, 4708188160|2146, 4708184064|2461, 4708118528|3233, 4708114432|3799, 4708110336|4025, 4708114432|5122, 4708147200|9578, 4708241408|10307, com.waze, 
4708229120|1, 4708225024|1199, 4708229120|1268, 4708225024|1465, 4708212736|1543, 4708229120|1639, 4708225024|2263, 4708229120|2325, 4708220928|3431, 4708216832|4043, 4708220928|4584, 4708282368|5362, 4708290560|7189, 4708282368|8612, 4708208640|9317, 4708220928|9381, 4708216832|9785, 4708220928|9902, 4708282368|10359, org.zwanoo.android.speedtest, 
4708274176|1, 4708270080|1250, 4708274176|1328, 4708261888|1612, 4708270080|1700, 4708265984|1911, 4708270080|1975, 4708274176|2746, 4708282368|3319, 4708274176|3568, 4708270080|4036, 4708274176|4614, 4708282368|7269, 4708270080|9376, 4708220928|9538, 4708282368|10372, org.zwanoo.android.speedtest, 
4708270080|1, 4708274176|1243, 4708265984|1781, 4708274176|1848, 4708270080|4013, 4708265984|4387, 4708245504|4575, 4708265984|4643, 4708261888|4830, 4708278272|5103, 4708265984|5196, 4708261888|5766, 4708257792|6130, 4708261888|6186, 4708229120|6486, 4708208640|6552, 4708110336|6612, 4708077568|6666, 4708261888|10022, de.mcdonalds.mcdonaldsinfoapp, 
4708249600|1, 4708245504|3997, 4708249600|5110, 4708245504|10794, 4708241408|10865, 4708237312|10925, 4708233216|10996, 4708229120|11122, 4708225024|11245, 4708220928|11493, 4708216832|11571, 4708212736|11632, 4708208640|12088, 4708245504|12169, de.pilot.newyorker.android, 
4708237312|1, 4708241408|381, 4708237312|4048, 4708257792|4335, 4708241408|4430, 4708237312|4511, 4708233216|4703, 4708196352|4834, 4708192256|5118, 4708200448|5194, 4708212736|7330, 4708188160|7403, 4708179968|7953, 4708159488|8140, 4708171776|8300, 4708155392|8379, 4708151296|8532, 4708134912|8612, 4708122624|8684, 4708114432|8757, 4708085760|8850, 4708093952|8937, 4708098048|9036, 4708093952|9586, 4708085760|9682, 4708077568|9877, 4708061184|10045, 4708057088|10139, 4708048896|10219, de.spiegel.android.app.spon, 
4708040704|1, 4708032512|2004, 4708028416|4161, 4708024320|5344, 4708016128|7066, 4708024320|7119, com.whatsapp, 
4708020224|1, 4708016128|4089, 4708024320|4327, 4708016128|4407, 4708020224|4639, 4708016128|4702, 4708020224|5131, 4708012032|6275, 4707995648|6424, 4707946496|7085, 4707995648|7163, 4707991552|7375, 4707987456|7446, 4707966976|7630, 4707958784|7700, 4707954688|8321, 4707946496|8426, 4707975168|8510, 4707958784|8595, 4707954688|8886, 4707946496|8959, 4707917824|9033, 4707913728|9442, 4707909632|9545, 4707905536|9644, 4707901440|9757, 4707897344|9847, 4707880960|9943, 4707885056|10060, 4707876864|10235, de.spiegel.android.app.spon, 
4707868672|1, 4707864576|1726, 4707823616|1954, 4707799040|2047, 4707786752|2380, 4707778560|2706, 4707774464|2838, 4707786752|3150, 4707782656|4109, 4707786752|5173, 4707790848|11457, com.airbnb.android, 
4707774464|1, 4707770368|3693, 4707819520|4039, 4707823616|5201, 4707815424|7906, 4707790848|8204, 4707774464|8473, 4707770368|8558, 4707737600|8666, 4707741696|8770, 4707733504|8875, 4707741696|8995, 4707737600|9630, 4707733504|9741, 4707729408|9838, 4707717120|9955, 4707704832|10084, 4707700736|10338, de.spiegel.android.app.spon, 
4707680256|1, 4707684352|102, 4707667968|1873, 4707663872|2066, 4707602432|2130, 4707606528|2249, 4707602432|2722, 4707598336|2840, 4707614720|2917, 4707627008|3225, 4707614720|3298, 4707618816|3378, 4707614720|3460, 4707606528|3519, 4707598336|3616, 4707606528|3684, 4707618816|3774, 4707610624|3848, 4707606528|3917, 4707602432|4011, 4707614720|4590, 4707602432|4740, 4707614720|4794, 4707602432|4915, 4707594240|5286, 4707606528|6952, 4707594240|7038, 4707598336|7242, 4707594240|7288, 4707655680|10140, de.zalando.mobile, 
4707647488|1, 4707643392|1373, 4707647488|1448, 4707643392|1879, 4707614720|1979, 4707643392|2098, 4707647488|2734, 4707643392|4381, 4707581952|5296, com.moshbit.studo, 
4707573760|1, 4707557376|1612, 4707573760|1722, 4707569664|1868, 4707508224|1949, 4707512320|2014, 4707508224|2641, 4707512320|2844, 4707524608|3134, 4707512320|3197, 4707500032|3277, 4707504128|3474, 4707500032|3541, 4707512320|3759, 4707491840|4069, 4707500032|4140, 4707491840|4288, 4707487744|4371, 4707491840|5224, 4707442688|6951, 4707491840|7025, 4707553280|10502, de.zalando.mobile, 
4707545088|1, 4707540992|2758, 4707545088|2931, 4707540992|3241, 4707536896|4760, 4707540992|5303, 4707536896|10307, org.chromium.chrome, 
4707532800|1, 4707528704|2896, 4707524608|3526, 4707471360|4190, 4707467264|4406, 4707471360|5546, com.waze, 
4707463168|1, 4707459072|2635, 4707450880|2857, 4707446784|2983, 4707414016|4184, 4707409920|4451, 4707414016|5533, com.waze, 
4707409920|1, 4707405824|2603, 4707401728|4400, 4707479552|5050, 4707475456|5479, 4707483648|5579, 4707479552|5664, 4707475456|5771, com.duckduckgo.mobile.android, 
4707471360|1, 4707467264|2125, 4707463168|2303, 4707459072|2399, 4707454976|2740, 4707450880|4431, 4707454976|5537, com.whatsapp, 
4707450880|1, 4707446784|2155, 4707442688|2263, 4707438592|2599, 4707434496|4334, 4707438592|5459, 4707446784|8180, 4707463168|8542, com.whatsapp, 
4707446784|2875, 4707438592|2966, 4707463168|4209, 4707459072|4570, 4707450880|5109, 4707442688|6217, 4707430400|6779, 4707434496|6835, 4707430400|7207, com.twitter.android, 
4707414016|1, 4707409920|4241, 4707405824|5339, 4707414016|5395, 4707409920|7118, 4707405824|13318, com.instagram.android, 
4707409920|1189, 4707405824|1355, 4707401728|1446, 4707409920|1511, 4707401728|1757, 4707409920|1818, 4707405824|4025, 4707401728|4195, 4707397632|4651, 4707393536|5096, 4707401728|5186, 4707397632|5696, 4707393536|5937, 4707397632|6042, 4707328000|6364, 4707213312|6437, 4707397632|9984, 4707393536|10721, 4707397632|10773, de.mcdonalds.mcdonaldsinfoapp, 
4707393536|3997, 4707397632|4091, 4707405824|4172, 4707401728|4239, 4707405824|4750, org.chromium.chrome, 
4707401728|1, 4707397632|109, 4707401728|165, 4707397632|1603, 4707389440|1787, 4707385344|4004, 4707381248|5097, 4707389440|5156, com.whatsapp, 
4707385344|1, 4707377152|2985, 4707385344|3098, 4707381248|4008, 4707377152|4099, 4707373056|4333, 4707377152|5122, com.duckduckgo.mobile.android, 
4707364864|1, 4707352576|1705, 4707364864|1831, 4707360768|2106, 4707987456|2614, 4707958784|3640, 4707921920|4208, 4707917824|4356, 4707909632|4849, 4707913728|4965, 4707909632|5735, 4707876864|5948, 4707483648|7385, 4707385344|7503, 4706856960|7639, 4707315712|7745, 4707303424|7878, 4707270656|8881, 4707254272|10429, org.mozilla.firefox, 
4707241984|1, 4707237888|1662, 4707233792|1747, 4707229696|1830, 4707225600|4014, 4707229696|5108, 4707225600|6638, 4707176448|7037, 4707225600|7093, 4707311616|12244, com.whatsapp, 
4707307520|1, 4707303424|4096, 4707299328|4283, 4707295232|4360, 4707299328|5168, com.duckduckgo.mobile.android, 
4707287040|1, 4707282944|3988, 4707274752|4072, 4707278848|5167, com.duckduckgo.mobile.android, 
4707266560|1, 4707274752|3090, 4707270656|4063, 4707274752|5142, 4707266560|6211, 4707237888|6278, 4707188736|6338, 4707168256|6389, 4707160064|6441, 4707168256|6565, 4707151872|6633, com.fsck.k9, 
4707147776|1, 4707143680|54, 4707147776|106, 4707123200|2478, 4707110912|2860, 4707102720|3181, 4707094528|3400, 4707078144|3543, 4707069952|3616, 4707065856|4097, 4707069952|4598, 4707008512|5882, 4707004416|7879, 4707008512|7965, 4707024896|8701, 4707020800|9794, 4707024896|9889, 4707016704|10071, 4707078144|10267, de.prosiebensat1digital.prosieben, 
4707061760|1, 4707045376|1695, 4707049472|1798, 4707057664|1872, 4707061760|2591, 4707057664|4175, 4707061760|4749, com.paypal.android.p2pmobile, 
4707057664|1, 4707053568|1348, 4707057664|1430, 4707041280|1713, 4707053568|1798, 4707057664|2966, 4707045376|4184, 4707049472|4745, 4707008512|6968, 4707049472|7044, 4707057664|7838, 4707053568|9519, 4707057664|9598, 4706996224|10304, 4707057664|10427, org.zwanoo.android.speedtest, 
4707053568|1, 4707028992|2212, 4707020800|2422, 4707012608|2638, 4707004416|2808, 4706975744|3021, 4706971648|4419, 4706963456|4560, 4706971648|4664, 4706963456|5498, 4706914304|5616, 4706910208|6701, 4706865152|7030, 4706820096|7119, 4706816000|7246, 4706742272|7845, 4706816000|7959, 4706811904|8682, 4706803712|9489, 4706795520|10656, 4706856960|11169, de.prosiebensat1digital.prosieben, 
4706848768|1, 4706844672|3236, 4706840576|3842, 4706836480|4369, 4706803712|4873, 4706770944|5017, 4706775040|5494, 4706770944|5574, com.waze, 
4706766848|1, 4706742272|2945, 4706734080|3406, 4706725888|3598, 4706717696|3827, 4706701312|4030, 4706693120|4128, 4706689024|4419, 4706693120|4952, 4706619392|5171, 4706693120|5300, 4706754560|5665, 4706693120|6169, 4706684928|10294, 4706746368|11108, de.prosiebensat1digital.prosieben, 
4706734080|1, 4706729984|2522, 4706693120|2617, 4706664448|2704, 4706652160|3150, 4706643968|3439, 4706656256|4219, 4706652160|4452, 4706656256|5572, 4706660352|12375, com.airbnb.android, 
4706643968|1, 4706639872|2492, 4706643968|2899, 4706639872|3490, 4706693120|3589, 4706697216|3713, 4706693120|4345, 4706697216|5460, org.indywidualni.fblite, 
4706684928|1, 4706680832|2082, 4706676736|2202, 4706672640|4324, 4706676736|5489, com.whatsapp, 
4706672640|1, 4706668544|4476, 4706664448|5419, 4706668544|5507, 4706664448|5618, 4706582528|7362, 4706590720|7450, com.duckduckgo.mobile.android, 
4706586624|1, 4706582528|1995, 4706586624|3138, 4706582528|4334, 4706574336|4717, 4706578432|4927, 4706586624|8698, org.zwanoo.android.speedtest, 
4706582528|1, 4706578432|2238, 4706582528|2354, 4706578432|2829, 4707205120|3318, 4707209216|4287, 4707176448|4657, 4707172352|4748, 4707176448|5256, 4707139584|5360, 4707172352|5701, 4707139584|5818, 4707135488|7458, 4707102720|7544, 4706611200|9737, 4706557952|9885, 4706050048|10150, 4706529280|10239, 4706525184|10355, 4706099200|10578, 4705845248|11168, 4705828864|11296, org.mozilla.firefox, 
4705824768|1, 4705820672|4486, 4705824768|5083, 4705910784|11928, 4705906688|13892, 4705910784|13972, com.isis_papyrus.raiffeisen_pay_eyewdg, 
4705906688|1, 4705902592|1668, 4705898496|1793, 4705894400|2526, 4705890304|2621, 4705849344|2779, 4705832960|2853, 4705820672|3361, 4705816576|3588, 4705824768|4405, 4705828864|5542, 4705832960|11963, com.airbnb.android, 
4705828864|1, 4705796096|3159, 4705792000|3750, 4705775616|3958, 4705771520|4276, 4705763328|4380, 4705775616|5053, 4705779712|5472, 4705775616|8583, 4705779712|12189, com.airbnb.android, 
4705771520|1, 4705751040|2463, 4705771520|2578, 4705705984|2763, 4705710080|2976, 4705714176|3500, 4705710080|3602, 4705701888|3840, 4705705984|3951, 4705783808|4079, 4705792000|4497, 4705779712|4596, 4705751040|4696, 4705767424|4840, 4705783808|5615, 4705775616|6197, 4705771520|6287, 4705767424|9064, 4705771520|10527, 4705832960|10846, de.zalando.mobile, 
4705828864|1, 4705824768|2144, 4705828864|3050, 4705824768|4374, 4705820672|4883, 4705787904|6671, 4705820672|6755, 4705816576|7443, 4705824768|8703, 4705820672|13936, 4705824768|14005, org.zwanoo.android.speedtest, 
4705800192|1, 4705792000|2258, 4705787904|3058, 4705792000|3156, 4705787904|4802, 4705792000|5370, 4705742848|6688, 4705787904|6767, 4705783808|7252, 4705787904|7325, org.chromium.chrome, 
4705767424|1, 4705763328|2410, 4705767424|2664, 4705763328|4714, 4705767424|5252, 4705771520|9141, org.chromium.chrome, 
4705767424|2700, 4705763328|4461, 4705759232|5408, com.duckduckgo.mobile.android, 
4705751040|1, 4705755136|1546, 4705751040|1646, 4705746944|4419, 4705751040|5016, com.isis_papyrus.raiffeisen_pay_eyewdg, 
4705746944|1, 4705742848|3341, 4705738752|4018, 4705734656|4451, 4705697792|4807, 4705681408|4897, 4705677312|5478, 4705685504|5553, 4705689600|6907, com.waze, 
4705685504|1, 4705681408|2553, 4705685504|2939, 4705681408|3534, 4705685504|3693, 4705681408|4386, 4705685504|5482, 4705738752|5841, org.indywidualni.fblite, 
4705734656|1, 4705730560|2312, 4705669120|2386, 4705673216|2539, 4705677312|3480, 4705673216|3692, 4705660928|4175, 4705656832|4392, 4705669120|4797, 4705656832|5294, 4705669120|5387, 4705656832|5478, 4705660928|5990, 4705665024|7494, 4705660928|7560, 4705722368|10715, 4705746944|12779, 4705787904|13344, 4705783808|13708, 4705787904|13774, de.zalando.mobile, 
4705792000|1775, 4705787904|2885, 4705792000|2990, 4705787904|4466, 4705783808|4835, 4705787904|4928, 4705792000|5565, 4705787904|6256, 4705783808|6831, 4705796096|7194, 4705783808|7305, 4705775616|8018, 4705779712|8107, 4705746944|8526, 4705660928|8600, 4705566720|8675, 4705775616|10818, de.mcdonalds.mcdonaldsinfoapp, 
4705763328|1, 4705759232|2401, 4705763328|2723, 4705759232|3178, 4705763328|3422, 4705759232|4453, 4705763328|5556, 4705759232|13724, 4705763328|13793, org.indywidualni.fblite, 
4705759232|1, 4705755136|1555, 4705759232|1630, 4705755136|2169, 4705751040|2341, 4705746944|2423, 4705742848|4336, 4705738752|5401, 4705746944|5473, com.whatsapp, 
4705742848|4356, 4705746944|5472, com.fsck.k9, 
4705738752|1, 4705734656|2308, 4705738752|2694, 4705734656|3160, 4705738752|3323, 4705734656|4375, 4705738752|5477, org.indywidualni.fblite, 
4705726464|1, 4705722368|1523, 4705726464|1727, 4705722368|2351, 4705718272|2476, 4705665024|2579, 4705656832|2663, 4705644544|3035, 4705640448|3304, 4705652736|4082, 4705648640|4448, 4705652736|5519, 4705656832|12003, com.airbnb.android, 
4705652736|1, 4705705984|3656, 4705701888|4474, 4705697792|5151, 4705693696|5276, 4705697792|5609, com.duckduckgo.mobile.android, 
4705689600|1, 4705685504|1625, 4705681408|1815, 4705677312|1929, 4705673216|4115, 4705677312|5154, com.whatsapp, 
4705673216|1, 4705660928|1707, 4705673216|1801, 4705669120|1933, 4705607680|1996, 4705611776|2107, 4705607680|2599, 4705603584|2674, 4705607680|2746, 4705619968|3270, 4705607680|3323, 4705599488|3400, 4705595392|3504, 4705607680|3679, 4705595392|3766, 4705607680|4108, 4705603584|4185, 4705591296|4531, 4705595392|5237, 4705607680|6815, 4705595392|6875, 4705656832|10251, de.zalando.mobile, 
4705644544|1, 4705640448|4300, 4705644544|5387, com.instagram.android, 
4705632256|1718, 4705644544|1795, 4705640448|1999, 4705579008|2072, 4705583104|2137, 4705579008|2731, 4705583104|3003, 4705587200|3259, 4705583104|3320, 4705554432|3385, 4705570816|3470, 4705583104|3878, 4705562624|4042, 4705579008|4133, 4705566720|4318, 4705570816|5210, 4705632256|10086, de.zalando.mobile, 
4705628160|1, 4705632256|1200, 4705624064|1358, 4705632256|1453, 4705628160|4002, 4705624064|4233, 4705619968|4640, 4705624064|5106, 4705619968|5511, 4705615872|5881, 4705619968|5932, 4705583104|6348, 4705456128|6410, 4705423360|6462, 4705615872|9978, de.mcdonalds.mcdonaldsinfoapp, 
4705603584|1, 4705599488|1808, 4705603584|2184, 4705599488|2737, 4705603584|2853, 4705599488|3982, 4705603584|5123, org.indywidualni.fblite, 
4705599488|1, 4705566720|1778, 4705595392|1866, 4705599488|2544, 4705603584|3828, 4705599488|3944, 4705595392|4039, 4705591296|4244, 4705595392|5127, 4705587200|9974, 4705595392|10065, com.moshbit.studo, 
4705587200|1, 4705583104|2161, 4706177024|2496, 4706164736|3278, 4706177024|3386, 4706144256|3542, 4706148352|3778, 4706238464|3952, 4706201600|4092, 4706197504|4321, 4706201600|4926, 4706197504|5691, 4706164736|5764, 4705673216|7257, 4705181696|7509, 4705660928|7644, 4705607680|7769, 4705591296|7834, 4705558528|8283, 4705542144|10388, org.mozilla.firefox, 
4705517568|1, 4705513472|4275, 4705517568|4813, 4705513472|4986, 4705521664|6640, 4705533952|7159, 4705619968|12316, org.chromium.chrome, 
4705615872|1, 4705611776|61, 4705615872|132, 4705611776|2446, 4705607680|2725, 4705603584|3571, 4705550336|3712, 4705546240|4026, 4705550336|5144, 4705546240|5330, 4705525760|5925, 4705546240|5984, com.waze, 
4705542144|1, 4705538048|1878, 4705542144|2315, 4705538048|2764, 4705542144|2894, 4705538048|3997, 4705542144|5129, 4705595392|5854, org.indywidualni.fblite, 
4705583104|1, 4705579008|4147, 4705599488|5061, 4705583104|5197, 4705587200|5312, 4705599488|8400, 4705583104|8498, 4705570816|8606, 4705574912|8841, 4705570816|8922, 4705566720|8992, 4705562624|9094, 4705558528|9198, 4705538048|9300, 4705533952|9375, 4705554432|9479, 4705538048|9560, 4705525760|10023, 4705521664|10106, 4705517568|10189, 4705488896|10283, 4705484800|10376, 4705492992|10469, 4705484800|10600, de.spiegel.android.app.spon, 
4705480704|2211, 4705476608|2525, 4705411072|3391, 4705406976|3505, 4705402880|4158, 4705406976|5261, com.waze, 
4705390592|1, 4705386496|4433, 4705447936|4892, 4705452032|5556, 4705447936|11611, 4705443840|11727, 4705435648|11812, 4705431552|11976, 4705427456|12135, 4705431552|12389, 4705423360|12467, 4705419264|12566, 4705415168|12644, 4705411072|12962, 4705419264|13104, 4705427456|13189, 4705447936|13258, de.pilot.newyorker.android, 
4705443840|1, 4705447936|917, 4705443840|1566, 4705423360|3009, 4705419264|3098, 4705443840|3265, 4705439744|4565, 4705431552|5700, 4705423360|6789, 4705419264|7355, 4705411072|7629, 4705431552|8149, com.twitter.android, 
4705423360|1, 4705398784|2066, 4705419264|2213, 4705423360|2911, 4705419264|4482, 4705411072|4591, 4705419264|4691, 4705423360|5248, 4705427456|5567, 4705353728|5985, com.moshbit.studo, 
4705341440|1, 4705316864|3297, 4705308672|3657, 4705300480|3891, 4705292288|4169, 4705284096|4256, 4705275904|4368, 4705271808|4453, 4705263616|4538, 4705267712|4998, 4705251328|5700, 4705267712|5845, 4705206272|6808, 4705202176|9722, 4705206272|9851, 4705202176|10889, 4705263616|11303, de.prosiebensat1digital.prosieben, 
4705255424|1, 4705230848|2498, 4705255424|2709, 4705251328|4067, 4705247232|4496, 4705243136|5507, 4705239040|5583, 4705234944|6623, 4705230848|6697, 4705226752|7188, 4705218560|7470, 4705251328|7989, com.twitter.android, 
4705247232|1, 4705239040|2733, 4705202176|2889, 4705173504|2975, 4705161216|3358, 4705157120|3730, 4705165312|4548, 4705169408|5661, 4705173504|12297, com.airbnb.android, 
4705169408|2338, 4705173504|2517, 4705169408|2802, 4705796096|3175, 4705849344|3926, 4705816576|4539, 4705812480|5050, 4705816576|5152, 4705783808|5433, 4705767424|6694, 4705783808|6815, 4705751040|7308, 4705746944|7702, 4705525760|9403, 4705255424|9530, 4704882688|9961, 4705210368|10140, 4705173504|10307, 4705083392|11327, 4705067008|11827, 4705062912|12878, org.mozilla.firefox, 
4705054720|1, 4705058816|1722, 4705050624|1900, 4705058816|2052, 4705054720|4462, 4705050624|5447, 4705058816|5533, 4705054720|5748, 4705050624|6246, 4705009664|6632, 4705050624|6741, 4705042432|7593, 4705046528|7673, 4705026048|7977, 4704948224|8064, 4704886784|8156, 4705128448|12126, 4705124352|13711, 4705128448|13785, de.mcdonalds.mcdonaldsinfoapp, 
4705120256|1, 4705116160|2442, 4705120256|2941, 4705116160|3338, 4705120256|3562, 4705116160|4404, 4705120256|5511, 4705116160|6635, 4705062912|10783, org.indywidualni.fblite, 
4705058816|1, 4705042432|2066, 4705054720|2193, 4705058816|2904, 4705054720|4510, 4705058816|5049, 4705062912|6845, 4705058816|6930, com.paypal.android.p2pmobile, 
4705054720|1, 4705030144|2650, 4705021952|2971, 4705013760|3377, 4705005568|3672, 4704989184|3783, 4704980992|3957, 4704976896|4438, 4704944128|4630, 4704870400|4874, 4704944128|5020, 4704907264|5122, 4704911360|5575, 4704849920|6034, 4704854016|7673, 4704849920|7813, 4704841728|10990, 4704903168|11471, de.prosiebensat1digital.prosieben, 
4704878592|1, 4705468416|2638, 4705435648|3509, 4705439744|4169, 4705435648|4578, 4705398784|4672, 4705464320|5039, 4705468416|5135, 4705456128|5233, 4705468416|5345, 4705386496|6591, 4705431552|6681, 4704940032|8509, 4704452608|8883, 4704874496|9054, 4704858112|9154, 4704854016|9400, 4704858112|9518, 4704825344|9879, 4704808960|10927, org.mozilla.firefox, 
4704788480|1, 4704780288|2378, 4704788480|2479, 4704784384|2711, 4704722944|2795, 4704727040|2960, 4704731136|3505, 4704727040|3583, 4704722944|3743, 4704718848|4117, 4704722944|4249, 4704718848|4436, 4704710656|4579, 4704718848|4764, 4704706560|4889, 4704690176|5313, 4704718848|5429, 4704714752|5633, 4704722944|5715, 4704710656|5790, 4704722944|8155, 4704710656|8235, 4704772096|10945, 4704858112|11887, de.zalando.mobile, 
4704854016|1, 4704849920|1992, 4704854016|2137, 4704845824|2414, 4704841728|4393, 4704845824|5524, 4704841728|11632, 4704837632|11739, 4704833536|11818, 4704829440|11902, 4704821248|12132, 4704817152|12412, 4704813056|12494, 4704808960|12672, 4704804864|13016, 4704841728|13084, de.pilot.newyorker.android, 
4704837632|1, 4704841728|1306, 4704825344|2114, 4704841728|2204, 4704776192|2373, 4704780288|2529, 4704784384|3129, 4704780288|3276, 4704792576|3833, 4704780288|3927, 4704772096|4072, 4704768000|4272, 4704763904|4375, 4704768000|4606, 4704776192|4706, 4704763904|5083, 4704776192|5184, 4704763904|5265, 4704776192|5507, 4704763904|5580, 4704768000|6023, 4704829440|10798, 4704837632|13037, 4704849920|13485, de.zalando.mobile, 
4704845824|4407, 4704849920|5487, 4704845824|6216, 4704862208|10009, 4704845824|10126, 4704841728|11131, de.spiegel.android.app.spon, 
4704833536|1, 4704817152|2160, 4704829440|2270, 4704833536|3109, 4704829440|4468, 4704833536|4937, 4704825344|5251, 4704833536|9037, org.zwanoo.android.speedtest, 
4704825344|1, 4704821248|4414, 4704825344|5531, 4704821248|10484, 4704817152|10628, 4704800768|10753, 4704788480|10846, de.spiegel.android.app.spon, 
4704784384|1, 4704780288|1621, 4704784384|1724, 4704763904|2004, 4704776192|2178, 4704772096|2327, 4704706560|2422, 4704698368|2501, 4704686080|3071, 4704681984|3180, 4704694272|4117, 4704690176|4391, 4704694272|5490, 4704698368|11946, com.airbnb.android, 
4704690176|1, 4704686080|1611, 4704690176|1760, 4705312768|2788, 4705374208|3470, 4705341440|3833, 4705345536|4111, 4705341440|4620, 4705304576|4770, 4705341440|5132, 4705308672|5259, 4705304576|6615, 4705271808|6735, 4704780288|8857, 4704292864|9278, 4704735232|9414, 4704698368|9681, 4704690176|9782, 4704698368|9910, 4704694272|10337, 4704665600|10456, 4704649216|11354, org.mozilla.firefox, 
4704628736|1, 4704612352|2017, 4704624640|2175, 4704628736|2932, 4704624640|4413, 4704628736|4913, 4704714752|12044, com.paypal.android.p2pmobile, 
4704718848|2004, 4704714752|2149, 4704673792|2282, 4704722944|3079, 4704718848|3590, 4704690176|4524, 4704714752|4612, 4704710656|11992, 4704706560|12889, 4704698368|13167, 4704694272|13378, 4704686080|13455, 4704681984|13836, 4704677888|13905, 4704669696|13996, com.tripadvisor.tripadvisor, 
4704661504|1, 4704657408|78, 4704661504|300, 4704665600|372, 4704661504|680, 4704706560|823, 4704718848|3243, 4704714752|3421, 4704702464|3690, 4704698368|4413, 4704702464|4979, 4704727040|6846, 4704706560|7001, 4704702464|7087, com.isis_papyrus.raiffeisen_pay_eyewdg, 
4704698368|1, 4704694272|1568, 4704698368|1647, 4704751616|2279, 4704698368|2406, 4704694272|2791, 4704698368|2906, 4704710656|3108, 4704698368|3218, 4704694272|4783, 4704698368|5301, 4704694272|6177, 4704686080|9280, 4704694272|9347, org.chromium.chrome, 
4704698368|1818, 4704690176|2130, 4704698368|2236, 4704694272|4435, 4704698368|5557, 4704694272|6013, 4704690176|6687, 4704702464|7011, 4704690176|7121, 4704681984|7990, 4704686080|8099, 4704567296|8348, 4704497664|8433, 4704501760|8501, 4704686080|10764, de.mcdonalds.mcdonaldsinfoapp, 
4704673792|1, 4704657408|2403, 4704649216|2639, 4704641024|2958, 4704636928|3070, 4704628736|3660, 4704620544|3856, 4704595968|3957, 4704591872|4442, 4704595968|5558, 4704534528|5882, 4704522240|10704, 4704514048|10820, 4704575488|11047, de.prosiebensat1digital.prosieben, 
4704567296|1, 4704555008|1869, 4704550912|1981, 4704563200|2109, 4704567296|2860, 4704563200|4429, 4704567296|4940, 4704563200|13724, 4704567296|13800, com.paypal.android.p2pmobile, 
4704559104|1, 4704555008|4637, 4704559104|5764, 4704555008|6185, 4704563200|12943, 4704575488|13384, com.instagram.android, 
4704567296|1, 4704534528|2416, 4704563200|2528, 4704567296|3248, 4704563200|4566, 4704538624|6229, 4704501760|6307, com.moshbit.studo, 
4704489472|1, 4704456704|2092, 4704452608|4454, 4704456704|5019, 4704452608|8687, 4704423936|9050, 4704452608|9143, com.tripadvisor.tripadvisor, 
4704440320|1, 4704436224|1993, 4704440320|2878, 4704436224|4444, 4704440320|5460, 4704366592|5918, com.moshbit.studo, 
4704358400|1, 4704354304|1580, 4704358400|1684, 4704354304|4383, 4704358400|5485, com.fsck.k9, 
4704354304|1, 4704337920|1810, 4704350208|2168, 4704354304|3191, 4704350208|4452, 4704354304|5039, com.paypal.android.p2pmobile, 
4704350208|4413, 4704354304|5509, com.fsck.k9, 
4704350208|1, 4704346112|1592, 4704350208|1676, 4704309248|2122, 4704346112|2250, 4704350208|2986, 4704346112|4448, 4704305152|5916, 4704309248|6063, 4704305152|13735, 4704309248|13805, com.moshbit.studo, 
4704296960|1, 4704292864|1735, 4704280576|1845, 4704276480|1993, 4704292864|2119, 4704296960|2829, 4704292864|4441, 4704296960|4937, 4704292864|8718, 4704296960|8798, com.paypal.android.p2pmobile, 
4704292864|1, 4704288768|1593, 4704292864|1705, 4704288768|4383, 4704292864|5499, com.fsck.k9, 
4704284672|1, 4704280576|4681, 4704284672|5329, 4704264192|8249, 4704284672|8325, 4704276480|9261, org.chromium.chrome, 
4704268288|1, 4704251904|1835, 4704264192|2048, 4704268288|2748, 4704264192|4442, 4704268288|5023, 4704272384|8657, 4704268288|8738, com.paypal.android.p2pmobile, 
4704256000|1, 4704260096|1655, 4704251904|1934, 4704260096|2103, 4704256000|4494, 4704251904|5952, 4704264192|6435, 4704251904|6550, 4704243712|7249, 4704313344|7320, 4704247808|7415, 4704210944|7745, 4704149504|7834, 4704100352|7926, 4704051200|8004, 4704243712|10810, de.mcdonalds.mcdonaldsinfoapp, 
4704231424|1, 4704219136|3019, 4704206848|3113, 4704231424|3205, 4704227328|4465, 4704223232|4909, 4704215040|5524, 4704206848|6650, 4704202752|7175, 4704239616|7247, com.twitter.android, 
4704235520|1, 4704231424|4437, 4704235520|5532, 4704231424|11579, 4704223232|11852, 4704219136|12013, 4704210944|12314, 4704202752|12672, 4704198656|12751, 4704194560|13137, 4704231424|13284, de.pilot.newyorker.android, 
4704227328|1, 4704231424|1253, 4704198656|2049, 4704210944|2189, 4704215040|3112, 4704210944|4060, 4704206848|4439, 4704116736|5649, com.moshbit.studo, 
4704112640|1, 4704116736|1634, 4704112640|1759, 4704108544|4429, 4704112640|4950, com.isis_papyrus.raiffeisen_pay_eyewdg, 
4704108544|1, 4704104448|4377, 4704108544|5523, 4704104448|11518, 4704100352|11598, 4704096256|11864, 4704092160|11944, 4704088064|12026, 4704083968|12105, 4704071680|12533, 4704067584|12894, 4704104448|13078, 4704092160|13633, 4704104448|13718, de.pilot.newyorker.android, 
4704108544|837, 4704104448|4534, 4704108544|5630, com.instagram.android, 
4704104448|1, 4704083968|2280, 4704100352|2368, 4704104448|3346, 4704100352|4187, 4704104448|4315, 4704100352|4391, 4704104448|5042, 4704096256|5145, 4704088064|5246, 4704096256|5337, 4704092160|8684, 4704104448|8791, 4704043008|11303, 4704104448|11529, 4704100352|14456, 4704104448|14525, org.zwanoo.android.speedtest, 
4704096256|1, 4704092160|1647, 4704096256|1733, 4704067584|2441, 4704059392|2762, 4704051200|3048, 4704043008|3248, 4704026624|3537, 4704018432|3630, 4703940608|4550, 4704018432|4691, 4703961088|5608, 4703956992|8033, 4703961088|8164, 4703956992|9898, 4703952896|9987, 4703948800|10494, 4703936512|10984, 4703997952|11336, de.prosiebensat1digital.prosieben, 
4703981568|1, 4703977472|2592, 4704604160|2715, 4704571392|3617, 4704575488|4340, 4704534528|4637, 4704567296|4949, 4704534528|5068, 4704538624|5168, 4704534528|6445, 4704501760|6746, 4704010240|8708, 4703997952|8892, 4703965184|9156, 4703961088|9280, 4703449088|9426, 4703928320|9538, 4703916032|9649, 4703920128|9753, 4703887360|10043, 4703870976|11087, 4703866880|13933, 4703870976|14004, org.mozilla.firefox, 
4703850496|1, 4703846400|4431, 4703850496|5531, 4703936512|11966, 4703932416|13758, 4703936512|13824, com.instagram.android, 
4703928320|1, 4703924224|4445, 4703928320|4951, com.isis_papyrus.raiffeisen_pay_eyewdg, 
4703916032|1, 4703920128|1743, 4703916032|1837, 4703875072|2045, 4703924224|2225, 4703920128|3291, 4703944704|4287, 4703916032|4420, 4703920128|5009, 4703842304|6466, 4703854592|6545, 4703850496|8263, 4703854592|8361, com.tripadvisor.tripadvisor, 
4703846400|1, 4703842304|1632, 4703846400|1789, 4703952896|3387, 4703961088|3469, 4703956992|4445, 4703961088|5569, 4703911936|6696, 4703961088|6764, 4703952896|7758, 4703961088|7823, 4703952896|7909, 4703948800|13954, 4703952896|14025, com.fsck.k9, 
4703948800|1, 4703944704|1588, 4703948800|1705, 4703944704|4384, 4703948800|4969, com.isis_papyrus.raiffeisen_pay_eyewdg, 
4703944704|1, 4703940608|4530, 4703944704|5639, com.instagram.android, 
4703940608|1793, 4703916032|1909, 4703899648|1991, 4703948800|2156, 4703944704|3130, 4703916032|3866, 4703944704|3959, 4703940608|4424, 4703944704|4948, 4703916032|8378, 4703944704|8456, 4703940608|10680, com.tripadvisor.tripadvisor, 
4703932416|1, 4703928320|4384, 4703932416|5488, com.fsck.k9, 
4703936512|1675, 4703932416|1774, 4703891456|1991, 4703940608|2155, 4703936512|3211, 4703932416|4405, 4703936512|4933, 4703932416|10831, com.tripadvisor.tripadvisor, 
4703928320|1, 4703932416|1521, 4703924224|1601, 4703928320|1705, 4703924224|4424, 4703928320|4937, com.isis_papyrus.raiffeisen_pay_eyewdg, 
4703924224|1, 4703928320|1672, 4703924224|1765, 4703916032|1896, 4703883264|2016, 4703932416|2197, 4703928320|3186, 4703924224|3644, 4703928320|3720, 4703899648|3972, 4703928320|4043, 4703952896|4190, 4703928320|4312, 4703924224|4381, 4703928320|4977, 4703895552|10451, 4703891456|10554, com.tripadvisor.tripadvisor, 
4703875072|2487, 4703866880|2583, 4703891456|2765, 4703887360|4418, 4703879168|5533, 4703870976|6648, 4703891456|7225, com.twitter.android, 
4703887360|1, 4703891456|1678, 4703887360|1798, 4703862784|1905, 4703846400|2014, 4703854592|2111, 4703895552|2197, 4703891456|3201, 4703887360|4361, 4703891456|4930, 4703887360|11751, 4703891456|11816, com.tripadvisor.tripadvisor, 
4703879168|1, 4703875072|1569, 4703879168|1652, 4703875072|1766, 4703850496|1866, 4703834112|1978, 4703883264|2077, 4703879168|3167, 4703875072|4329, 4703879168|4866, 4703875072|10182, com.tripadvisor.tripadvisor, 
4703870976|1, 4703866880|1328, 4703870976|1413, 4703854592|1921, 4703846400|2035, 4703870976|2104, 4703866880|3511, 4703862784|4130, 4703858688|5178, 4703854592|5238, 4703846400|6334, 4703866880|6868, com.twitter.android, 
4703858688|1, 4703846400|1975, 4703834112|2072, 4703858688|2225, 4703854592|4176, 4703850496|5199, 4703846400|5253, 4703838208|6338, 4703834112|6871, 4703825920|7072, 4703846400|7628, 4703842304|13294, com.twitter.android, 
4703846400|1, 4703834112|1994, 4703821824|2075, 4703846400|2298, 4703842304|3360, 4703838208|4170, 4703830016|5215, 4703821824|6296, 4703817728|6894, 4703809536|7029, 4703842304|7631, com.twitter.android, 
