||class android.content.Context:public abstract java.io.File android.content.Context.getExternalCacheDir()||class java.io.File:public java.io.File java.io.File.getAbsoluteFile()||class java.io.File:public java.io.File java.io.File.getAbsoluteFile()||class java.io.File:public java.io.File java.io.File.getAbsoluteFile()||class java.io.File:public java.io.File java.io.File.getAbsoluteFile()||class java.io.File:public long java.io.File.getUsableSpace()
4684697600|1, 4684750848|263, 4684754944|760, 4684722176|990, 4684685312|1551, 4684681216|1642, 4684648448|1946, 4684644352|2412, 4684640256|3174, 4684607488|3279, 4684214272|4667, 4684115968|4768, 4683628544|5001, 4684103680|5152, 4684070912|5262, 4684029952|5386, 4683997184|5841, 4683907072|7231, 4683890688|7874, org.mozilla.firefox, 
4683816960|1, 4683812864|116, 4683816960|176, 4683812864|1282, 4683816960|1359, 4683812864|1539, 4683808768|1664, 4683788288|1937, 4683776000|2420, 4683771904|2687, 4683767808|2779, 4683780096|3112, 4683776000|4007, 4683780096|5126, 4683784192|11142, com.airbnb.android, 
4683780096|1, 4683755520|2427, 4683747328|2839, 4683739136|3125, 4683730944|3379, 4683706368|3488, 4683808768|4029, 4683739136|4804, 4683804672|4913, 4683792384|5764, 4683743232|5881, 4683739136|6475, 4683743232|6684, 4683735040|8712, 4683730944|9413, 4683792384|10400, 4683788288|12878, de.prosiebensat1digital.prosieben, 
4683784192|2208, 4683788288|2377, 4683784192|2475, 4683780096|4383, 4683747328|4673, 4683698176|7019, 4683747328|7075, 4683653120|8429, 4692045824|9997, org.chromium.chrome, 
4692041728|1, 4692033536|1709, 4692004864|1795, 4692000768|1906, 4692037632|2657, 4692041728|3421, 4692037632|4063, 4691955712|4586, 4691951616|4948, 4691947520|5201, 4691943424|6531, com.moshbit.studo, 
4692049920|2975, 4692054016|3042, 4692049920|4042, 4692037632|6654, com.fsck.k9, 
4692033536|1, 4692029440|102, 4692033536|158, 4692041728|2280, 4692033536|2346, 4692029440|4183, 4692025344|4638, 4692013056|4861, 4692008960|9602, 4692004864|10409, com.instagram.android, 
4691996672|1, 4691963904|1496, 4691992576|2652, 4691996672|3785, 4691992576|3999, 4691988480|6448, 4691984384|10973, 4691980288|11039, 4691972096|11179, 4691963904|11418, 4691955712|11739, 4691951616|11849, 4691947520|12043, 4691984384|12244, de.pilot.newyorker.android, 
4691972096|1, 4691968000|58, 4691972096|118, 4691968000|585, 4691976192|641, 4691959808|1063, 4691955712|1615, 4691959808|1691, 4691955712|4054, 4691918848|4668, 4691902464|4767, 4691898368|4954, 4691877888|5118, 4691763200|5182, 4691759104|5389, 4691746816|6165, 4691759104|6267, 4691755008|6696, 4691742720|6782, 4691759104|8338, 4691718144|8432, 4691677184|8507, 4691668992|8594, 4691664896|9056, 4691660800|9154, 4691640320|9268, 4691632128|9357, 4691628032|9443, 4691656704|9544, 4691632128|9642, 4691628032|9864, 4691619840|9982, 4691615744|10081, 4691611648|10180, 4691587072|10320, de.spiegel.android.app.spon, 
4691562496|1, 4691558400|57, 4691562496|108, 4691558400|4036, com.isis_papyrus.raiffeisen_pay_eyewdg, 
4691554304|1, 4691550208|4032, 4691546112|4169, 4691542016|4328, 4691546112|5082, 4691537920|7049, 4691546112|7104, com.duckduckgo.mobile.android, 
4691533824|1, 4691529728|4000, 4691533824|4233, 4691529728|4323, 4691533824|5138, 4691525632|6289, 4691509248|6448, 4691525632|6901, 4691509248|6974, 4691501056|7453, 4691480576|7617, 4691472384|7702, 4691550208|8403, 4691578880|8587, 4691562496|8672, 4691558400|8897, 4691550208|8978, 4691607552|9063, 4691603456|9547, 4691599360|9642, 4691595264|9750, 4691587072|9861, 4691578880|9947, 4691562496|10053, 4691558400|10270, de.spiegel.android.app.spon, 
4691554304|1, 4691550208|60, 4691554304|111, 4691537920|1556, 4691550208|2365, 4691554304|3376, 4691550208|4150, 4691554304|5366, 4691550208|5444, 4691501056|7058, 4691550208|7112, com.paypal.android.p2pmobile, 
4691546112|1, 4691542016|104, 4691546112|162, 4691542016|1226, 4691546112|1283, 4691542016|3526, 4691546112|3588, 4691542016|4022, 4691546112|5123, 4691542016|10855, 4691537920|11047, 4691533824|11284, 4691529728|11350, 4691521536|11469, 4691513344|11734, 4691509248|11804, 4691505152|11987, 4691542016|12125, de.pilot.newyorker.android, 
4691533824|1, 4691529728|597, 4691533824|657, 4691537920|790, 4691521536|1176, 4691517440|2036, 4691521536|2349, 4691517440|2798, 4691521536|2968, 4691517440|3999, org.indywidualni.fblite, 
4691513344|1, 4691517440|1410, 4691509248|1652, 4691517440|1737, 4691496960|2069, 4691517440|2138, 4691513344|2302, 4691517440|2372, 4691529728|3746, 4691525632|4100, 4691521536|4716, 4691517440|5071, 4691533824|5337, 4691529728|5444, 4691513344|5514, 4691505152|5582, 4691501056|6062, 4691505152|6374, 4691496960|6622, 4691501056|6780, 4691468288|6864, 4691369984|6933, 4691300352|7010, 4691304448|7066, 4691255296|7778, 4691173376|7856, 4691156992|7912, 4691496960|10221, de.mcdonalds.mcdonaldsinfoapp, 
4691480576|1, 4691476480|2644, 4691472384|3462, 4691439616|3601, 4691419136|3690, 4691415040|4102, com.waze, 
4691402752|1, 4691398656|4110, 4691402752|5206, 4691456000|7303, com.instagram.android, 
4691451904|1, 4691447808|1256, 4691451904|1331, 4691435520|1773, 4691447808|2808, 4691443712|3200, 4691447808|3337, 4691451904|3627, 4691443712|3963, 4691439616|4033, 4691447808|7909, 4691443712|8313, org.zwanoo.android.speedtest, 
4691427328|1, 4691423232|3965, 4691427328|5085, 4691423232|10804, 4691419136|10940, 4691410944|11076, 4691402752|11484, 4691398656|11692, 4691394560|11756, 4691390464|11897, 4691386368|12150, 4691423232|12289, de.pilot.newyorker.android, 
4691427328|891, 4691415040|1399, 4691410944|2146, 4691406848|2461, 4691341312|3234, 4691337216|3799, 4691333120|4025, 4691337216|5122, 4691369984|9579, 4691464192|10307, com.waze, 
4691451904|1, 4691447808|1199, 4691451904|1267, 4691447808|1464, 4691435520|1542, 4691451904|1639, 4691447808|2263, 4691451904|2324, 4691443712|3431, 4691439616|4042, 4691443712|4583, 4691505152|5361, 4691513344|7188, 4691505152|8611, 4691431424|9316, 4691443712|9380, 4691439616|9784, 4691443712|9901, 4691505152|10358, org.zwanoo.android.speedtest, 
4691496960|1, 4691492864|1250, 4691496960|1328, 4691484672|1612, 4691492864|1700, 4691488768|1911, 4691492864|1975, 4691496960|2746, 4691505152|3319, 4691496960|3568, 4691492864|4037, 4691496960|4614, 4691505152|7269, 4691492864|9376, 4691443712|9538, 4691505152|10372, org.zwanoo.android.speedtest, 
4691492864|1, 4691496960|1244, 4691488768|1781, 4691496960|1848, 4691492864|4013, 4691488768|4387, 4691468288|4575, 4691488768|4644, 4691484672|4830, 4691501056|5103, 4691488768|5196, 4691484672|5766, 4691480576|6130, 4691484672|6186, 4691451904|6486, 4691431424|6552, 4691333120|6612, 4691300352|6666, 4691484672|10022, de.mcdonalds.mcdonaldsinfoapp, 
4691472384|1, 4691468288|3998, 4691472384|5110, 4691468288|10794, 4691464192|10866, 4691460096|10925, 4691456000|10996, 4691451904|11122, 4691447808|11246, 4691443712|11493, 4691439616|11571, 4691435520|11632, 4691431424|12088, 4691468288|12169, de.pilot.newyorker.android, 
4691460096|1, 4691464192|381, 4691460096|4048, 4691480576|4335, 4691464192|4430, 4691460096|4511, 4691456000|4703, 4691419136|4837, 4691415040|5118, 4691423232|5195, 4691435520|7331, 4691410944|7403, 4691402752|7953, 4691382272|8141, 4691394560|8300, 4691378176|8379, 4691374080|8532, 4691357696|8613, 4691345408|8685, 4691337216|8757, 4691308544|8850, 4691312640|8943, 4691320832|9037, 4691316736|9586, 4691308544|9683, 4691300352|9878, 4691283968|10045, 4691279872|10139, 4691271680|10219, de.spiegel.android.app.spon, 
4691263488|1, 4691255296|2005, 4691251200|4161, 4691247104|5344, 4691238912|7066, 4691247104|7119, com.whatsapp, 
4691243008|1, 4691238912|4088, 4691247104|4326, 4691238912|4407, 4691243008|4638, 4691238912|4702, 4691243008|5130, 4691234816|6274, 4691218432|6423, 4691169280|7084, 4691218432|7162, 4691214336|7374, 4691210240|7447, 4691189760|7630, 4691181568|7699, 4691177472|8320, 4691169280|8426, 4691197952|8509, 4691181568|8594, 4691177472|8886, 4691169280|8958, 4691140608|9032, 4691136512|9441, 4691132416|9545, 4691128320|9644, 4691124224|9757, 4691120128|9846, 4691103744|9943, 4691107840|10059, 4691099648|10235, de.spiegel.android.app.spon, 
4691091456|1, 4691087360|1726, 4691046400|1954, 4691021824|2047, 4691009536|2380, 4691001344|2707, 4690997248|2838, 4691009536|3150, 4691005440|4109, 4691009536|5173, 4691013632|11457, com.airbnb.android, 
4690997248|1, 4690993152|3694, 4691042304|4039, 4691046400|5201, 4691038208|7906, 4691013632|8204, 4690997248|8473, 4690993152|8559, 4690960384|8666, 4690964480|8772, 4690956288|8876, 4690964480|8995, 4690960384|9630, 4690956288|9742, 4690952192|9838, 4690939904|9955, 4690927616|10084, 4690923520|10338, de.spiegel.android.app.spon, 
4690903040|1, 4690907136|103, 4690890752|1873, 4690886656|2066, 4690825216|2130, 4690829312|2250, 4690825216|2723, 4690821120|2840, 4690837504|2917, 4690849792|3225, 4690837504|3298, 4690841600|3378, 4690837504|3460, 4690829312|3519, 4690821120|3616, 4690829312|3684, 4690841600|3774, 4690833408|3848, 4690829312|3918, 4690825216|4011, 4690837504|4590, 4690825216|4740, 4690829312|4794, 4690837504|4854, 4690825216|4915, 4690817024|5287, 4690829312|6952, 4690817024|7039, 4690821120|7242, 4690817024|7289, 4690878464|10140, de.zalando.mobile, 
4690870272|1, 4690866176|1373, 4690870272|1448, 4690866176|1880, 4690837504|1979, 4690866176|2098, 4690870272|2734, 4690866176|4381, 4690804736|5297, com.moshbit.studo, 
4690796544|1, 4690780160|1612, 4690796544|1722, 4690792448|1868, 4690731008|1949, 4690735104|2014, 4690731008|2641, 4690735104|2845, 4690747392|3134, 4690735104|3197, 4690722816|3277, 4690726912|3474, 4690722816|3541, 4690735104|3759, 4690714624|4070, 4690722816|4140, 4690714624|4288, 4690710528|4372, 4690714624|5224, 4690665472|6951, 4690714624|7025, 4690776064|10502, de.zalando.mobile, 
4690767872|1, 4690763776|2758, 4690767872|2932, 4690763776|3242, 4690759680|4760, 4690763776|5303, 4690759680|10307, org.chromium.chrome, 
4690755584|1, 4690751488|2897, 4690747392|3526, 4690694144|4190, 4690690048|4406, 4690694144|5546, com.waze, 
4690685952|1, 4690681856|2635, 4690673664|2856, 4690669568|2982, 4690636800|4183, 4690632704|4450, 4690636800|5533, com.waze, 
4690632704|1, 4690628608|2603, 4690624512|4400, 4690702336|5050, 4690698240|5480, 4690706432|5579, 4690702336|5665, 4690698240|5771, com.duckduckgo.mobile.android, 
4690694144|1, 4690690048|2125, 4690685952|2303, 4690681856|2399, 4690677760|2740, 4690673664|4432, 4690677760|5537, com.whatsapp, 
4690673664|1, 4690669568|2154, 4690665472|2262, 4690661376|2598, 4690657280|4333, 4690661376|5458, 4690669568|8180, 4690685952|8541, com.whatsapp, 
4690669568|2874, 4690661376|2966, 4690685952|4208, 4690681856|4570, 4690673664|5108, 4690665472|6216, 4690653184|6778, 4690657280|6834, 4690653184|7206, com.twitter.android, 
4690636800|1, 4690632704|4240, 4690628608|5339, 4690636800|5395, 4690632704|7118, 4690628608|13317, com.instagram.android, 
4690632704|1189, 4690624512|1355, 4690632704|1511, 4690624512|1757, 4690632704|1818, 4690628608|4025, 4690624512|4196, 4690620416|4651, 4690616320|5096, 4690624512|5186, 4690620416|5696, 4690616320|5938, 4690620416|6042, 4690550784|6364, 4690436096|6437, 4690620416|9984, 4690616320|10721, 4690620416|10773, de.mcdonalds.mcdonaldsinfoapp, 
4690616320|3997, 4690620416|4091, 4690628608|4172, 4690624512|4238, 4690628608|4749, org.chromium.chrome, 
4690624512|1, 4690620416|110, 4690624512|165, 4690620416|1603, 4690612224|1787, 4690608128|4004, 4690612224|5157, com.whatsapp, 
4690608128|1, 4690604032|4010, 4690599936|4099, 4690595840|4333, 4690599936|5122, com.duckduckgo.mobile.android, 
4690587648|1, 4690575360|1705, 4690587648|1831, 4690583552|2106, 4691210240|2615, 4691181568|3640, 4691144704|4208, 4691140608|4356, 4691132416|4849, 4691136512|4965, 4691132416|5735, 4691099648|5949, 4690706432|7385, 4690608128|7503, 4690075648|7639, 4690538496|7745, 4690526208|7878, 4690493440|8881, 4690477056|10429, org.mozilla.firefox, 
4690464768|1, 4690460672|1661, 4690456576|1746, 4690452480|1829, 4690448384|4013, 4690452480|5107, 4690448384|6637, 4690399232|7036, 4690448384|7092, 4690534400|12243, com.whatsapp, 
4690530304|1, 4690526208|4100, 4690522112|4283, 4690518016|4361, 4690522112|5168, com.duckduckgo.mobile.android, 
4690509824|1, 4690505728|3988, 4690497536|4072, 4690501632|5167, com.duckduckgo.mobile.android, 
4690489344|1, 4690497536|3090, 4690493440|4063, 4690497536|5142, 4690489344|6211, 4690460672|6279, 4690411520|6338, 4690391040|6390, 4690382848|6442, 4690391040|6566, 4690374656|6633, com.fsck.k9, 
4690370560|1, 4690366464|54, 4690370560|106, 4690345984|2479, 4690325504|2860, 4690333696|2973, 4690325504|3181, 4690317312|3400, 4690300928|3544, 4690292736|3616, 4690288640|4097, 4690292736|4598, 4690231296|5882, 4690227200|7879, 4690231296|7966, 4690247680|8702, 4690243584|9795, 4690247680|9889, 4690239488|10071, 4690300928|10267, de.prosiebensat1digital.prosieben, 
4690284544|1, 4690268160|1695, 4690272256|1798, 4690280448|1872, 4690284544|2591, 4690280448|4176, 4690284544|4749, com.paypal.android.p2pmobile, 
4690280448|1, 4690276352|1348, 4690280448|1431, 4690264064|1714, 4690276352|1798, 4690280448|2966, 4690268160|4184, 4690272256|4746, 4690223104|6968, 4690272256|7044, 4690280448|7838, 4690276352|9519, 4690280448|9599, 4690219008|10304, 4690280448|10427, org.zwanoo.android.speedtest, 
4690276352|1, 4690251776|2211, 4690243584|2421, 4690235392|2637, 4690227200|2807, 4690198528|3020, 4690194432|4418, 4690186240|4559, 4690194432|4664, 4690186240|5498, 4690137088|5615, 4690132992|6700, 4690087936|7029, 4690042880|7118, 4690038784|7246, 4689965056|7845, 4690038784|7958, 4690034688|8682, 4690026496|9488, 4690018304|10658, 4690079744|11168, de.prosiebensat1digital.prosieben, 
4690071552|1, 4690067456|3236, 4690063360|3843, 4690059264|4369, 4690026496|4873, 4689993728|5017, 4689997824|5494, 4689993728|5574, com.waze, 
4689989632|1, 4689965056|2944, 4689956864|3405, 4689948672|3598, 4689940480|3826, 4689924096|4030, 4689915904|4127, 4689911808|4418, 4689915904|4951, 4689842176|5170, 4689915904|5300, 4689977344|5664, 4689915904|6168, 4689907712|10294, 4689969152|11108, de.prosiebensat1digital.prosieben, 
4689956864|1, 4689952768|2521, 4689915904|2616, 4689887232|2703, 4689874944|3149, 4689866752|3438, 4689879040|4218, 4689874944|4451, 4689879040|5571, 4689883136|12374, com.airbnb.android, 
4689866752|1, 4689862656|2491, 4689866752|2898, 4689862656|3489, 4689915904|3589, 4689920000|3712, 4689915904|4344, 4689920000|5460, org.indywidualni.fblite, 
4689907712|1, 4689903616|2083, 4689899520|2202, 4689895424|4324, 4689899520|5490, com.whatsapp, 
4689895424|1, 4689891328|4476, 4689887232|5420, 4689891328|5507, 4689887232|5618, 4689805312|7363, 4689813504|7450, com.duckduckgo.mobile.android, 
4689809408|1, 4689805312|1995, 4689809408|3139, 4689805312|4335, 4689797120|4718, 4689801216|4928, 4689809408|8699, org.zwanoo.android.speedtest, 
4689805312|1, 4689801216|2238, 4689805312|2354, 4689801216|2829, 4690427904|3318, 4690432000|4287, 4690399232|4658, 4690395136|4748, 4690399232|5257, 4690362368|5360, 4690395136|5702, 4690362368|5818, 4690358272|7458, 4690325504|7544, 4689833984|9738, 4689780736|9885, 4689276928|10150, 4689752064|10240, 4689747968|10355, 4689321984|10579, 4689068032|11168, 4689051648|11297, org.mozilla.firefox, 
4689047552|1, 4689043456|4487, 4689047552|5084, 4689133568|11928, 4689129472|13892, 4689133568|13972, com.isis_papyrus.raiffeisen_pay_eyewdg, 
4689129472|1, 4689125376|1668, 4689121280|1794, 4689117184|2526, 4689113088|2621, 4689072128|2779, 4689055744|2854, 4689043456|3361, 4689039360|3588, 4689047552|4405, 4689051648|5543, 4689055744|11963, com.airbnb.android, 
4689051648|1, 4689018880|3159, 4689014784|3751, 4688998400|3958, 4688994304|4276, 4688986112|4380, 4688998400|5053, 4689002496|5472, 4688998400|8584, 4689002496|12189, com.airbnb.android, 
4688994304|1, 4688973824|2466, 4688994304|2579, 4688928768|2763, 4688932864|2976, 4688936960|3500, 4688932864|3602, 4688924672|3840, 4688928768|3952, 4689006592|4079, 4689014784|4497, 4689002496|4596, 4688994304|4701, 4688990208|4840, 4689006592|5616, 4688998400|6197, 4688994304|6287, 4688990208|9064, 4688994304|10527, 4689055744|10846, de.zalando.mobile, 
4689051648|1, 4689047552|2144, 4689051648|3051, 4689047552|4374, 4689043456|4883, 4689010688|6671, 4689043456|6755, 4689039360|7443, 4689047552|8704, 4689043456|13937, 4689047552|14005, org.zwanoo.android.speedtest, 
4689022976|1, 4689014784|2258, 4689010688|3058, 4689014784|3157, 4689010688|4802, 4689014784|5370, 4688965632|6688, 4689010688|6767, 4689006592|7252, 4689010688|7325, org.chromium.chrome, 
4688990208|1, 4688986112|2410, 4688990208|2664, 4688986112|4715, 4688990208|5257, 4688994304|9141, org.chromium.chrome, 
4688990208|2700, 4688986112|4462, 4688982016|5409, com.duckduckgo.mobile.android, 
4688973824|1, 4688977920|1546, 4688973824|1646, 4688969728|4419, 4688973824|5016, com.isis_papyrus.raiffeisen_pay_eyewdg, 
4688969728|1, 4688965632|3342, 4688961536|4019, 4688957440|4451, 4688920576|4807, 4688904192|4897, 4688900096|5478, 4688908288|5553, 4688912384|6907, com.waze, 
4688908288|1, 4688904192|2553, 4688908288|2939, 4688904192|3534, 4688908288|3694, 4688904192|4386, 4688908288|5483, 4688961536|5841, org.indywidualni.fblite, 
4688957440|1, 4688953344|2312, 4688891904|2386, 4688896000|2539, 4688900096|3481, 4688896000|3692, 4688883712|4175, 4688879616|4392, 4688891904|4797, 4688879616|5294, 4688891904|5387, 4688879616|5478, 4688883712|5990, 4688891904|7494, 4688883712|7560, 4688945152|10715, 4688969728|12779, 4689010688|13345, 4689006592|13708, 4689010688|13774, de.zalando.mobile, 
4689014784|1776, 4689010688|2886, 4689014784|2990, 4689010688|4466, 4689006592|4835, 4689010688|4929, 4689014784|5565, 4689010688|6256, 4689006592|6831, 4689018880|7194, 4689006592|7305, 4688998400|8018, 4689002496|8107, 4688969728|8526, 4688883712|8601, 4688789504|8675, 4688998400|10818, de.mcdonalds.mcdonaldsinfoapp, 
4688986112|1, 4688982016|2401, 4688986112|2723, 4688982016|3179, 4688986112|3422, 4688982016|4453, 4688986112|5556, 4688982016|13725, 4688986112|13793, org.indywidualni.fblite, 
4688982016|1, 4688977920|1554, 4688982016|1630, 4688977920|2168, 4688973824|2340, 4688969728|2422, 4688965632|4336, 4688961536|5401, 4688969728|5472, com.whatsapp, 
4688965632|4356, 4688969728|5472, com.fsck.k9, 
4688961536|1, 4688957440|2308, 4688961536|2695, 4688957440|3160, 4688961536|3323, 4688957440|4375, 4688961536|5478, org.indywidualni.fblite, 
4688949248|1, 4688945152|1523, 4688949248|1727, 4688945152|2352, 4688941056|2476, 4688887808|2579, 4688879616|2663, 4688867328|3036, 4688863232|3304, 4688875520|4082, 4688871424|4448, 4688875520|5519, 4688879616|12003, com.airbnb.android, 
4688875520|1, 4688928768|3655, 4688924672|4473, 4688920576|5150, 4688916480|5275, 4688920576|5608, com.duckduckgo.mobile.android, 
4688912384|1, 4688908288|1625, 4688904192|1815, 4688900096|1937, 4688896000|4115, 4688900096|5154, com.whatsapp, 
4688896000|1, 4688883712|1707, 4688896000|1801, 4688891904|1933, 4688830464|1997, 4688834560|2108, 4688830464|2600, 4688826368|2674, 4688830464|2749, 4688842752|3270, 4688830464|3323, 4688822272|3400, 4688818176|3505, 4688830464|3679, 4688818176|3767, 4688830464|4109, 4688826368|4186, 4688814080|4531, 4688818176|5237, 4688830464|6816, 4688818176|6875, 4688879616|10251, de.zalando.mobile, 
4688867328|1, 4688863232|4301, 4688867328|5387, com.instagram.android, 
4688855040|1718, 4688867328|1795, 4688863232|1999, 4688801792|2073, 4688805888|2137, 4688801792|2731, 4688805888|3005, 4688809984|3259, 4688805888|3320, 4688777216|3385, 4688793600|3470, 4688805888|3878, 4688785408|4043, 4688801792|4133, 4688789504|4319, 4688793600|5210, 4688855040|10086, de.zalando.mobile, 
4688850944|1, 4688855040|1199, 4688846848|1357, 4688855040|1452, 4688850944|4001, 4688846848|4232, 4688842752|4639, 4688846848|5105, 4688842752|5510, 4688838656|5880, 4688842752|5931, 4688805888|6347, 4688678912|6410, 4688646144|6461, 4688838656|9977, de.mcdonalds.mcdonaldsinfoapp, 
4688826368|1, 4688822272|1808, 4688826368|2184, 4688822272|2737, 4688826368|2853, 4688822272|3983, 4688826368|5123, org.indywidualni.fblite, 
4688822272|1, 4688789504|1778, 4688818176|1866, 4688822272|2544, 4688826368|3828, 4688822272|3944, 4688818176|4039, 4688814080|4245, 4688818176|5127, 4688809984|9974, 4688818176|10065, com.moshbit.studo, 
4688809984|1, 4688805888|2162, 4689399808|2496, 4689387520|3278, 4689399808|3387, 4689367040|3542, 4689371136|3778, 4689461248|3953, 4689424384|4092, 4689420288|4321, 4689424384|4926, 4689420288|5691, 4689387520|5764, 4688896000|7258, 4688404480|7509, 4688883712|7644, 4688830464|7769, 4688814080|7834, 4688781312|8283, 4688764928|10388, org.mozilla.firefox, 
4688740352|1, 4688736256|4276, 4688740352|4813, 4688736256|4986, 4688744448|6640, 4688756736|7159, 4688842752|12316, org.chromium.chrome, 
4688838656|1, 4688834560|61, 4688838656|132, 4688834560|2445, 4688830464|2724, 4688826368|3571, 4688773120|3711, 4688769024|4026, 4688773120|5143, 4688769024|5329, 4688748544|5925, 4688769024|5983, com.waze, 
4688764928|1, 4688760832|1877, 4688764928|2314, 4688760832|2763, 4688764928|2893, 4688760832|3996, 4688764928|5128, 4688818176|5853, org.indywidualni.fblite, 
4688805888|1, 4688801792|4147, 4688822272|5061, 4688805888|5198, 4688809984|5312, 4688822272|8400, 4688805888|8498, 4688793600|8606, 4688797696|8841, 4688793600|8922, 4688789504|8992, 4688785408|9094, 4688781312|9199, 4688760832|9300, 4688756736|9375, 4688777216|9480, 4688760832|9560, 4688748544|10023, 4688744448|10106, 4688740352|10189, 4688711680|10283, 4688707584|10376, 4688715776|10469, 4688707584|10601, de.spiegel.android.app.spon, 
4688703488|2211, 4688699392|2525, 4688633856|3391, 4688629760|3505, 4688625664|4158, 4688629760|5261, com.waze, 
4688613376|1, 4688609280|4433, 4688670720|4892, 4688674816|5556, 4688670720|11611, 4688666624|11727, 4688658432|11813, 4688654336|11976, 4688650240|12135, 4688654336|12389, 4688646144|12467, 4688642048|12567, 4688637952|12644, 4688633856|12962, 4688642048|13104, 4688650240|13189, 4688670720|13265, de.pilot.newyorker.android, 
4688666624|1, 4688670720|917, 4688666624|1568, 4688646144|3010, 4688642048|3098, 4688666624|3266, 4688662528|4565, 4688654336|5700, 4688646144|6789, 4688642048|7356, 4688633856|7629, 4688654336|8149, com.twitter.android, 
4688646144|1, 4688621568|2066, 4688642048|2213, 4688646144|2911, 4688642048|4482, 4688633856|4591, 4688642048|4691, 4688646144|5248, 4688650240|5568, 4688576512|5985, com.moshbit.studo, 
4688564224|1, 4688539648|3296, 4688531456|3657, 4688523264|3890, 4688515072|4169, 4688506880|4255, 4688498688|4367, 4688494592|4452, 4688486400|4537, 4688490496|4997, 4688465920|5699, 4688490496|5845, 4688429056|6807, 4688424960|9721, 4688429056|9850, 4688424960|10888, 4688486400|11302, de.prosiebensat1digital.prosieben, 
4688478208|1, 4688453632|2498, 4688478208|2709, 4688474112|4067, 4688470016|4496, 4688465920|5508, 4688461824|5583, 4688457728|6623, 4688453632|6697, 4688449536|7188, 4688441344|7470, 4688474112|7989, com.twitter.android, 
4688470016|1, 4688461824|2734, 4688424960|2890, 4688396288|2975, 4688384000|3358, 4688379904|3730, 4688388096|4548, 4688392192|5661, 4688396288|12297, com.airbnb.android, 
4688392192|2338, 4688396288|2521, 4688392192|2802, 4689018880|3175, 4689072128|3932, 4689039360|4539, 4689035264|5050, 4689039360|5153, 4689006592|5433, 4688990208|6695, 4689006592|6816, 4688973824|7308, 4688969728|7702, 4688748544|9403, 4688478208|9530, 4688105472|9962, 4688433152|10140, 4688396288|10307, 4688306176|11327, 4688289792|11827, 4688285696|12878, org.mozilla.firefox, 
4688277504|1, 4688281600|1723, 4688273408|1900, 4688281600|2052, 4688277504|4462, 4688273408|5450, 4688281600|5533, 4688277504|5748, 4688273408|6246, 4688232448|6632, 4688273408|6742, 4688265216|7593, 4688269312|7673, 4688248832|7977, 4688171008|8064, 4688109568|8156, 4688351232|12126, 4688347136|13712, 4688351232|13786, de.mcdonalds.mcdonaldsinfoapp, 
4688343040|1, 4688338944|2442, 4688343040|2941, 4688338944|3338, 4688343040|3562, 4688338944|4404, 4688343040|5511, 4688338944|6635, 4688285696|10783, org.indywidualni.fblite, 
4688281600|1, 4688265216|2067, 4688277504|2195, 4688281600|2904, 4688277504|4510, 4688281600|5049, 4688285696|6845, 4688281600|6930, com.paypal.android.p2pmobile, 
4688277504|1, 4688252928|2650, 4688244736|2971, 4688236544|3378, 4688228352|3672, 4688211968|3783, 4688203776|3957, 4688199680|4438, 4688166912|4631, 4688093184|4874, 4688166912|5020, 4688130048|5122, 4688134144|5575, 4688072704|6034, 4688076800|7674, 4688072704|7815, 4688064512|10990, 4688125952|11471, de.prosiebensat1digital.prosieben, 
4688101376|1, 4688691200|2638, 4688658432|3509, 4688662528|4169, 4688658432|4578, 4688621568|4672, 4688687104|5040, 4688691200|5137, 4688609280|6591, 4688654336|6681, 4688162816|8509, 4687687680|8883, 4688097280|9054, 4688080896|9154, 4688076800|9400, 4688080896|9518, 4688048128|9879, 4688031744|10927, org.mozilla.firefox, 
4688011264|1, 4688003072|2378, 4688011264|2479, 4688007168|2711, 4687945728|2795, 4687949824|2960, 4687953920|3505, 4687949824|3584, 4687945728|3744, 4687941632|4121, 4687945728|4249, 4687941632|4438, 4687933440|4579, 4687941632|4764, 4687929344|4889, 4687912960|5314, 4687941632|5430, 4687945728|5633, 4687933440|5790, 4687945728|8155, 4687933440|8235, 4687994880|10945, 4688080896|11887, de.zalando.mobile, 
4688076800|1, 4688072704|1992, 4688076800|2137, 4688068608|2414, 4688064512|4393, 4688068608|5524, 4688064512|11633, 4688060416|11739, 4688056320|11818, 4688052224|11902, 4688044032|12132, 4688039936|12413, 4688035840|12495, 4688031744|12672, 4688027648|13016, 4688064512|13084, de.pilot.newyorker.android, 
4688060416|1, 4688064512|1306, 4688048128|2114, 4688064512|2204, 4687998976|2374, 4688003072|2530, 4688007168|3129, 4688003072|3276, 4688015360|3833, 4688003072|3927, 4687994880|4073, 4687990784|4272, 4687986688|4377, 4687990784|4606, 4687998976|4706, 4687986688|5083, 4687998976|5184, 4687986688|5265, 4687998976|5507, 4687986688|5581, 4687990784|6024, 4688052224|10798, 4688060416|13038, 4688072704|13485, de.zalando.mobile, 
4688068608|4407, 4688072704|5486, 4688068608|6215, 4688084992|10008, 4688068608|10125, 4688064512|11131, de.spiegel.android.app.spon, 
4688056320|1, 4688039936|2161, 4688052224|2270, 4688056320|3109, 4688052224|4468, 4688056320|4938, 4688048128|5252, 4688056320|9037, org.zwanoo.android.speedtest, 
4688048128|1, 4688044032|4415, 4688048128|5531, 4688044032|10484, 4688039936|10628, 4688023552|10753, 4688011264|10846, de.spiegel.android.app.spon, 
4688007168|1, 4688003072|1622, 4688007168|1724, 4687986688|2005, 4687998976|2178, 4687994880|2327, 4687929344|2422, 4687921152|2502, 4687908864|3071, 4687904768|3180, 4687917056|4117, 4687912960|4392, 4687917056|5490, 4687921152|11946, com.airbnb.android, 
4687912960|1, 4687908864|1643, 4687912960|1761, 4688535552|2789, 4688596992|3484, 4688564224|3833, 4688568320|4111, 4688564224|4620, 4688527360|4770, 4688564224|5132, 4688531456|5259, 4688527360|6615, 4688494592|6735, 4688003072|8857, 4687515648|9279, 4687958016|9415, 4687921152|9682, 4687912960|9782, 4687921152|9910, 4687912960|10338, 4687888384|10456, 4687872000|11354, org.mozilla.firefox, 
4687851520|1, 4687835136|2017, 4687847424|2175, 4687851520|2932, 4687847424|4413, 4687851520|4913, 4687937536|12044, com.paypal.android.p2pmobile, 
4687941632|2004, 4687937536|2149, 4687896576|2283, 4687945728|3079, 4687941632|3590, 4687912960|4524, 4687937536|4612, 4687933440|11993, 4687929344|12889, 4687921152|13168, 4687917056|13379, 4687908864|13455, 4687904768|13836, 4687900672|13905, 4687892480|13996, com.tripadvisor.tripadvisor, 
4687884288|1, 4687880192|79, 4687884288|301, 4687888384|372, 4687884288|680, 4687929344|823, 4687941632|3243, 4687937536|3421, 4687925248|3694, 4687921152|4413, 4687925248|4979, 4687949824|6847, 4687929344|7001, 4687925248|7087, com.isis_papyrus.raiffeisen_pay_eyewdg, 
4687921152|1, 4687917056|1567, 4687921152|1646, 4687974400|2278, 4687921152|2406, 4687917056|2790, 4687921152|2906, 4687933440|3107, 4687921152|3218, 4687917056|4783, 4687921152|5300, 4687917056|6176, 4687908864|9279, 4687917056|9346, org.chromium.chrome, 
4687921152|1818, 4687912960|2130, 4687921152|2236, 4687917056|4435, 4687921152|5557, 4687917056|6013, 4687912960|6687, 4687925248|7011, 4687912960|7121, 4687904768|7990, 4687908864|8100, 4687790080|8348, 4687720448|8433, 4687724544|8501, 4687908864|10764, de.mcdonalds.mcdonaldsinfoapp, 
4687896576|1, 4687880192|2403, 4687872000|2640, 4687863808|2959, 4687859712|3071, 4687851520|3660, 4687843328|3856, 4687818752|3957, 4687814656|4442, 4687818752|5558, 4687757312|5882, 4687745024|10705, 4687736832|10820, 4687798272|11047, de.prosiebensat1digital.prosieben, 
4687790080|1, 4687777792|1870, 4687773696|1981, 4687785984|2109, 4687790080|2861, 4687785984|4429, 4687790080|4941, 4687785984|13725, 4687790080|13800, com.paypal.android.p2pmobile, 
4687781888|1, 4687777792|4637, 4687781888|5764, 4687777792|6185, 4687785984|12943, 4687798272|13384, com.instagram.android, 
4687790080|1, 4687757312|2416, 4687785984|2529, 4687790080|3248, 4687785984|4566, 4687757312|6229, 4687724544|6308, com.moshbit.studo, 
4687712256|1, 4687679488|2092, 4687675392|4454, 4687679488|5019, 4687675392|8687, 4687646720|9051, 4687675392|9143, com.tripadvisor.tripadvisor, 
4687663104|1, 4687659008|1993, 4687663104|2878, 4687659008|4444, 4687663104|4572, 4687659008|4717, 4687663104|5461, 4687589376|5918, com.moshbit.studo, 
4687581184|1, 4687577088|1581, 4687581184|1684, 4687577088|4384, 4687581184|5486, com.fsck.k9, 
4687577088|1, 4687560704|1810, 4687572992|2168, 4687577088|3191, 4687572992|4452, 4687577088|5039, com.paypal.android.p2pmobile, 
4687572992|4413, 4687577088|5509, com.fsck.k9, 
4687572992|1, 4687568896|1593, 4687572992|1676, 4687532032|2122, 4687568896|2250, 4687572992|2986, 4687568896|4448, 4687527936|5917, 4687532032|6064, 4687527936|13735, 4687532032|13805, com.moshbit.studo, 
4687519744|1, 4687515648|1735, 4687503360|1858, 4687499264|1994, 4687515648|2119, 4687519744|2829, 4687515648|4442, 4687519744|4937, 4687515648|8718, 4687519744|8798, com.paypal.android.p2pmobile, 
4687515648|1, 4687511552|1593, 4687515648|1707, 4687511552|4384, 4687515648|5499, com.fsck.k9, 
4687507456|1, 4687503360|4682, 4687507456|5329, 4687486976|8249, 4687507456|8325, 4687499264|9261, org.chromium.chrome, 
4687491072|1, 4687474688|1834, 4687486976|2047, 4687491072|2747, 4687486976|4442, 4687491072|5022, 4687495168|8657, 4687491072|8738, com.paypal.android.p2pmobile, 
4687478784|1, 4687482880|1656, 4687474688|1934, 4687482880|2103, 4687478784|4494, 4687474688|5952, 4687486976|6436, 4687474688|6550, 4687466496|7249, 4687511552|7320, 4687470592|7416, 4687433728|7745, 4687372288|7834, 4687323136|7926, 4687273984|8004, 4687466496|10810, de.mcdonalds.mcdonaldsinfoapp, 
4687454208|1, 4687441920|3019, 4687429632|3114, 4687454208|3210, 4687450112|4466, 4687446016|4909, 4687437824|5524, 4687429632|6651, 4687425536|7175, 4687462400|7248, com.twitter.android, 
4687458304|1, 4687454208|4437, 4687458304|5532, 4687454208|11579, 4687446016|11852, 4687441920|12014, 4687433728|12315, 4687425536|12673, 4687421440|12751, 4687417344|13137, 4687454208|13284, de.pilot.newyorker.android, 
4687450112|1, 4687454208|1253, 4687421440|2049, 4687433728|2189, 4687437824|3112, 4687433728|4060, 4687429632|4439, 4687339520|5650, com.moshbit.studo, 
4687335424|1, 4687339520|1634, 4687335424|1760, 4687331328|4429, 4687335424|4950, com.isis_papyrus.raiffeisen_pay_eyewdg, 
4687331328|1, 4687327232|4377, 4687331328|5523, 4687327232|11518, 4687323136|11598, 4687319040|11864, 4687314944|11945, 4687310848|12026, 4687306752|12105, 4687294464|12533, 4687290368|12894, 4687327232|13079, 4687314944|13633, 4687327232|13718, de.pilot.newyorker.android, 
4687331328|844, 4687327232|4535, 4687331328|5630, com.instagram.android, 
4687327232|1, 4687306752|2281, 4687323136|2368, 4687327232|3346, 4687323136|4187, 4687327232|4315, 4687323136|4392, 4687327232|5043, 4687319040|5146, 4687310848|5246, 4687319040|5337, 4687314944|8684, 4687327232|8791, 4687265792|11303, 4687327232|11529, 4687323136|14456, 4687327232|14525, org.zwanoo.android.speedtest, 
4687319040|1, 4687314944|1647, 4687319040|1733, 4687290368|2441, 4687282176|2762, 4687273984|3048, 4687265792|3248, 4687249408|3537, 4687241216|3630, 4687163392|4550, 4687241216|4692, 4687183872|5608, 4687179776|8034, 4687183872|8164, 4687179776|9898, 4687175680|9987, 4687171584|10494, 4687159296|10984, 4687220736|11336, de.prosiebensat1digital.prosieben, 
4687204352|1, 4687200256|2593, 4687826944|2716, 4687794176|3617, 4687798272|4340, 4687757312|4637, 4687790080|4949, 4687757312|5069, 4687761408|5168, 4687757312|6445, 4687724544|6746, 4687233024|8708, 4687220736|8892, 4687187968|9156, 4687183872|9280, 4686671872|9426, 4687151104|9538, 4687138816|9649, 4687142912|9754, 4687110144|10043, 4687093760|11087, 4687089664|13933, 4687093760|14004, org.mozilla.firefox, 
4687073280|1, 4687069184|4431, 4687073280|5531, 4687159296|11966, 4687155200|13758, 4687159296|13824, com.instagram.android, 
4687151104|1, 4687147008|4444, 4687151104|4950, com.isis_papyrus.raiffeisen_pay_eyewdg, 
4687138816|1, 4687142912|1743, 4687138816|1836, 4687097856|2044, 4687147008|2224, 4687142912|3291, 4687167488|4286, 4687138816|4419, 4687142912|5009, 4687065088|6466, 4687077376|6544, 4687073280|8263, 4687077376|8360, com.tripadvisor.tripadvisor, 
4687069184|1, 4687065088|1632, 4687069184|1789, 4687175680|3388, 4687183872|3469, 4687179776|4445, 4687183872|5569, 4687134720|6696, 4687183872|6764, 4687175680|7758, 4687183872|7823, 4687175680|7909, 4687171584|13955, 4687175680|14025, com.fsck.k9, 
4687171584|1, 4687167488|1590, 4687171584|1705, 4687167488|4384, 4687171584|4969, com.isis_papyrus.raiffeisen_pay_eyewdg, 
4687167488|1, 4687163392|4530, 4687167488|5640, com.instagram.android, 
4687163392|1794, 4687138816|1909, 4687122432|1992, 4687171584|2156, 4687167488|3130, 4687138816|3866, 4687167488|3959, 4687163392|4425, 4687167488|4948, 4687138816|8378, 4687167488|8456, 4687163392|10680, com.tripadvisor.tripadvisor, 
4687155200|1, 4687151104|4385, 4687155200|5488, com.fsck.k9, 
4687159296|1675, 4687155200|1774, 4687114240|1991, 4687163392|2155, 4687159296|3212, 4687155200|4405, 4687159296|4933, 4687155200|10831, com.tripadvisor.tripadvisor, 
4687151104|1, 4687155200|1522, 4687147008|1602, 4687151104|1705, 4687147008|4424, 4687151104|4937, com.isis_papyrus.raiffeisen_pay_eyewdg, 
4687147008|1, 4687151104|1671, 4687147008|1765, 4687138816|1895, 4687106048|2015, 4687155200|2196, 4687151104|3185, 4687147008|3643, 4687151104|3719, 4687122432|3972, 4687151104|4042, 4687175680|4190, 4687151104|4311, 4687147008|4380, 4687151104|4977, 4687118336|10450, 4687114240|10554, com.tripadvisor.tripadvisor, 
4687097856|2487, 4687089664|2583, 4687114240|2765, 4687110144|4418, 4687101952|5533, 4687093760|6648, 4687114240|7225, com.twitter.android, 
4687110144|1, 4687114240|1678, 4687110144|1798, 4687085568|1905, 4687069184|2014, 4687081472|2111, 4687118336|2197, 4687114240|3201, 4687110144|4361, 4687114240|4931, 4687110144|11751, 4687114240|11816, com.tripadvisor.tripadvisor, 
4687101952|1, 4687097856|1570, 4687101952|1652, 4687097856|1766, 4687073280|1866, 4687056896|1978, 4687106048|2077, 4687101952|3167, 4687097856|4329, 4687101952|4866, 4687097856|10182, com.tripadvisor.tripadvisor, 
4687093760|1, 4687089664|1327, 4687093760|1412, 4687077376|1920, 4687069184|2034, 4687093760|2104, 4687089664|3511, 4687085568|4129, 4687081472|5177, 4687077376|5238, 4687069184|6333, 4687089664|6867, com.twitter.android, 
4687081472|1, 4687069184|1975, 4687056896|2072, 4687081472|2225, 4687077376|4176, 4687073280|5199, 4687069184|5253, 4687060992|6338, 4687056896|6871, 4687048704|7072, 4687069184|7628, 4687065088|13295, com.twitter.android, 
4687069184|1, 4687056896|1994, 4687044608|2075, 4687069184|2298, 4687065088|3361, 4687060992|4170, 4687052800|5215, 4687044608|6296, 4687040512|6894, 4687032320|7029, 4687065088|7631, com.twitter.android, 
