||class android.net.TrafficStats:public static long android.net.TrafficStats.getTotalTxBytes()
7783539|1, 7783599|2112, 7784050|2229, 7785356|2390, 7785408|2493, 7787777|2841, 7790628|3140, 7790714|3276, 7790870|3565, 7791000|3956, 7791634|4141, 7792189|4236, 7792744|4531, 7793299|4893, 7793854|5150, 7794409|5514, 7794521|5598, 7794971|5692, 7795525|5791, 7795909|5882, 7796464|5976, 7796516|6059, 7796568|6425, 7797123|6515, 7797678|6786, 7797990|6971, 7798042|7216, 7800136|7495, 7800222|7611, 7800282|7705, 7800728|7861, 7801702|8147, 7802638|8315, 7803360|8492, 7803850|8711, 7811642|8978, 7814242|9276, 7814564|9497, 7814616|9632, 7814928|10183, 7815136|10307, empire+state+building, 
7815196|2311, 7815647|2410, 7816958|2531, 7817010|2653, 7819159|2952, 7821011|3223, 7822322|3441, 7822594|4176, 7823843|4448, 7827105|4607, 7828348|5303, 7829034|5529, 7829852|5632, 7831071|5745, 7836565|5938, 7843887|6122, 7850526|6327, 7850765|6442, 7851623|6874, 7851675|7119, 7852051|7209, 7852833|7304, 7853219|7414, 7854473|7531, 7854712|7717, 7854972|9760, 7855232|9898, the+great+wall+of+china, 
7855292|2355, 7855587|2445, 7855921|2565, 7857054|2671, 7857669|2998, 7862329|3407, 7862519|3607, 7862675|3756, 7863035|4233, 7865988|4449, 7866543|4697, 7867462|5099, 7868017|5300, 7868580|5410, 7869933|5578, 7873457|5735, 7878172|5886, 7882419|6085, 7882974|6221, 7883716|6525, 7884335|7086, 7885556|7228, 7885694|7341, 7885798|7521, 7885938|8041, 7886458|9901, acropolis+of+athens, 
7886813|2404, 7886969|2505, 7888293|2604, 7888345|2709, 7890262|3018, 7892381|3370, 7893603|3513, 7893689|3643, 7895541|4242, 7898194|4488, 7899262|4869, 7901664|5198, 7902219|5386, 7903723|5544, 7904933|5675, 7910145|5829, 7914392|5964, 7914579|6070, 7914766|6271, 7915928|6376, 7916311|6476, 7916415|6561, 7916558|7448, 7917009|7555, 7918442|7639, 7918681|8083, 7919201|9849, petronas+towers, 
7919261|2359, 7919712|2442, 7921041|2566, 7921093|2735, 7922865|2881, 7923011|2982, 7925144|3320, 7926375|3444, 7926635|3834, 7928851|4236, 7930775|4431, 7931416|4658, 7931971|5035, 7932890|5305, 7933445|5435, 7933918|5568, 7938567|5919, 7945079|6152, 7947090|6265, 7947884|6368, 7947948|6882, 7948503|6987, 7949058|7267, 7950279|7368, 7950365|7452, 7950469|7647, 7950729|9734, 7950989|9865, acropolis+of+athens, 
7951049|2350, 7951344|2439, 7951678|2560, 7952823|2652, 7952875|2798, 7955476|3214, 7956930|3433, 7958177|3598, 7958333|3931, 7958385|4235, 7961736|4509, 7962521|4601, 7964368|4760, 7965274|4924, 7966765|5064, 7969609|5243, 7975445|5578, 7976426|5773, 7976926|6254, 7977533|6350, 7978140|6850, 7978576|6957, 7978628|7148, 7979933|7445, 7979985|7737, 7980505|9946, wencelas+square+prague, 
7980565|2277, 7980860|2355, 7981194|2460, 7982377|2628, 7984525|2961, 7986251|3227, 7987650|3473, 7987858|3764, 7989904|4334, 7992090|4513, 7992194|4774, 7993945|4922, 7995979|5100, 7998574|5262, 8001902|5547, 8006187|5748, 8006949|5889, 8007743|6063, 8008350|6289, 8008905|6619, 8008969|6718, 8009576|6935, 8010131|7289, 8011436|7576, 8011488|7696, 8011592|7867, 8012112|9902, 8012247|11048, wencelas+square+prague, 
8012307|2292, 8012602|2373, 8012758|2464, 8014066|2595, 8014118|2704, 8015889|2824, 8016538|3083, 8018152|3297, 8019443|3460, 8019703|3749, 8021357|4172, 8021977|4330, 8023924|4475, 8024274|4729, 8025936|4931, 8027335|5182, 8027455|5346, 8028976|5450, 8030134|5572, 8033670|5711, 8039009|5895, 8039196|6009, 8039886|6099, 8040021|6204, 8041064|6534, 8041671|6639, 8042226|7121, 8044087|7403, 8044746|7690, 8045174|8035, 8045226|8228, 8045538|9809, 8045746|10000, petronas+towers, 
8045806|2346, 8046101|2427, 8046435|2535, 8047585|2618, 8047637|2730, 8049344|2860, 8049993|3125, 8052784|3360, 8052870|3508, 8053154|3950, 8053514|4144, 8054403|4297, 8056995|4425, 8057636|4566, 8057756|4685, 8058757|4812, 8059523|4969, 8060754|5116, 8060814|5422, 8062775|5652, 8066574|5829, 8069018|5952, 8070786|6078, 8071878|6172, 8074041|6300, 8076308|6480, 8076807|6586, 8076867|7297, 8077266|7406, 8078746|7490, 8079089|8154, 8079149|9282, 8079499|9368, 8079833|9478, 8081184|9670, 8081704|9899, big+ben, 
8082059|2362, 8082215|2451, 8083525|2591, 8085289|2818, 8085435|2943, 8085938|3129, 8088723|3388, 8088809|3530, 8089069|3867, 8091748|4480, 8092563|4672, 8093610|4973, 8095606|5137, 8100504|5382, 8105125|5617, 8107205|5764, 8109649|5880, 8111500|6013, 8111635|6107, 8112377|6209, 8112932|6314, 8113338|6447, 8114055|6579, 8114797|6702, 8114849|6826, 8115277|7020, 8115884|7117, 8116239|7216, 8116395|7300, 8117827|7385, 8118434|7466, 8118486|7550, 8118737|8000, 8118997|9782, 8119257|9950, singapore, 
8119317|2331, 8119612|2418, 8119768|2506, 8121102|2613, 8121154|2850, 8123071|2985, 8123574|3282, 8126437|3579, 8126761|4144, 8126821|4367, 8127455|4525, 8128010|4641, 8130387|4754, 8132630|4939, 8134124|5035, 8134228|5150, 8134887|5370, 8135751|5598, 8137248|5723, 8137889|5812, 8141529|5930, 8143859|6141, 8145100|6268, 8146048|6352, 8146691|6451, 8147075|6549, 8147127|6742, 8147647|9762, big+ben, 
8148002|7392, 8149676|7535, 8150329|7675, 8153576|7879, 8154925|8175, 8154977|8347, 8155133|8510, 8156750|9137, 8158055|9297, 8158845|9434, 8160534|9544, 8162038|9700, 8168731|10140, 8172042|10307, 8172229|10441, 8172971|10589, 8173023|10781, 8173578|11036, 8174133|11152, 8174688|11631, 8175243|11973, 8176514|12141, 8176600|12230, 8176704|12446, 8177224|14739, wencelas+square+prague, 
8177284|2309, 8177579|2435, 8177913|2552, 8179041|2647, 8179093|2775, 8181010|2936, 8183031|3180, 8184292|3371, 8184378|3479, 8184482|3991, 8185126|4489, 8188971|4742, 8189969|5067, 8191866|5291, 8196152|5449, 8199440|5588, 8202642|5726, 8206941|5907, 8209863|6068, 8210761|6172, 8211316|6270, 8211871|6599, 8212426|6925, 8213336|7235, 8213670|7331, 8214925|7413, 8215480|7493, 8215532|7573, 8215771|7706, 8216031|9764, 8216291|9894, pyongyang, 
8216646|2387, 8216802|2486, 8216980|2600, 8218163|2728, 8220015|2992, 8223230|3306, 8223409|3516, 8223565|3651, 8223669|4265, 8224357|4455, 8224733|4573, 8227274|4700, 8227608|4809, 8228729|5006, 8230207|5142, 8230415|5277, 8231637|5445, 8232559|5579, 8234623|5709, 8237558|5833, 8239586|5952, 8245653|6151, 8246963|6305, 8247314|6407, 8247890|6510, 8248274|6609, 8249016|6711, 8249068|6810, 8249504|7098, 8249556|7253, 8249616|7566, 8250067|7686, 8251500|7794, 8251687|8054, 8251739|8153, 8251999|9737, 8252259|9876, taipei+101, 
8252319|2362, 8252718|2528, 8252948|2620, 8254078|2710, 8254130|2825, 8255926|2949, 8256667|3207, 8259372|3462, 8259528|3742, 8259632|3842, 8260947|4194, 8261093|4336, 8263138|4597, 8263693|4746, 8264005|4878, 8265602|5260, 8266869|5377, 8275424|5626, 8279416|5800, 8283195|5924, 8283434|6026, 8284176|6148, 8284731|6252, 8285286|6483, 8285411|6874, 8286112|6950, 8286780|7036, 8288412|7110, 8289445|7273, 8290052|7369, 8290671|7963, 8290723|8212, 8291243|9814, pyongyang, 
8291303|2425, 8291598|2601, 8291754|2718, 8293129|2868, 8293233|2977, 8295705|3323, 8297304|3562, 8298573|3690, 8299053|4291, 8299483|4484, 8300372|4610, 8303151|4875, 8305331|5677, 8307891|5829, 8316558|5996, 8317269|6132, 8317824|6737, 8318379|6887, 8318815|7235, 8318867|7326, 8319283|9756, big+ben, 
8319343|2424, 8319638|2522, 8321100|2651, 8321152|2816, 8323009|2961, 8323572|3197, 8326444|3493, 8326652|3747, 8326704|3907, 8326774|4234, 8329563|4410, 8330118|4540, 8330528|4657, 8331417|4771, 8332629|4870, 8332681|4998, 8333408|5163, 8334322|5275, 8334847|5427, 8338209|5627, 8341653|5861, 8344444|6046, 8345744|6136, 8347252|6240, 8348753|6332, 8349585|6445, 8349637|6538, 8350379|6712, 8350439|7176, 8351353|7262, 8352242|7365, 8353496|7446, 8354051|7681, 8354207|7933, 8354406|8518, 8355013|8636, 8355065|8982, 8355377|9866, 8355585|9974, big+ben, 
8355940|2320, 8357424|2477, 8357476|2609, 8359183|2848, 8359780|3008, 8361453|3275, 8362703|3484, 8362963|3861, 8363323|4298, 8366302|4442, 8366422|4655, 8367483|4837, 8368396|4944, 8369470|5108, 8370753|5314, 8370925|5449, 8372394|5627, 8373760|5742, 8377799|5921, 8381543|6079, 8383970|6186, 8385487|6299, 8386094|6417, 8386146|6548, 8387454|7310, 8387662|7924, 8387726|8032, 8388246|11021, colosseum+rome, 
8388311|2320, 8388666|2402, 8389000|2538, 8390151|2627, 8390203|2751, 8392060|2895, 8392623|3081, 8395570|3401, 8395894|4155, 8399117|4473, 8400196|4647, 8401439|5169, 8402768|5427, 8403496|5540, 8408296|5728, 8416598|5909, 8422873|6080, 8423584|6223, 8424189|6791, 8424899|6925, 8425693|7070, 8426129|7182, 8426189|7286, 8427247|7395, 8428679|7492, 8428731|7666, 8428970|7786, 8429490|9917, the+great+wall+of+china, 
8429845|2583, 8430001|2665, 8431766|2785, 8433217|2965, 8435384|3327, 8436646|3451, 8436906|3773, 8439496|4349, 8440543|4572, 8441513|4768, 8442120|4930, 8443520|5103, 8446563|5314, 8453149|5567, 8458654|5778, 8461996|5959, 8462443|6056, 8463185|6304, 8463740|6644, 8464095|6808, 8464303|6903, 8465733|6993, 8465920|7142, 8465972|7230, 8466492|9863, singapore, 
8466552|2282, 8466847|2362, 8468331|2475, 8468383|2597, 8470299|2883, 8470750|3042, 8473590|3358, 8473676|3529, 8473936|3896, 8476438|4437, 8477726|4655, 8478541|4816, 8478661|4977, 8480659|5137, 8484686|5309, 8490260|5576, 8494878|5809, 8497614|5953, 8498665|6084, 8499355|6200, 8499407|6296, 8500014|6723, 8500569|6847, 8500629|7171, 8501635|7259, 8503117|7373, 8503356|7528, 8503616|9748, 8503876|9844, singapore, 
8503936|2389, 8504387|2496, 8506088|2677, 8506560|2817, 8508909|2961, 8510635|3258, 8510739|3644, 8511958|3889, 8512044|4014, 8512508|4202, 8513449|4354, 8514004|4660, 8516148|4781, 8517763|5020, 8518439|5179, 8520258|5336, 8520310|5533, 8521693|5694, 8523693|5870, 8525176|5981, 8529319|6151, 8532335|6257, 8534988|6388, 8535699|6472, 8535751|6556, 8536971|6764, 8537057|6846, 8537109|7009, 8537629|9789, petronas+towers, 
8537689|2242, 8538140|2344, 8538318|2457, 8539447|2551, 8539499|2649, 8541468|2923, 8543524|3157, 8544780|3465, 8544988|3654, 8545040|3759, 8545400|4129, 8548309|4342, 8549124|4666, 8549244|4848, 8550773|4976, 8554461|5153, 8563715|5396, 8566199|5572, 8568176|5770, 8568730|5872, 8569284|5978, 8570078|6089, 8570685|6485, 8571121|6588, 8571728|6713, 8572135|7045, 8572469|7139, 8573720|7217, 8573959|7377, 8574479|9938, singapore, 
8574539|2408, 8574834|2487, 8575168|2596, 8576319|2684, 8576371|2822, 8578142|3004, 8578969|3326, 8580403|3480, 8581697|3629, 8581957|4178, 8582473|4453, 8583206|4566, 8585242|4685, 8585768|4823, 8586924|5042, 8588462|5213, 8589433|5665, 8590250|5926, 8591719|6022, 8593744|6161, 8598288|6369, 8602587|6535, 8604369|6644, 8605440|6777, 8606662|7544, 8606748|7639, 8606956|8218, 8607476|9920, colosseum+rome, 
8607536|2447, 8607883|2667, 8608165|2801, 8610629|2976, 8615218|3304, 8615304|3569, 8615564|3921, 8615628|4129, 8619498|4396, 8619882|4611, 8621443|4870, 8622118|4998, 8623938|5123, 8628160|5367, 8632647|5580, 8635183|5718, 8637107|5829, 8639586|5937, 8641822|6093, 8644155|6206, 8645469|6364, 8645521|6478, 8646256|6604, 8646316|6982, 8646775|7064, 8647507|7153, 8649324|7231, 8649698|7355, 8649802|7454, 8650062|9827, 8650322|9938, peking, 
8650382|2342, 8650833|2482, 8652159|2580, 8652211|2677, 8653919|2917, 8654065|3029, 8654568|3273, 8657368|3516, 8657454|3659, 8657714|4210, 8657774|4418, 8660474|4630, 8661093|5039, 8661960|5209, 8662080|5402, 8663661|5511, 8664876|5615, 8673223|5874, 8681618|6102, 8684367|6277, 8684974|6401, 8685034|6813, 8685948|6901, 8686394|6994, 8687995|7070, 8688652|7165, 8689581|7255, 8689685|7345, 8689737|7884, 8690257|9803, peking, 
8690317|2362, 8690612|2444, 8690946|2551, 8692072|2633, 8692124|2770, 8693896|2913, 8694545|3233, 8697407|3493, 8697667|3994, 8697727|4336, 8700772|4546, 8701184|4659, 8702385|4872, 8703714|5169, 8706884|5371, 8712447|5591, 8717213|5781, 8719806|5912, 8720612|6467, 8721167|6775, 8721287|7068, 8721928|7145, 8722596|7233, 8724230|7315, 8724920|7396, 8725024|7471, 8725076|7561, 8725870|7769, 8726306|7849, 8726358|7939, 8726878|9851, 8726930|10274, cape+town, 
8727042|2411, 8727441|2521, 8728770|2628, 8728822|2760, 8730613|3009, 8733997|3425, 8734083|3593, 8734419|3982, 8736224|4475, 8738645|4636, 8738731|4756, 8739081|4891, 8740558|5124, 8741217|5284, 8741893|5478, 8742076|5609, 8743560|5765, 8745324|5875, 8749727|5998, 8754806|6133, 8754941|6251, 8754993|6351, 8755735|6462, 8756354|6961, 8756961|7312, 8758179|7475, 8758820|7594, 8758976|7889, 8759392|9784, 8759496|9898, petronas+towers, 
8759556|2339, 8759851|2437, 8760185|2533, 8761314|2620, 8761366|2724, 8763785|3108, 8766708|3523, 8766968|3956, 8767432|4361, 8770141|4512, 8770227|4674, 8770782|4821, 8772516|5341, 8773191|5483, 8774105|5580, 8776075|5697, 8779581|5846, 8785655|5996, 8792033|6148, 8794758|6274, 8795321|6373, 8795928|6479, 8795980|6585, 8796096|7125, 8796156|7360, 8796451|7459, 8796785|7550, 8798041|7624, 8798228|7869, 8798280|7983, 8798800|9828, the+great+wall+of+china, 
8799155|2345, 8799311|2470, 8800636|2562, 8800688|2697, 8802459|2808, 8802605|2910, 8804721|3238, 8805981|3382, 8806085|3593, 8806241|3710, 8809391|4278, 8810470|4438, 8810898|4876, 8811702|5137, 8813675|5265, 8816431|5447, 8822681|5660, 8825933|5849, 8826361|5945, 8826413|6051, 8827084|6522, 8827691|6864, 8828246|6987, 8828653|7136, 8828987|7236, 8830241|7322, 8830480|7770, 8830532|7858, 8830792|9706, 8831052|9855, sydney+harbour, 
8831112|2337, 8831563|2433, 8832885|2547, 8832937|2642, 8834709|2900, 8836876|3270, 8838236|3427, 8838496|3968, 8838556|4136, 8841739|4329, 8841825|4448, 8842380|4632, 8842640|4752, 8844140|5154, 8847335|5398, 8852320|5606, 8854556|5732, 8857201|5861, 8857794|6155, 8858128|6237, 8858512|6350, 8859306|6484, 8859366|6726, 8859713|6799, 8860424|6878, 8860602|6952, 8861853|7029, 8862408|7119, 8862460|7208, 8863075|7686, 8863127|7805, 8863387|9861, 8863647|10015, pyeongchang, 
8864002|2309, 8864158|2432, 8865464|2535, 8865516|2652, 8867434|2899, 8869553|3278, 8870842|3464, 8871114|3872, 8871178|4020, 8873615|4346, 8876032|4611, 8876707|4841, 8877153|5033, 8879204|5205, 8880569|5428, 8881483|5532, 8882531|5639, 8887302|5849, 8891838|6041, 8894299|6147, 8896275|6258, 8899294|6397, 8899450|6506, 8900005|6810, 8900057|7157, 8900117|7525, 8900568|7621, 8900746|7711, 8902003|7786, 8902190|7950, 8902242|8046, 8902502|9766, 8902762|9910, pyramids+of+giza, 
8902822|2253, 8903273|2378, 8904579|2495, 8904631|2590, 8906403|2831, 8906844|2951, 8908570|3235, 8909963|3451, 8910119|3679, 8910595|4166, 8911484|4391, 8914318|4581, 8914702|4740, 8915569|4915, 8915689|5088, 8916898|5191, 8918133|5315, 8922563|5487, 8927092|5604, 8931760|5802, 8934960|5948, 8935324|6078, 8935917|6377, 8936251|6478, 8936627|6578, 8937421|6714, 8938028|6994, 8938080|7284, 8938435|7404, 8938769|7485, 8940023|7562, 8940210|7747, 8940262|7844, 8940522|9800, 8940782|9890, singapore, 
8940842|2391, 8941137|2475, 8942599|2615, 8942651|2724, 8944424|2886, 8944622|3006, 8946687|3337, 8947968|3512, 8948228|3766, 8951131|4525, 8952438|4685, 8953343|4931, 8953863|5123, 8955371|5307, 8956422|5440, 8957388|5542, 8958436|5650, 8964812|5844, 8970272|6013, 8972837|6150, 8974397|6361, 8975191|6458, 8975746|6561, 8976122|6979, 8976174|7089, 8976226|7213, 8976581|7766, 8976737|7844, 8978172|7940, 8978359|8134, 8978411|8248, 8978671|9821, 8978931|9961, pyramids+of+giza, 
8979286|2346, 8979620|2448, 8980768|2549, 8980820|2659, 8982677|2862, 8983032|3012, 8984843|3234, 8986141|3563, 8986401|3726, 8988016|4235, 8989277|4441, 8989949|4755, 8990838|4935, 8991330|5112, 8992849|5227, 8997886|5393, 9003351|5567, 9010030|5823, 9010841|5932, 9011718|6036, 9012188|6580, 9012906|6671, 9013648|6849, 9014138|6927, 9014294|7009, 9015727|7088, 9016334|7166, 9017076|7267, 9017511|7358, 9017563|7431, 9017615|7547, 9018135|9861, pyongyang, 
9018490|2404, 9019992|2547, 9020078|2731, 9021893|2880, 9022334|2986, 9022720|3209, 9025422|3551, 9025578|3885, 9025638|4218, 9026094|4348, 9026827|4431, 9027382|4535, 9027937|4627, 9028049|4757, 9028343|4832, 9028677|4920, 9029053|5011, 9029660|5100, 9029712|5365, 9030267|5455, 9030822|5725, 9031377|5816, 9031877|6403, 9031929|6523, 9032253|7713, 9034308|8094, 9034394|8237, 9034514|8355, 9034960|8533, 9036922|8802, 9037786|9217, 9039152|9494, 9044716|9710, 9048252|9963, 9048990|10164, 9049042|10298, 9049302|10535, 9049562|10730, empire+state+building, 
9049687|2372, 9049982|2461, 9050316|2568, 9051445|2660, 9051497|2776, 9053268|2920, 9053709|3045, 9055435|3308, 9056803|3466, 9056959|3918, 9057653|4220, 9058208|4322, 9058763|4587, 9059382|5124, 9059937|5221, 9060556|5750, 9061111|5849, 9061730|6434, 9062285|6534, 9062691|6622, 9063025|6711, 9063401|6812, 9063785|6906, 9063837|7010, 9064161|7641, 9066280|8228, 9066340|8392, 9066786|8562, 9068696|8822, 9069730|9297, 9071928|9561, 9080300|9882, 9080674|10208, 9081194|10640, empire+state+building, 
9081549|2378, 9081705|2469, 9083017|2601, 9083069|2698, 9084777|2841, 9084923|2944, 9086944|3228, 9088367|3366, 9088587|4024, 9092780|4400, 9093387|4545, 9093543|4657, 9096018|4838, 9099401|5014, 9102417|5244, 9105052|5450, 9105520|5584, 9106210|5768, 9106262|6051, 9106817|6198, 9107223|6512, 9107933|6614, 9108623|6718, 9108727|6815, 9108779|6946, 9109995|7357, 9110081|7444, 9110133|7632, 9110653|9905, wencelas+square+prague, 
9110713|2337, 9111164|2416, 9112471|2515, 9112523|2615, 9114294|2901, 9114943|3120, 9117718|3362, 9117804|3485, 9118076|3996, 9119395|4348, 9121455|4493, 9122010|4619, 9122270|4781, 9122382|4969, 9123732|5086, 9125135|5171, 9128003|5276, 9130053|5413, 9139897|5645, 9144057|5799, 9145350|5929, 9145545|6172, 9146653|6363, 9147395|6500, 9147802|6584, 9147958|6679, 9149444|6759, 9149999|6840, 9150606|6928, 9150857|7534, 9151377|9840, peking, 
9151437|2549, 9151732|2639, 9151888|2760, 9153652|2878, 9155619|3042, 9157223|3197, 9158503|3487, 9158693|3673, 9160410|4232, 9160496|4354, 9161635|4524, 9162081|4653, 9163030|4757, 9163476|4873, 9164198|4987, 9165481|5138, 9166723|5270, 9169204|5438, 9170890|5577, 9172182|5678, 9178301|5844, 9183241|5994, 9185489|6178, 9186854|6377, 9187648|6811, 9188203|7019, 9188631|7139, 9189238|7267, 9190545|7412, 9190597|7512, 9190701|7622, 9190961|9825, 9191221|10017, mirabell+gardens, 
9191576|2332, 9191732|2418, 9193039|2528, 9193091|2651, 9194862|2832, 9195008|2948, 9198409|3352, 9198565|3630, 9198669|3888, 9198729|4069, 9199357|4238, 9203091|4490, 9204014|4619, 9204569|4868, 9205488|5242, 9206305|5561, 9207952|5690, 9210290|5862, 9218501|6071, 9220304|6237, 9221046|6537, 9221098|6687, 9222317|7285, 9222403|7373, 9222507|7568, 9222767|9753, 9223027|9888, acropolis+of+athens, 
9223152|2330, 9223447|2407, 9223781|2517, 9224978|2624, 9226748|2849, 9226894|2961, 9230326|3417, 9230430|3749, 9230586|4011, 9232419|4357, 9234731|4579, 9235263|4726, 9236053|4839, 9237375|4950, 9238294|5321, 9239571|5571, 9240794|5689, 9242740|5808, 9245704|5973, 9249483|6127, 9250346|6238, 9251036|6331, 9251088|6433, 9251200|6643, 9251650|6749, 9252212|6862, 9253006|6971, 9253613|7133, 9254970|7495, 9255074|7970, 9255334|9697, 9255594|9882, eiffel+tower, 
9255654|2333, 9256105|2455, 9256283|2547, 9257484|2651, 9259194|2808, 9259843|3047, 9262730|3317, 9262990|3799, 9263050|4170, 9266302|4410, 9266857|4517, 9266917|4645, 9267978|4780, 9268536|4882, 9269532|5038, 9269982|5156, 9271821|5319, 9273762|5456, 9281763|5803, 9284928|5990, 9286332|6076, 9287126|6194, 9287554|6568, 9288161|6670, 9288213|6800, 9288273|7224, 9288724|7309, 9290157|7405, 9290564|8147, 9291084|9955, big+ben, 
9291144|2326, 9291439|2408, 9291773|2519, 9292925|2604, 9292977|2760, 9294771|2938, 9295334|3153, 9296949|3333, 9298215|3563, 9298371|3674, 9298475|3833, 9298535|4255, 9299169|4386, 9301887|4563, 9302337|4668, 9302951|4776, 9304004|4897, 9305326|5004, 9305378|5146, 9305933|5389, 9307216|5552, 9307336|5654, 9308250|5767, 9309911|5875, 9315926|6032, 9318474|6164, 9319012|6292, 9319462|6392, 9320024|6492, 9320595|6601, 9320647|6728, 9321866|7568, 9321952|7660, 9322160|7936, 9322680|9901, eiffel+tower, 
9322740|2273, 9323035|2378, 9323369|2501, 9324521|2588, 9324573|2675, 9326280|2855, 9326478|2982, 9328447|3292, 9329797|3502, 9330069|3993, 9330429|4293, 9333177|4504, 9334888|4635, 9336605|4897, 9336917|5077, 9337037|5217, 9338506|5311, 9340333|5433, 9346036|5641, 9351234|5844, 9354856|6165, 9355650|6285, 9355702|6496, 9356257|6589, 9356317|6677, 9356768|6779, 9358762|6867, 9359317|6948, 9359556|7048, 9359608|7142, 9359868|9843, 9360128|10010, cape+town, 
9360188|2343, 9360483|2542, 9361950|2690, 9362002|2818, 9363797|2940, 9364360|3191, 9367259|3485, 9367415|3740, 9367519|3824, 9368035|4360, 9370753|4511, 9371568|5123, 9371688|5233, 9373463|5352, 9377623|5514, 9388432|5807, 9391106|6013, 9391848|6112, 9391900|6225, 9392571|6708, 9392999|6803, 9393406|6907, 9393740|7008, 9394995|7101, 9395047|7177, 9395234|7263, 9395754|9914, singapore, 
9396109|2341, 9396265|2429, 9397590|2551, 9397642|2659, 9399551|2916, 9400054|3102, 9401682|3318, 9402956|3474, 9403216|3862, 9403276|4252, 9407437|4566, 9407992|4946, 9409171|5153, 9409302|5365, 9410831|5483, 9413702|5642, 9419617|5856, 9421957|5993, 9426523|6203, 9430549|6375, 9431536|6489, 9432330|6592, 9433492|7148, 9433552|7539, 9434282|7633, 9435920|7728, 9436159|8090, 9436279|8529, 9436725|8625, 9437533|8743, 9437585|8875, 9438105|9833, the+great+wall+of+china, 
9438165|2347, 9438460|2425, 9438794|2540, 9439945|2655, 9439997|2797, 9441850|2950, 9445196|3323, 9445282|3473, 9445438|3655, 9445542|3821, 9447634|4649, 9448328|4773, 9449233|4926, 9449956|5077, 9450875|5434, 9452106|5573, 9452226|5694, 9453695|5807, 9455477|5959, 9465340|6248, 9466030|6374, 9466082|6473, 9466637|6773, 9466749|7098, 9467377|7264, 9468443|7405, 9469855|7493, 9470179|8014, 9470734|8111, 9471170|8199, 9471222|8303, 9471742|9774, colosseum+rome, 
9471802|2321, 9472253|2429, 9473583|2554, 9473635|2673, 9475430|2905, 9476045|3165, 9477676|3344, 9478936|3508, 9479022|3632, 9479810|4276, 9482428|4540, 9484243|4707, 9484798|4884, 9485729|5412, 9486451|5616, 9488888|5774, 9492202|5902, 9496890|6078, 9502094|6262, 9503741|6458, 9503845|6552, 9504452|6735, 9504896|6822, 9505399|6901, 9506889|7012, 9507128|7239, 9507388|9835, 9507648|9998, cape+town, 
9507708|2311, 9508003|2407, 9508159|2508, 9509471|2598, 9509523|2699, 9511233|2873, 9511882|3041, 9514709|3377, 9514795|3501, 9514951|3902, 9515645|4379, 9516200|4468, 9516755|4835, 9517310|5104, 9517865|5461, 9518271|5548, 9518605|5633, 9518981|5726, 9519588|5824, 9520259|6404, 9520814|6500, 9521369|6589, 9521924|7048, 9522288|7466, 9524407|8023, 9524757|8225, 9525471|8461, 9526823|8647, 9527857|9140, 9538427|9777, 9538801|9979, 9539061|10472, 9539321|10606, empire+state+building, 
9539676|2364, 9540010|2482, 9541143|2579, 9541195|2698, 9543048|2985, 9543551|3259, 9546434|3472, 9546694|3929, 9546754|4127, 9547210|4268, 9547943|4403, 9549978|4544, 9550883|4683, 9551217|4832, 9552082|4970, 9553094|5207, 9554377|5334, 9554497|5553, 9556196|5750, 9558355|5896, 9566843|6108, 9568833|6262, 9568885|6358, 9569627|6544, 9569679|6636, 9570298|7115, 9571656|7511, 9571864|8058, 9572124|9728, 9572384|9878, colosseum+rome, 
9572444|2386, 9572496|2468, 9572895|2568, 9574221|2667, 9574273|2799, 9576068|2900, 9578273|3312, 9579527|3493, 9579735|3829, 9581369|4166, 9583248|4347, 9584001|4487, 9586363|4720, 9588418|4922, 9589878|5090, 9594831|5334, 9597422|5560, 9598216|5708, 9598268|5971, 9598823|6089, 9599378|6398, 9599762|6623, 9599866|6742, 9601084|7331, 9601170|7432, 9601274|7528, 9601534|9817, 9601794|9936, wencelas+square+prague, 
9602305|2379, 9603611|2473, 9603663|2661, 9605436|2800, 9605582|2918, 9607603|3167, 9607691|3334, 9608969|3541, 9609177|4140, 9611891|4458, 9612532|4574, 9613437|4803, 9613771|4932, 9614976|5122, 9617065|5346, 9619141|5520, 9621618|5670, 9627295|5887, 9629908|6047, 9630889|6176, 9630941|6332, 9631612|6777, 9632167|7111, 9632722|7408, 9633129|7503, 9634717|7625, 9634904|7890, 9634956|7981, 9635216|9713, 9635476|9867, burj+khalifa, 
9635536|2231, 9635987|2336, 9637317|2457, 9637369|2550, 9639276|2917, 9641340|3294, 9642616|3445, 9642668|3572, 9642824|3686, 9642876|3790, 9644891|4420, 9645407|4575, 9646400|4769, 9647294|5062, 9649275|5224, 9656649|5433, 9660364|5697, 9661345|5864, 9662151|6366, 9662758|6473, 9663377|7023, 9663992|7267, 9664287|7346, 9664621|7427, 9665874|7515, 9666429|7604, 9666481|7688, 9666720|7964, 9666980|9763, 9667240|9907, pyeongchang, 
9667300|2308, 9667751|2395, 9669100|2525, 9669186|2616, 9669238|2721, 9671009|2864, 9671450|3005, 9673269|3379, 9674459|3745, 9674649|3858, 9675321|4209, 9676054|4356, 9678696|4561, 9679757|4836, 9680324|4937, 9680688|5095, 9681607|5264, 9682884|5517, 9683196|5642, 9685117|5777, 9691253|6059, 9695382|6247, 9696152|6366, 9696662|6469, 9697269|6577, 9697321|6698, 9697757|7171, 9699094|7296, 9699180|7408, 9699284|7765, 9699804|9947, colosseum+rome, 
9699864|2222, 9700159|2328, 9701646|2439, 9701698|2524, 9703405|2792, 9703846|2924, 9706850|3334, 9706936|3476, 9707196|3780, 9707248|4039, 9708943|4236, 9709459|4352, 9711524|4554, 9711610|4666, 9712165|4786, 9713017|5208, 9714063|5467, 9716005|5721, 9717097|5839, 9717704|5939, 9718259|6303, 9718814|6581, 9719369|6900, 9719924|7261, 9720479|7584, 9720531|7923, 9720947|9922, big+ben, 
9721302|2330, 9722762|2493, 9722814|2662, 9724732|2920, 9728335|3339, 9728595|3627, 9728647|3872, 9729163|4359, 9731977|4503, 9732133|4713, 9733822|4844, 9734608|4958, 9736911|5253, 9740689|5467, 9743908|5614, 9745149|5780, 9745704|6244, 9746259|6461, 9746814|6772, 9747554|7218, 9748628|7351, 9750037|7442, 9750089|7629, 9750696|7729, 9750748|8045, 9751268|9902, wencelas+square+prague, 
9751380|2409, 9751779|2509, 9753084|2604, 9753136|2688, 9754908|2854, 9755106|2983, 9757165|3314, 9758447|3457, 9761160|4380, 9762828|4525, 9763370|4614, 9764103|4701, 9764609|4827, 9765376|4956, 9765931|5092, 9767145|5403, 9767717|5512, 9767837|5637, 9768994|5737, 9770360|5849, 9773255|5986, 9777831|6232, 9779642|6385, 9780436|6488, 9780488|6904, 9781708|7307, 9781794|7392, 9782002|7842, 9782262|9846, 9782522|9979, eiffel+tower, 
9782582|2329, 9783033|2432, 9783211|2529, 9784396|2621, 9786104|2928, 9786753|3315, 9789549|3490, 9789635|3620, 9789791|3867, 9789895|4069, 9790249|4251, 9793054|4470, 9793466|4601, 9795069|4822, 9796570|5067, 9798271|5237, 9799782|5362, 9806639|5557, 9812924|5818, 9813770|5926, 9814325|6020, 9814880|6117, 9815435|6217, 9815551|6739, 9815906|7339, 9817491|7489, 9817678|7686, 9817730|7781, 9817990|9783, 9818250|9940, taipei+101, 
9818310|2283, 9818761|2429, 9820087|2527, 9820139|2775, 9821996|2870, 9822351|2959, 9825474|3345, 9825630|3663, 9825682|3843, 9826884|4143, 9826970|4298, 9828662|4578, 9829082|4739, 9830655|4964, 9831045|5092, 9832562|5357, 9834879|5495, 9835819|5633, 9839585|5777, 9842870|5927, 9844430|6044, 9845886|6169, 9846604|6265, 9847398|6465, 9847826|6760, 9848433|6883, 9849104|7445, 9849887|7548, 9850273|7650, 9851529|7746, 9851768|7931, 9852028|9772, 9852288|9881, burj+khalifa, 
9852348|2329, 9852695|2430, 9852977|2543, 9854129|2628, 9854181|2767, 9855953|2879, 9856099|2998, 9859498|3457, 9859654|3755, 9859758|3936, 9862697|4374, 9864019|4531, 9864574|4656, 9865479|4774, 9865635|4893, 9866463|5011, 9867642|5213, 9869627|5370, 9871112|5492, 9876298|5765, 9878843|5893, 9881299|6026, 9881923|6165, 9882745|6262, 9883487|6358, 9884146|6458, 9884198|6676, 9884323|7573, 9884774|7678, 9886206|7791, 9886445|8060, 9886965|9945, burj+khalifa, 
9887025|2414, 9887476|2498, 9888806|2633, 9888858|2741, 9890629|2934, 9891070|3063, 9892874|3374, 9894080|3533, 9894166|3628, 9894426|3936, 9894496|4346, 9897024|4509, 9897757|4658, 9898572|4906, 9898692|5132, 9899909|5255, 9900229|5380, 9904256|5618, 9907420|5809, 9909883|5938, 9912049|6044, 9914931|6219, 9919579|6368, 9922777|6508, 9926562|6631, 9928122|6726, 9929297|6824, 9930039|6926, 9930091|7005, 9930646|7090, 9930698|7583, 9930762|7681, 9931282|9861, peking, 
9931342|2303, 9931637|2399, 9931971|2506, 9933178|2607, 9934887|2868, 9935085|2991, 9937147|3300, 9938333|3444, 9938419|3685, 9938679|4004, 9939751|4276, 9941689|4453, 9941897|4566, 9942413|4716, 9943458|4879, 9943578|5178, 9945167|5297, 9949979|5508, 9955582|5719, 9960276|5923, 9960879|6064, 9961621|6290, 9962036|6612, 9962872|6701, 9964685|6787, 9965375|6866, 9965531|6953, 9966389|7472, 9966816|7815, 9966868|7909, 9967388|9829, cape+town, 
9967743|2323, 9967899|2415, 9969230|2527, 9969282|2616, 9970992|2882, 9971641|3139, 9973257|3323, 9974584|3865, 9974670|3962, 9975232|4265, 9975958|4472, 9978751|4637, 9979366|4785, 9979990|4893, 9981134|5000, 9981689|5173, 9982684|5694, 9983961|5917, 9984629|6023, 9986627|6136, 9992278|6327, 9994264|6493, 9995006|6599, 9995561|6996, 9996781|7374, 9997422|7475, 9997474|7574, 9997682|7865, 9998202|9974, eiffel+tower, 
9998267|2375, 9998622|2469, 9998956|2591, 10000109|2670, 10001872|2847, 10002018|2962, 10002521|3232, 10005328|3486, 10005414|3759, 10005674|3937, 10007643|4509, 10007729|4655, 10007997|4814, 10009105|5051, 10009962|5195, 10010765|5322, 10014728|5496, 10021793|5714, 10026007|5855, 10028919|5972, 10029501|6099, 10030108|6186, 10030727|6752, 10030787|7004, 10031793|7082, 10033782|7166, 10034337|7244, 10034389|7331, 10035079|7686, 10035131|7765, 10035183|8022, 10035443|9880, 10035703|9997, pyongyang, 
10035755|1468, 10035815|2304, 10036110|2376, 10036266|2484, 10037598|2578, 10037650|2673, 10039568|2962, 10042935|3433, 10043267|4211, 10045929|4397, 10047125|4561, 10047333|4770, 10048008|4930, 10048982|5043, 10050549|5160, 10059961|5418, 10063923|5544, 10065414|5699, 10067210|5894, 10067660|6022, 10068214|6131, 10069008|6273, 10069508|6905, 10070470|7099, 10070804|7177, 10072057|7254, 10072109|7333, 10072348|7457, 10072868|9814, singapore, 
10072928|2444, 10073223|2533, 10073557|2622, 10074686|2706, 10074738|2837, 10076508|2966, 10080073|3501, 10080333|3836, 10081940|4387, 10083571|4528, 10084720|4775, 10085997|5127, 10086899|5254, 10094462|5552, 10096958|5720, 10099142|5944, 10099757|6049, 10100447|6153, 10100499|6251, 10101106|6669, 10101661|7002, 10101721|7156, 10102172|7241, 10104156|7323, 10104208|7481, 10104950|7591, 10105002|7726, 10105262|9845, 10105522|9958, pyeongchang, 
10105582|2375, 10106033|2500, 10107356|2628, 10107408|2717, 10109180|2893, 10109326|3017, 10112696|3462, 10112968|3945, 10113020|4079, 10113380|4344, 10114269|4439, 10117024|4840, 10117430|5160, 10118148|5272, 10118911|5500, 10119518|5859, 10120073|6200, 10120628|6534, 10121183|6817, 10121611|7202, 10122047|7291, 10122099|7401, 10122515|9795, big+ben, 
10122575|2344, 10123026|2536, 10123204|2629, 10124333|2744, 10126244|2890, 10126807|3060, 10129619|3393, 10129705|3572, 10129965|3784, 10132790|4394, 10134656|4554, 10135006|4757, 10135717|4871, 10136283|4973, 10137167|5103, 10139729|5306, 10141803|5439, 10144712|5553, 10147052|5759, 10150623|5925, 10153518|6053, 10155997|6171, 10158129|6286, 10159973|6455, 10160025|6609, 10160580|6812, 10160632|6952, 10161850|7350, 10161936|7438, 10162040|7615, 10162560|10341, mirabell+gardens, 
10162620|2436, 10162915|2541, 10163249|2635, 10164382|2732, 10166142|2885, 10166583|3040, 10168396|3243, 10169669|3431, 10169721|3654, 10169877|3775, 10169929|4033, 10171495|4292, 10173349|4502, 10174082|4629, 10174342|4801, 10175017|5027, 10175619|5131, 10177193|5226, 10181683|5461, 10183340|5579, 10186564|5785, 10188748|5907, 10193047|6082, 10197221|6293, 10198442|6599, 10199083|6694, 10199489|6772, 10200114|6868, 10200490|6952, 10201060|7043, 10201667|7142, 10201719|7243, 10201802|9153, 10202322|9865, peking, 
10202382|3215, 10202833|3354, 10204162|3454, 10204214|3567, 10206072|3783, 10206635|3955, 10208244|4202, 10209505|4377, 10209765|4798, 10211298|5046, 10211952|5285, 10213904|5452, 10213964|5585, 10214965|5743, 10215533|5840, 10216469|5983, 10217414|6173, 10219802|6316, 10223688|6613, 10227254|6777, 10229729|6896, 10231280|7028, 10232090|7138, 10232697|7236, 10233304|7621, 10234414|8051, 10234474|8179, 10234925|8266, 10236408|8382, 10236647|8572, 10237167|10826, burj+khalifa, 
10237227|2355, 10237522|2437, 10237856|2563, 10239007|2644, 10240767|2852, 10241208|3005, 10241416|3251, 10244247|3436, 10244333|3585, 10244605|4140, 10244665|4425, 10247251|4637, 10247892|4740, 10248152|4866, 10248714|5079, 10250217|5225, 10254815|5435, 10259436|5629, 10263185|5806, 10266397|5958, 10269042|6133, 10269784|6635, 10270346|6754, 10270907|6909, 10271701|7053, 10271753|7198, 10271813|7473, 10272108|7551, 10272442|7635, 10273695|7706, 10273934|7881, 10274454|11220, singapore, 
10274514|2308, 10274809|2401, 10274965|2490, 10276291|2614, 10278115|2753, 10278556|2878, 10278764|3037, 10281629|3386, 10281715|3531, 10281943|4201, 10282577|4372, 10283687|4495, 10284242|4598, 10284797|4942, 10285203|5116, 10285537|5203, 10285921|5284, 10286297|5377, 10286852|5468, 10286904|5553, 10287511|5941, 10288066|6223, 10288621|6616, 10288985|6762, 10291011|7151, 10291097|7296, 10291157|7377, 10291603|7531, 10292161|7648, 10292473|7845, 10293149|7936, 10293513|8121, 10294235|8287, 10295601|8591, 10300385|8785, 10305065|8945, 10305252|9137, 10305491|9271, 10306011|10094, empire+state+building, 
10306071|2280, 10306522|2380, 10307829|2486, 10307881|2576, 10309739|2823, 10309851|2937, 10311820|3266, 10313225|3424, 10313485|3866, 10315527|4339, 10317010|4624, 10317904|4935, 10319017|5085, 10325640|5379, 10329030|5522, 10331197|5720, 10332261|5897, 10332313|5997, 10332932|6431, 10333539|6717, 10333599|7011, 10334300|7094, 10334790|7176, 10336606|7260, 10337535|7355, 10337639|7444, 10338246|7737, 10338298|8106, 10338558|9699, 10338818|9869, pyeongchang, 
10338878|2267, 10339329|2407, 10340656|2508, 10340708|2612, 10342481|2832, 10342922|2959, 10346066|3356, 10346222|3781, 10346326|4041, 10349671|4344, 10350502|4516, 10351168|4750, 10351502|4896, 10352966|5050, 10354056|5156, 10363179|5459, 10370920|5652, 10373603|5779, 10374397|5896, 10375087|6271, 10375139|6381, 10375694|6661, 10375754|6904, 10376100|6984, 10376434|7066, 10376810|7149, 10377500|7238, 10377604|7310, 10377656|7589, 10378176|9831, peking, 
10378531|2300, 10378687|2409, 10380014|2516, 10380066|2634, 10381983|2910, 10382486|3077, 10385385|3399, 10385471|3581, 10385731|3856, 10385859|4021, 10387833|4308, 10389983|4646, 10390850|4798, 10392127|5101, 10393766|5274, 10400746|5472, 10405117|5602, 10408116|5747, 10410331|5909, 10410518|6000, 10410976|6098, 10411693|6224, 10412435|6372, 10412487|6475, 10412914|6761, 10412966|6851, 10413521|6963, 10413581|7247, 10414483|7330, 10414817|7410, 10416073|7487, 10416364|7726, 10416624|9744, 10416884|9935, pyongyang, 
10416944|2342, 10417239|2415, 10417573|2547, 10418776|2640, 10420571|2900, 10421134|3065, 10422652|3312, 10424040|3556, 10424196|3783, 10424300|4077, 10424360|4294, 10427512|4567, 10427598|4723, 10427662|5030, 10429350|5309, 10429957|5455, 10430679|5548, 10432315|5697, 10437021|5857, 10442949|6036, 10449068|6185, 10450784|6310, 10451314|6414, 10451921|6512, 10452540|7033, 10452976|7257, 10453088|7377, 10454042|7484, 10454272|7588, 10455578|7677, 10456133|7754, 10456372|7858, 10456424|7952, 10456944|9853, the+great+wall+of+china, 
10457299|2389, 10458787|2518, 10458839|2610, 10460547|2841, 10461040|3077, 10464094|3495, 10464354|3989, 10464708|4195, 10468718|4493, 10469693|4642, 10470658|4763, 10471547|4864, 10473306|4972, 10473913|5104, 10476004|5307, 10478074|5425, 10481394|5555, 10490581|5786, 10492280|5988, 10493663|6107, 10494357|6296, 10494859|6414, 10495652|6631, 10495704|6778, 10496923|7398, 10497009|7486, 10497113|7747, 10497373|9768, 10497633|9948, mirabell+gardens, 
10497693|2283, 10498144|2515, 10499449|2615, 10499501|2699, 10501207|2840, 10501353|2943, 10501856|3166, 10503498|3411, 10504803|3549, 10505031|4168, 10505481|4302, 10506043|4404, 10506455|4496, 10506789|4589, 10507344|4676, 10507899|4955, 10508454|5333, 10509009|5604, 10509564|5703, 10510183|6276, 10510738|6475, 10511293|6905, 10511357|6995, 10512016|7275, 10512276|7419, 10512328|7578, 10514443|7818, 10514853|8066, 10515567|8274, 10515879|8522, 10516919|8804, 10524935|9620, 10528710|9843, 10528897|9988, 10528949|10322, 10529417|10448, empire+state+building, 
10529477|3654, 10529772|3737, 10530106|3878, 10531287|3970, 10533056|4277, 10533653|4478, 10535356|4756, 10536610|4893, 10536922|5221, 10538572|5622, 10540545|5846, 10541100|5990, 10541915|6329, 10543304|6669, 10546165|6810, 10555766|7090, 10561296|7247, 10564083|7380, 10564825|7501, 10564877|7621, 10564937|7977, 10565628|8073, 10567351|8154, 10568061|8238, 10568819|8337, 10568871|8439, 10569478|8523, 10569530|9053, 10570050|12459, peking, 
10570110|2311, 10570405|2400, 10570739|2497, 10571939|2611, 10573712|2859, 10574361|3141, 10575879|3340, 10577276|3493, 10577432|3725, 10577536|4098, 10578052|4291, 10580889|4467, 10581444|4603, 10581808|4763, 10582784|4951, 10583635|5085, 10588285|5287, 10594674|5635, 10595267|5842, 10595601|5957, 10595977|6051, 10596548|6160, 10597155|6257, 10597762|6363, 10598317|6847, 10598381|6945, 10598433|7190, 10598493|7484, 10598788|7572, 10599122|7668, 10600378|7753, 10600669|8153, 10601189|9865, sydney+harbour, 
10601301|2333, 10601700|2434, 10601878|2515, 10603010|2604, 10603062|2739, 10604915|2979, 10605418|3215, 10607040|3459, 10608298|3589, 10608402|3838, 10608558|4036, 10610893|4423, 10613269|4617, 10613619|4845, 10614423|5012, 10616457|5296, 10617064|5447, 10617184|5563, 10618883|5685, 10620383|5826, 10625930|5970, 10629300|6128, 10630146|6227, 10630198|6436, 10631308|6534, 10631360|6757, 10631420|7469, 10631871|7584, 10633302|7661, 10633541|7924, 10633801|9751, 10634061|9886, petronas+towers, 
10634121|2304, 10634572|2405, 10635904|2534, 10635956|2640, 10637664|2862, 10637810|2954, 10640011|3380, 10641305|3561, 10641409|3928, 10641689|4293, 10644613|4536, 10645998|4663, 10647010|4937, 10648224|5135, 10648848|5270, 10648968|5468, 10650125|5578, 10651154|5701, 10655011|5827, 10660939|6000, 10664527|6119, 10668878|6246, 10670573|6358, 10671166|6563, 10671500|6660, 10671875|6772, 10672669|6876, 10673276|7214, 10673336|7406, 10674017|7584, 10675270|7678, 10675509|7828, 10675769|9727, 10676029|9932, the+great+wall+of+china, 
10676089|2314, 10676540|2420, 10677850|2539, 10677902|2749, 10679757|2890, 10680260|3068, 10683196|3379, 10683520|3967, 10686548|4336, 10686652|4456, 10687878|4579, 10688519|4680, 10689294|5170, 10689901|5471, 10690456|5792, 10690862|6119, 10691196|6206, 10691572|6298, 10692179|6409, 10692786|6727, 10693222|7089, 10693829|7182, 10693881|7289, 10694141|9726, 10694297|9871, big+ben, 
10694357|2268, 10694652|2373, 10694986|2491, 10696115|2579, 10696167|2715, 10697940|2828, 10698589|3072, 10701504|3481, 10701672|3920, 10701742|4186, 10701802|4285, 10702102|4383, 10702436|4475, 10702991|4566, 10703546|4959, 10704101|5046, 10704720|5574, 10705327|5674, 10705439|6216, 10705889|6313, 10706442|6410, 10706997|6501, 10707101|6602, 10707968|6730, 10708404|6991, 10711033|7121, 10711119|7253, 10711231|7372, 10711855|7614, 10712911|7811, 10713587|7910, 10713707|8039, 10714621|8170, 10715675|8510, 10722851|8748, 10725191|8935, 10725326|9090, 10725565|9329, 10726787|9930, 10726873|10135, 10727341|10321, 10727621|10713, empire+state+building, 
10727976|2359, 10728132|2436, 10729439|2548, 10729491|2647, 10731260|2833, 10731701|2998, 10733549|3294, 10734865|3453, 10735149|4028, 10735209|4215, 10736398|4377, 10738488|4568, 10739043|4823, 10740338|5240, 10740469|5505, 10741686|5613, 10743113|5749, 10748288|5908, 10752656|6050, 10756348|6179, 10761167|6364, 10761843|6485, 10762689|6616, 10763095|6721, 10763429|6842, 10763805|6930, 10764376|7062, 10764983|7156, 10765390|7267, 10765724|7382, 10766976|7469, 10767163|7636, 10767215|7740, 10767475|9782, 10767735|9945, the+great+wall+of+china, 
10767800|2331, 10768155|2429, 10768311|2530, 10769622|2622, 10769674|2762, 10771466|2903, 10773644|3283, 10774930|3459, 10775086|3767, 10775190|3981, 10775250|4225, 10777868|4419, 10779328|4582, 10780507|4844, 10781135|5057, 10783241|5193, 10784532|5310, 10791199|5531, 10796116|5703, 10798772|5839, 10799435|5942, 10801169|6054, 10801619|6153, 10802181|6281, 10802975|6401, 10803467|6961, 10803963|7060, 10804414|7158, 10805898|7264, 10806085|7510, 10806137|7601, 10806657|9786, mt.+everest, 
10807012|2357, 10807168|2459, 10808496|2554, 10808548|2646, 10811085|3164, 10812521|3365, 10813806|3519, 10814014|3744, 10814066|3867, 10816626|4384, 10817709|4576, 10818888|4755, 10820923|5005, 10822635|5129, 10828254|5321, 10837164|5595, 10838807|5716, 10839892|5822, 10840447|6228, 10841002|6590, 10841408|6703, 10841742|6836, 10842808|6948, 10842964|7042, 10843695|7140, 10844081|7251, 10845336|7337, 10845575|7515, 10846199|9845, mt.+everest, 
10846259|2287, 10846554|2370, 10846888|2483, 10848031|2580, 10848083|2694, 10849853|2840, 10850294|2996, 10853382|3369, 10853468|3522, 10853780|3769, 10853832|3997, 10855443|4234, 10857344|4441, 10857926|4652, 10858382|4809, 10859115|5006, 10860977|5490, 10861097|5600, 10861699|5701, 10863283|5818, 10868301|5969, 10876136|6107, 10880348|6233, 10882307|6365, 10882702|6473, 10883444|6580, 10883999|6988, 10884051|7312, 10885272|7455, 10885358|7545, 10885462|7726, 10885722|9756, 10885982|9903, the+great+wall+of+china, 
10886493|2342, 10887836|2469, 10887922|2562, 10887974|2677, 10889744|2802, 10890185|2938, 10891999|3240, 10893298|3444, 10893558|3817, 10897091|4289, 10898243|4522, 10899132|4712, 10899854|4910, 10901250|5051, 10904062|5175, 10910548|5367, 10912835|5563, 10913681|5785, 10913868|6178, 10914539|6269, 10915146|6550, 10915701|6855, 10915761|7075, 10916439|7151, 10916699|7238, 10918126|7357, 10918313|7435, 10918365|7519, 10918885|9859, pyeongchang, 
10918945|2408, 10919396|2501, 10919574|2610, 10920777|2716, 10922694|3011, 10923197|3255, 10926093|3523, 10926353|3887, 10928428|4365, 10930568|4530, 10930628|4707, 10932275|4932, 10933532|5139, 10934661|5254, 10938352|5422, 10950036|5746, 10954437|5974, 10955231|6103, 10955786|6208, 10956341|6317, 10956896|6696, 10956948|7071, 10957008|7376, 10957303|7455, 10957637|7535, 10958889|7622, 10959211|7807, 10959471|9782, 10959731|9939, mt.+everest, 
10960086|2430, 10960242|2521, 10961573|2640, 10961625|2751, 10963420|2999, 10963983|3221, 10966826|3477, 10966912|3629, 10967236|4086, 10967596|4361, 10968485|4483, 10970618|4598, 10972078|4876, 10972412|4981, 10973062|5098, 10977995|5528, 10980846|5674, 10988097|5984, 10988929|6112, 10989647|6214, 10990441|6423, 10991112|6901, 10991164|7317, 10991224|7500, 10991675|7586, 10993107|7685, 10993294|7943, 10993346|8027, 10993866|9859, burj+khalifa, 
10994221|2388, 10994555|2489, 10995735|2601, 10997504|2818, 10997650|2967, 10998331|3204, 11001018|3518, 11001122|3692, 11001278|3846, 11001632|4329, 11002350|4474, 11004809|4639, 11005698|4787, 11006565|5303, 11006685|5416, 11008110|5526, 11010410|5677, 11017493|5825, 11023747|6045, 11024759|6183, 11024811|6283, 11024871|6677, 11025290|6760, 11025918|6843, 11027886|6928, 11028732|7087, 11029526|7423, 11029578|7764, 11030098|9851, cape+town, 
11030453|2409, 11030609|2507, 11031940|2626, 11031992|2731, 11033702|2882, 11033848|2994, 11035869|3266, 11035961|3446, 11037245|3622, 11037505|3870, 11037565|4234, 11041619|4428, 11042035|4658, 11042597|4854, 11043941|4981, 11053273|5265, 11062193|5568, 11062505|5724, 11063247|5867, 11063434|5971, 11064176|6077, 11064795|6594, 11065357|6819, 11065911|6911, 11066601|6999, 11066705|7083, 11067112|7200, 11067268|7279, 11068703|7361, 11068890|7512, 11068942|7610, 11069202|9795, 11069462|9949, pyongyang, 
11069522|2307, 11069973|2420, 11071302|2537, 11071354|2623, 11073148|2861, 11073711|3100, 11076624|3450, 11076884|3938, 11076944|4207, 11079749|4407, 11080940|4573, 11081581|4691, 11082136|5031, 11083055|5381, 11083610|5519, 11084474|5713, 11085348|5854, 11090570|6079, 11097781|6263, 11098575|6513, 11099130|6615, 11099182|6727, 11100486|7489, 11100590|7916, 11100850|9757, 11101110|9879, acropolis+of+athens, 
11101170|2328, 11101621|2464, 11102952|2608, 11103004|2719, 11104777|2841, 11104923|2982, 11108343|3445, 11108395|3589, 11108447|3689, 11108603|3825, 11111495|4448, 11111855|4626, 11113004|4784, 11113124|4921, 11115704|5135, 11124163|5467, 11126637|5636, 11127573|5838, 11128136|5948, 11128743|6143, 11129350|6548, 11129905|6640, 11130524|7204, 11131191|7285, 11131486|7362, 11131820|7453, 11133070|7531, 11133677|7620, 11133916|8189, 11134436|9917, pyeongchang, 
11134791|2363, 11134947|2465, 11136277|2567, 11136329|2682, 11138183|2954, 11138746|3202, 11141562|3468, 11141648|3595, 11141932|4404, 11144576|4577, 11145369|4752, 11145815|4913, 11146884|5061, 11148061|5224, 11149089|5384, 11150058|5525, 11154896|5707, 11159066|5810, 11164648|5988, 11164918|6118, 11165712|6215, 11165764|6302, 11166200|6693, 11166807|6790, 11167278|7390, 11168867|7562, 11169106|7773, 11169366|9778, 11169626|9892, taipei+101, 
11169686|2331, 11170137|2420, 11170315|2531, 11171497|2622, 11173857|3002, 11176720|3387, 11176806|3509, 11176858|3700, 11177374|4246, 11181190|4459, 11182540|4674, 11184222|4814, 11188567|5079, 11193620|5393, 11194362|5685, 11194981|6195, 11195600|6807, 11196820|7212, 11197461|7327, 11197867|7417, 11198075|7518, 11198637|7616, 11199379|7716, 11199431|7797, 11199483|8079, 11200003|10319, wencelas+square+prague, 
11200358|2285, 11200514|2372, 11201819|2489, 11201871|2596, 11203643|2710, 11203789|2833, 11205901|3079, 11207158|3367, 11207494|3912, 11209156|4248, 11210449|4419, 11211568|4522, 11211654|4605, 11212715|4729, 11213274|4823, 11214037|5054, 11214592|5193, 11214652|5371, 11215674|5476, 11216384|5587, 11217713|5699, 11218733|5806, 11219911|5905, 11227590|6115, 11228233|6276, 11229162|6400, 11229214|6493, 11229821|6696, 11230257|7067, 11230309|7220, 11231529|7317, 11231615|7413, 11231823|7943, 11232083|9697, 11232343|9858, eiffel+tower, 
11232403|2398, 11232854|2542, 11234180|2645, 11234232|2799, 11236092|2907, 11236447|3024, 11238389|3381, 11239714|3550, 11239922|3775, 11239974|3886, 11240668|4423, 11244217|4635, 11244772|4764, 11245698|5191, 11246859|5411, 11246930|5518, 11248642|5686, 11249702|5878, 11254746|6056, 11259305|6286, 11260640|6453, 11261446|7051, 11263308|7482, 11263412|7918, 11263464|8038, 11263984|9914, acropolis+of+athens, 
11264044|2289, 11264495|2410, 11264673|2519, 11265829|2605, 11265881|2758, 11267587|2897, 11268028|3023, 11269863|3378, 11271165|3521, 11271269|3649, 11271425|3800, 11273032|4317, 11274171|4464, 11274317|4588, 11274887|4723, 11276065|4861, 11277512|4975, 11278304|5173, 11281747|5371, 11283706|5494, 11287802|5636, 11294441|5855, 11297388|6103, 11298889|6265, 11299825|6409, 11300631|6850, 11301186|7246, 11302961|7365, 11303099|7492, 11303151|7661, 11303671|9963, mirabell+gardens, 
11303731|2232, 11304182|2402, 11305493|2546, 11307337|2791, 11307692|2905, 11309512|3259, 11310822|3447, 11310978|3711, 11311082|3864, 11314919|4351, 11315135|4514, 11316636|4686, 11318576|5007, 11326178|5268, 11332359|5525, 11336013|5711, 11336252|5812, 11336845|5918, 11337179|6014, 11338297|6156, 11338349|6259, 11338401|6583, 11338956|6696, 11339511|6942, 11339571|7129, 11340577|7222, 11340755|7302, 11342009|7396, 11342196|7488, 11342300|7624, 11342560|9701, 11342820|9838, pyongyang, 
11342880|2345, 11343331|2421, 11344657|2549, 11344709|2745, 11346565|2970, 11347128|3222, 11348767|3404, 11350013|3909, 11350099|4045, 11352524|4366, 11354502|4594, 11355213|4829, 11356349|4931, 11357690|5060, 11359778|5206, 11363326|5361, 11367251|5740, 11368000|5920, 11368794|6096, 11369222|6518, 11369829|6623, 11370436|7259, 11371706|7556, 11371792|7660, 11371896|7847, 11372156|9771, 11372416|9967, wencelas+square+prague, 
11372771|2310, 11372927|2405, 11374233|2512, 11374285|2624, 11376201|2920, 11376704|3078, 11379612|3317, 11379768|3578, 11380186|4075, 11380520|4163, 11380904|4310, 11381316|4399, 11382205|4495, 11382633|4655, 11383240|4742, 11383847|4836, 11384466|5479, 11385021|5576, 11385576|5676, 11386131|6126, 11386686|6395, 11386738|6637, 11387050|7117, 11389155|7529, 11389565|7745, 11389721|7863, 11390539|7985, 11390747|8115, 11391631|8241, 11391893|8506, 11392807|8668, 11398073|8971, 11403377|9314, 11403751|9499, 11404011|10209, 11404271|10333, empire+state+building, 
11404331|2392, 11404626|2477, 11404960|2617, 11406140|2737, 11407998|2915, 11408561|3225, 11411349|3432, 11411435|3621, 11411695|3991, 11411807|4165, 11414981|4370, 11415622|4525, 11416489|4875, 11417186|5214, 11417968|5328, 11420507|5466, 11424595|5608, 11433373|5896, 11434322|6071, 11435251|6190, 11435386|6293, 11436057|6741, 11436493|7078, 11437100|7161, 11437152|7258, 11437672|9825, cape+town, 
11437797|2337, 11438092|2425, 11438426|2535, 11439554|2617, 11439606|2747, 11441368|2856, 11442017|3109, 11443662|3293, 11444916|3434, 11445304|3999, 11447089|4292, 11449488|4487, 11450865|5148, 11452141|5327, 11453767|5444, 11457581|5599, 11469789|5957, 11471441|6111, 11474013|6287, 11474208|6795, 11475330|6883, 11476761|6966, 11477060|7138, 11477645|7225, 11478207|7304, 11478949|7399, 11479053|7520, 11479573|9713, peking, 
11479633|2291, 11479928|2380, 11480262|2485, 11481389|2591, 11481441|2719, 11483212|2852, 11485467|3216, 11486691|3456, 11486777|3596, 11486881|3708, 11487037|3853, 11488622|4299, 11490028|4474, 11490088|4587, 11491072|4728, 11491961|4876, 11492611|5007, 11493797|5204, 11495961|5409, 11497430|5576, 11501599|5742, 11506392|5877, 11508461|6035, 11509068|6149, 11509623|6439, 11509683|6720, 11510029|6810, 11510739|6904, 11511429|7033, 11511616|7203, 11512223|7402, 11512578|7483, 11512734|7575, 11514217|7691, 11514456|7955, 11514976|9833, burj+khalifa, 
11515036|2285, 11515331|2467, 11515665|2614, 11516820|2730, 11518725|2931, 11519228|3115, 11520845|3372, 11522178|3551, 11522282|3706, 11522334|3874, 11523950|4128, 11525220|4400, 11525410|4517, 11526490|4728, 11527873|4840, 11528549|5017, 11530534|5196, 11532123|5346, 11535130|5513, 11540374|5661, 11542225|5808, 11542901|5999, 11543235|6129, 11543611|6250, 11544405|6347, 11545012|6445, 11545512|6969, 11546119|7156, 11547081|7355, 11547415|7443, 11548667|7527, 11548958|7747, 11549478|9858, burj+khalifa, 
11549538|2335, 11550167|2492, 11551321|2583, 11551373|2687, 11553339|2984, 11555407|3266, 11556592|3413, 11556678|3518, 11556938|3891, 11557454|4390, 11560225|4575, 11560285|4719, 11561286|4888, 11561846|5001, 11563285|5245, 11564562|5429, 11564874|5529, 11565922|5640, 11571102|5789, 11576198|5962, 11579603|6119, 11581912|6253, 11582654|6346, 11583134|6446, 11583741|6551, 11584348|7086, 11584903|7226, 11584963|7497, 11585644|7618, 11586898|7696, 11587085|7865, 11587137|7956, 11587397|9830, 11587657|9933, pyramids+of+giza, 
11587769|2302, 11588168|2388, 11588346|2484, 11589494|2570, 11589546|2714, 11591462|2880, 11593570|3246, 11594826|3438, 11594930|3632, 11594982|3769, 11595086|4163, 11598683|4399, 11599145|4524, 11600446|4726, 11600758|4860, 11601313|5025, 11602035|5138, 11603415|5269, 11608759|5414, 11615205|5541, 11618256|5721, 11618443|5838, 11619372|5983, 11619778|6118, 11620112|6228, 11621186|6327, 11621290|6413, 11621342|6829, 11621406|6957, 11621926|9917, cape+town, 
11622281|2540, 11622437|2635, 11624138|2745, 11625507|2963, 11625948|3077, 11627674|3343, 11628956|3499, 11629042|3602, 11629198|3812, 11629302|3989, 11629656|4178, 11630366|4378, 11633172|4552, 11634282|4696, 11634542|4812, 11635228|5075, 11636387|5156, 11638013|5256, 11640193|5348, 11648103|5585, 11649628|5726, 11652100|5886, 11652443|6058, 11652503|6632, 11652954|6719, 11654388|6789, 11654575|6947, 11654627|7029, 11654887|9784, 11655147|9924, toronto+canada, 
11655207|2339, 11655502|2468, 11656988|2587, 11657040|2780, 11658895|2927, 11661064|3231, 11662302|3546, 11662406|3661, 11662510|3774, 11662562|3879, 11664566|4472, 11664626|4665, 11665180|4806, 11666073|5062, 11668718|5249, 11671640|5426, 11678081|5595, 11680067|5753, 11680861|5854, 11681416|5954, 11681528|6073, 11682156|6175, 11682540|6274, 11683147|6375, 11683889|6468, 11684496|6624, 11684556|6864, 11685562|6948, 11686990|7029, 11687597|7201, 11688287|7461, 11688339|7537, 11688391|7854, 11688911|9865, pyeongchang, 
11688971|2348, 11689266|2447, 11690754|2618, 11690806|2726, 11693109|3129, 11696099|3474, 11696359|3773, 11696823|4326, 11699572|4493, 11699658|4638, 11699770|4751, 11700220|4853, 11700782|4952, 11702128|5190, 11703521|5681, 11703833|5792, 11705673|5919, 11712936|6115, 11715883|6259, 11716625|6393, 11717180|6695, 11717232|6814, 11718450|7429, 11718536|7522, 11718640|7920, 11718704|8020, 11718964|9782, 11719224|9947, acropolis+of+athens, 
11719579|2441, 11721066|2578, 11721118|2758, 11722888|2934, 11723537|3165, 11726320|3407, 11726406|3533, 11726678|4073, 11727974|4348, 11730088|4503, 11730618|4642, 11730970|4738, 11732119|4898, 11732841|5182, 11734415|5324, 11737600|5443, 11745406|5754, 11747070|5901, 11747444|6008, 11748246|6130, 11748592|6231, 11749302|6337, 11750096|6550, 11750703|6891, 11751110|7209, 11751444|7310, 11752700|7384, 11752887|7540, 11752939|7632, 11753199|9837, 11753459|10002, toronto+canada, 
11753519|2288, 11753814|2370, 11753970|2494, 11755297|2616, 11755349|2755, 11757120|2882, 11759394|3245, 11760777|3572, 11760933|3718, 11761037|3961, 11761397|4188, 11764268|4330, 11764354|4488, 11765169|4692, 11765724|4878, 11766506|5017, 11769791|5181, 11776679|5361, 11779804|5593, 11780920|5772, 11781662|5885, 11782217|6092, 11782836|6602, 11782888|6870, 11782948|7045, 11783243|7136, 11783577|7222, 11784829|7311, 11785016|7392, 11785068|7494, 11785328|9736, 11785588|9897, pyeongchang, 
11785700|2364, 11786099|2512, 11787482|2734, 11789391|3004, 11792792|3474, 11792948|3660, 11793104|3793, 11795091|4643, 11795801|4835, 11797882|5085, 11798358|5283, 11802445|5511, 11811483|5766, 11817567|5947, 11819234|6058, 11819905|6501, 11820460|6821, 11821015|7239, 11821075|7335, 11822081|7431, 11823513|7510, 11824068|7589, 11824120|7767, 11824359|7976, 11824619|9752, 11824879|9870, mt.+everest, 
11825234|2422, 11826719|2565, 11826771|2673, 11828678|2954, 11830789|3267, 11832087|3518, 11832347|3876, 11832407|4305, 11833041|4441, 11835662|4569, 11836627|4776, 11836783|4920, 11837350|5059, 11837860|5200, 11839506|5357, 11840113|5537, 11840835|5653, 11841583|5783, 11844076|5936, 11850160|6094, 11853887|6250, 11854074|6376, 11854764|6480, 11854816|6581, 11855371|7009, 11855926|7285, 11857233|7457, 11857285|7681, 11857493|7921, 11858013|9836, colosseum+rome, 
11858524|2417, 11859853|2544, 11859905|2649, 11861675|2878, 11862324|3104, 11863934|3384, 11865258|3541, 11865518|4020, 11868461|4433, 11870124|4575, 11870458|4655, 11871739|4804, 11872125|4906, 11872506|5008, 11873321|5160, 11874656|5598, 11874828|5783, 11876245|5894, 11877455|6003, 11885966|6230, 11886153|6342, 11886288|6447, 11886746|6547, 11887464|6657, 11888206|6759, 11888341|6847, 11888948|7095, 11889000|7273, 11890219|7446, 11890305|7562, 11890513|8134, 11890773|9754, 11891033|9940, eiffel+tower, 
11891093|2343, 11891544|2457, 11892855|2593, 11892907|2720, 11894760|2966, 11896882|3267, 11898187|3540, 11898447|3901, 11901819|4402, 11902804|4640, 11904508|4856, 11905785|5159, 11907712|5303, 11912573|5433, 11919263|5794, 11920313|5947, 11921107|6121, 11921662|6455, 11922017|6549, 11922906|6649, 11924161|6729, 11924213|6831, 11924452|6943, 11924972|9780, toronto+canada, 
11925661|3679, 11926809|3784, 11926861|3873, 11928569|4081, 11930849|4425, 11932033|4618, 11932119|4751, 11932379|5126, 11932739|5335, 11936554|5555, 11937213|5733, 11937577|5863, 11938252|6030, 11939166|6155, 11943101|6406, 11950503|6634, 11951183|6810, 11952496|6941, 11952548|7034, 11952976|7338, 11953583|7436, 11954254|7966, 11954809|8299, 11954861|8463, 11954921|8633, 11955320|8725, 11956803|8827, 11957094|9226, 11957614|11549, sydney+harbour, 
11957674|2330, 11957969|2423, 11958303|2515, 11959431|2596, 11959483|2712, 11961252|2846, 11961398|2966, 11964765|3346, 11964921|3561, 11965025|3723, 11965385|4231, 11969762|4493, 11970112|4731, 11971001|4872, 11971754|5000, 11972309|5130, 11972673|5336, 11974262|5575, 11976658|5738, 11985780|5940, 11987270|6134, 11987885|6490, 11988492|6595, 11988544|7025, 11988608|7204, 11989827|7290, 11989913|7388, 11990017|7730, 11990277|9817, 11990537|9996, colosseum+rome, 
11990597|2438, 11990892|2528, 11992374|2695, 11992426|2783, 11994343|3046, 11996459|3405, 11997759|3578, 11998455|4435, 12001039|4604, 12002800|4726, 12003441|4815, 12004007|5073, 12004635|5193, 12005638|5294, 12006609|5419, 12007944|5752, 12008064|5900, 12009814|6092, 12012627|6212, 12021051|6394, 12021710|6517, 12021897|6631, 12022520|6730, 12022572|6841, 12023879|7671, 12024087|8241, 12024347|9794, 12024607|9989, colosseum+rome, 
12024667|2319, 12024962|2403, 12025118|2497, 12026428|2596, 12026480|2691, 12028185|2878, 12028331|2986, 12028834|3184, 12030458|3360, 12031754|3499, 12032014|3757, 12032074|4132, 12032708|4278, 12035339|4405, 12035459|4669, 12037015|4821, 12038459|5005, 12039620|5305, 12041164|5451, 12042888|5581, 12049385|5762, 12054780|5918, 12057737|6103, 12057789|6197, 12058531|6297, 12059086|6727, 12059150|6828, 12059757|6930, 12060164|7417, 12060498|7530, 12061754|7611, 12061993|7803, 12062513|9947, pyramids+of+giza, 
12062573|2331, 12063024|2418, 12064352|2554, 12064404|2662, 12066166|2789, 12066659|3008, 12068436|3225, 12069747|3487, 12070195|4184, 12073333|4409, 12073419|4517, 12073974|4641, 12075269|5207, 12075824|5323, 12075944|5442, 12076970|5578, 12078480|5695, 12085594|5882, 12089904|6068, 12090511|6196, 12091253|6503, 12091808|6773, 12093670|7210, 12093774|7400, 12093826|7527, 12094346|9929, acropolis+of+athens, 
12094406|2273, 12094701|2357, 12094857|2462, 12096164|2575, 12096216|2665, 12097988|2816, 12098134|2939, 12100016|3310, 12101535|3440, 12101639|3694, 12101691|3814, 12101795|3959, 12103810|4416, 12106010|4620, 12106070|4724, 12107249|4836, 12107630|4943, 12107838|5107, 12108393|5254, 12108757|5397, 12109312|5530, 12110346|5664, 12111609|5793, 12115439|5938, 12120231|6072, 12121191|6234, 12122068|6343, 12122172|6461, 12122600|6673, 12123207|6771, 12123643|7293, 12124250|7387, 12125471|7498, 12125557|7591, 12125609|7714, 12125777|8162, 12126037|9762, 12126297|9922, eiffel+tower, 
12126357|2530, 12126652|2630, 12126986|2711, 12128530|2819, 12129897|2948, 12132064|3245, 12132162|3486, 12133448|3649, 12133552|3803, 12133708|3978, 12135293|4317, 12135379|4447, 12135431|4575, 12136994|4714, 12137388|4807, 12138389|4934, 12139156|5043, 12139711|5149, 12140451|5398, 12142058|5537, 12142110|5643, 12142832|5732, 12144107|5855, 12145949|5968, 12153472|6234, 12153607|6381, 12154401|6487, 12154956|6884, 12155008|7188, 12156309|7476, 12156581|8150, 12157101|9908, eiffel+tower, 
12157161|2299, 12157213|2390, 12157790|2532, 12158939|2641, 12158991|2760, 12160784|2898, 12161347|3060, 12164167|3393, 12164253|3530, 12164513|3816, 12167773|4262, 12167859|4420, 12168445|4559, 12169667|4728, 12171474|5012, 12172292|5121, 12180128|5412, 12184172|5556, 12187649|5735, 12187701|5853, 12188443|5968, 12188998|6357, 12189553|6654, 12190108|6964, 12190671|7269, 12192102|7375, 12192341|7669, 12192601|9838, 12192861|10034, taipei+101, 
12192921|2316, 12193372|2425, 12194694|2536, 12194746|2638, 12196660|2926, 12197393|3202, 12200100|3473, 12200186|3595, 12200446|3803, 12202947|4463, 12204321|4628, 12205226|4762, 12206497|4924, 12207069|5107, 12207744|5377, 12209109|5474, 12209915|5585, 12214114|5723, 12222732|5892, 12226064|6056, 12226303|6172, 12226918|6487, 12227525|6589, 12227641|7101, 12227766|7434, 12228217|7552, 12229650|7637, 12229889|7839, 12230409|9788, pyramids+of+giza, 
12230469|2416, 12230764|2519, 12232246|2692, 12232298|2787, 12234003|2946, 12234652|3211, 12236271|3469, 12237588|3620, 12237908|4324, 12239097|4488, 12241368|4619, 12241996|4770, 12243329|4918, 12243663|5092, 12245053|5231, 12245660|5399, 12245780|5547, 12247301|5676, 12248904|5781, 12253997|5926, 12261784|6128, 12263718|6275, 12264512|6383, 12265067|6708, 12265119|7038, 12265474|7612, 12265808|7704, 12267063|7780, 12267250|8005, 12267302|8103, 12267562|9866, 12267822|9988, pyramids+of+giza, 
12267882|2371, 12268333|2495, 12269639|2616, 12269691|2749, 12271483|2884, 12271595|2974, 12272046|3177, 12274846|3412, 12274932|3560, 12275192|3936, 12278390|4522, 12279695|4793, 12279938|4973, 12281600|5099, 12291524|5407, 12296405|5596, 12299681|5754, 12299951|5886, 12300745|6009, 12301352|6105, 12301907|6402, 12302313|6522, 12302647|6627, 12303023|6719, 12303630|6865, 12304244|6978, 12304651|7098, 12304985|7190, 12306238|7267, 12306425|7361, 12306477|7441, 12306737|9680, 12306997|9801, pyongyang, 
12307508|2441, 12308830|2565, 12308882|2693, 12310651|2953, 12311300|3247, 12314169|3608, 12314429|3796, 12314559|4246, 12317809|4430, 12318364|4536, 12318870|4759, 12320253|4869, 12321874|5167, 12324451|5376, 12329885|5576, 12333378|5721, 12335056|5851, 12335108|5946, 12335914|6349, 12336320|6656, 12336654|6755, 12337038|6846, 12337832|6963, 12337944|7354, 12338239|7447, 12339826|7547, 12340013|7835, 12340065|7937, 12340585|9839, burj+khalifa, 
12340645|2375, 12340940|2458, 12342425|2576, 12342477|2771, 12344445|3059, 12346414|3304, 12346513|3438, 12347817|3618, 12347921|3735, 12348077|3912, 12348437|4474, 12350795|4615, 12351350|4695, 12351700|4805, 12352589|4904, 12353297|5015, 12354223|5174, 12356561|5321, 12359252|5487, 12361584|5594, 12369887|5776, 12376214|6101, 12376970|6298, 12377598|6465, 12377974|6637, 12378768|6734, 12379375|7040, 12379930|7173, 12381146|7421, 12381787|7519, 12381891|7691, 12382446|7776, 12382510|8405, 12383030|9977, mirabell+gardens, 
12383095|2355, 12383450|2444, 12383606|2569, 12384917|2664, 12384969|2774, 12386676|2892, 12387325|3136, 12390115|3387, 12390201|3504, 12390305|3645, 12390357|3801, 12390427|4038, 12391225|4261, 12391780|4393, 12393962|4536, 12394577|4626, 12395201|4832, 12396709|4996, 12397335|5188, 12398369|5347, 12400495|5486, 12406641|5625, 12412265|5828, 12412850|5956, 12413464|6062, 12413651|6147, 12414213|6249, 12414820|6364, 12414872|6800, 12415227|7378, 12415561|7492, 12416813|7588, 12417052|7858, 12417312|9756, 12417572|9877, taipei+101, 
12417632|2345, 12418083|2533, 12419394|2637, 12419446|2768, 12421298|2986, 12423319|3249, 12423426|3402, 12424708|3655, 12424968|3839, 12427373|4691, 12427589|4803, 12428768|5032, 12430767|5208, 12430898|5450, 12432122|5565, 12434114|5678, 12445746|5992, 12449571|6173, 12450791|6293, 12451346|6396, 12451965|7008, 12452520|7297, 12452580|7481, 12453261|7606, 12454518|7704, 12454757|7900, 12455277|9866, pyramids+of+giza, 
12455632|2377, 12455966|2474, 12457134|2578, 12457272|2727, 12459128|2883, 12459292|3012, 12461305|3347, 12462601|3532, 12462861|3936, 12462921|4317, 12466037|4553, 12466875|4793, 12467487|4939, 12470321|5230, 12470452|5372, 12471825|5479, 12473066|5582, 12478634|5748, 12482517|5902, 12482891|6072, 12483498|6175, 12484053|6453, 12484608|6737, 12485163|7105, 12486433|7365, 12486519|7494, 12486623|7649, 12487143|9910, petronas+towers, 
12487203|2306, 12487498|2396, 12487832|2536, 12488983|2621, 12489035|2733, 12490744|2844, 12490890|2952, 12491393|3128, 12493017|3406, 12494245|3539, 12494349|3679, 12494505|3875, 12496062|4210, 12496200|4427, 12497733|4576, 12497889|4663, 12498972|4773, 12499861|4890, 12500509|4976, 12501740|5174, 12503767|5373, 12504608|5481, 12506079|5588, 12509204|5730, 12513814|5962, 12517592|6148, 12520139|6291, 12523377|6474, 12524223|6612, 12524275|6900, 12525492|7311, 12525578|7405, 12525694|7885, 12526214|9872, mirabell+gardens, 
12526326|2646, 12526725|2759, 12528031|2857, 12528083|2947, 12529852|3191, 12532156|3515, 12533368|3706, 12533454|3822, 12533842|4358, 12536280|4692, 12538055|4823, 12538141|4945, 12539046|5093, 12540576|5265, 12540888|5401, 12541916|5502, 12542838|5643, 12545873|5780, 12551841|5937, 12556816|6086, 12557250|6226, 12557752|6336, 12558313|6436, 12559107|6633, 12559535|6921, 12560142|7036, 12560194|7585, 12560705|7726, 12562136|7892, 12562323|8149, 12562375|8235, 12562895|10084, taipei+101, 
12562955|2343, 12563250|2424, 12563584|2562, 12564710|2662, 12566532|2851, 12567181|3082, 12568699|3287, 12570105|3596, 12570365|3856, 12570495|4274, 12571129|4425, 12574240|4586, 12574590|4785, 12575867|4890, 12576543|5006, 12577358|5210, 12580351|5354, 12581231|5456, 12586245|5611, 12595245|5870, 12596713|6064, 12598258|6251, 12598991|6474, 12599816|6719, 12600252|7098, 12600911|7238, 12602128|7399, 12602214|7488, 12602318|7653, 12602578|9782, 12602838|9906, mirabell+gardens, 
12602898|2352, 12603297|2425, 12603579|2543, 12604758|2644, 12604810|2770, 12606580|2876, 12607229|3175, 12608849|3350, 12610133|3542, 12610237|3719, 12610453|4052, 12610753|4176, 12613690|4420, 12614245|4682, 12614800|4786, 12615719|5113, 12616865|5420, 12618553|5558, 12625125|5724, 12629372|5917, 12630166|6244, 12630721|6555, 12631097|6687, 12631585|6800, 12631637|6974, 12632941|7194, 12633045|7564, 12633565|9868, acropolis+of+athens, 
12633625|2388, 12633920|2578, 12634254|2693, 12635455|2807, 12637372|3030, 12637875|3298, 12639488|3437, 12640729|3576, 12642262|4465, 12644310|4573, 12644951|4717, 12645301|4831, 12646450|5023, 12647698|5192, 12648732|5328, 12650702|5464, 12656276|5614, 12663071|5787, 12663851|5908, 12664561|6038, 12665251|6188, 12665355|6283, 12665962|6740, 12666517|7032, 12667080|7593, 12668513|7754, 12668752|7947, 12669272|9863, taipei+101, 
12669332|2375, 12669783|2508, 12671094|2592, 12671146|2686, 12672852|2812, 12672998|2922, 12675127|3205, 12676268|3423, 12676354|3553, 12676690|4027, 12678658|4351, 12679737|4496, 12680854|4634, 12681495|4765, 12681555|4889, 12682291|5068, 12683331|5191, 12685168|5427, 12685890|5567, 12687165|5682, 12688637|5789, 12698534|6006, 12701360|6177, 12703818|6321, 12703953|6534, 12704560|6634, 12704996|6913, 12705048|7043, 12705403|7611, 12705737|7702, 12706993|7785, 12707045|7940, 12707232|8035, 12707492|9819, 12707752|9989, pyramids+of+giza, 
12707812|2312, 12708107|2402, 12708441|2553, 12709571|2651, 12711329|2833, 12711770|3010, 12713599|3331, 12714855|3503, 12714907|3844, 12715115|4021, 12715809|4292, 12718494|4462, 12719928|4974, 12720059|5252, 12721344|5404, 12724542|5567, 12731551|5750, 12735863|5899, 12736133|6030, 12736875|6167, 12737430|6501, 12737785|6674, 12738496|6761, 12739930|6836, 12740117|7003, 12740575|7091, 12740909|7167, 12741285|7251, 12741524|7371, 12742044|9795, toronto+canada, 
12742104|2397, 12742399|2478, 12742555|2568, 12743860|2687, 12743912|2800, 12746123|3068, 12747935|3448, 12749145|3582, 12749231|3700, 12749387|4044, 12749491|4314, 12752047|4540, 12752866|4686, 12753216|4799, 12754365|4966, 12755058|5123, 12756647|5304, 12758218|5502, 12769235|5756, 12771915|5971, 12772470|6130, 12772876|6234, 12773210|6328, 12773594|6435, 12774388|6543, 12774995|6961, 12775550|7376, 12776061|7545, 12777541|7705, 12777728|7800, 12777780|7890, 12778300|9880, taipei+101, 
12778655|7755, 12778811|7842, 12778989|7946, 12780175|8086, 12781885|8220, 12782326|8382, 12784149|8681, 12785440|8829, 12785596|9158, 12785700|9477, 12788902|9744, 12790305|9994, 12791735|10216, 12793348|10399, 12794576|10532, 12797180|10658, 12804559|10864, 12810687|11004, 12812392|11137, 12813217|11253, 12813772|11369, 12814327|11703, 12814439|12010, 12815067|12132, 12815578|12255, 12815682|12423, 12816037|12614, 12816371|12700, 12817629|12788, 12817868|13057, 12818128|15085, 12818388|15242, mt.+everest, 
12818448|2252, 12818743|2356, 12819077|2500, 12820205|2586, 12820257|2718, 12822466|3009, 12825453|3266, 12825539|3379, 12825643|3580, 12825799|3813, 12825859|4072, 12828845|4261, 12829343|4417, 12829677|4498, 12830738|4646, 12832579|4869, 12832839|5027, 12833717|5150, 12835482|5296, 12838446|5431, 12844461|5710, 12845338|5834, 12845390|5922, 12845945|6252, 12846500|6349, 12847055|6647, 12848893|7139, 12848979|7232, 12849135|7575, 12849395|9777, 12849655|9911, petronas+towers, 
12849715|2363, 12850010|2462, 12850344|2600, 12851497|2691, 12851549|2777, 12853255|2896, 12853453|3019, 12853904|3247, 12855527|3444, 12856751|3695, 12857011|3876, 12857071|4288, 12857699|4487, 12860504|4632, 12860966|4776, 12861934|4908, 12862877|5003, 12864004|5232, 12866571|5445, 12868447|5549, 12870138|5653, 12876192|5837, 12882259|6035, 12885493|6252, 12886339|6380, 12886958|6911, 12887513|7291, 12888730|7494, 12888868|7610, 12888972|7776, 12889492|9809, mirabell+gardens, 
12889552|2333, 12890003|2477, 12891308|2588, 12891360|2684, 12893216|2951, 12896625|3306, 12896711|3473, 12896995|3977, 12899050|4393, 12901250|4661, 12902251|4786, 12902719|4986, 12905179|5163, 12907545|5293, 12915794|5535, 12921192|5728, 12924652|5920, 12925338|6063, 12925893|6173, 12926508|6481, 12927115|6584, 12927722|6692, 12928277|7054, 12928337|7244, 12929018|7367, 12930273|7447, 12930512|7736, 12931032|9877, mt.+everest, 
12931092|2328, 12931543|2545, 12931721|2657, 12932905|2744, 12934613|2882, 12935054|3087, 12936881|3390, 12938162|3658, 12938318|3804, 12938422|4052, 12938880|4263, 12941484|4489, 12941896|4604, 12943045|4781, 12943600|4911, 12944530|5062, 12946625|5224, 12955741|5467, 12956872|5587, 12958536|5741, 12959652|5853, 12960271|6395, 12960878|6653, 12960930|6994, 12960990|7094, 12961389|7161, 12962876|7241, 12963063|7395, 12963115|7505, 12963235|8647, 12963681|8744, 12963859|8838, 12965202|8928, 12965722|9842, toronto+canada, 
12965782|2356, 12966233|2505, 12967562|2619, 12967614|2831, 12969384|2924, 12969825|3046, 12972804|3411, 12972890|3634, 12973162|3999, 12973222|4297, 12973522|4425, 12976416|4586, 12976528|4873, 12977156|5011, 12978451|5203, 12979178|5381, 12980152|5518, 12982881|5657, 12990003|5822, 13000126|6033, 13001138|6196, 13001302|6300, 13001804|6443, 13002365|6542, 13003055|6630, 13003159|6715, 13003587|7097, 13003639|7222, 13003899|9797, 13004159|9929, cape+town, 
13004219|2381, 13004514|2469, 13004670|2584, 13006003|2683, 13006055|2790, 13007847|2981, 13008358|3200, 13010024|3412, 13011305|3596, 13011565|3880, 13011925|4220, 13014857|4426, 13015412|4613, 13016377|4752, 13018124|5007, 13020350|5189, 13021993|5308, 13030344|5556, 13036180|5754, 13037584|5852, 13037979|5960, 13038282|6051, 13038636|6147, 13039354|6253, 13040096|6375, 13040148|6480, 13040819|6987, 13040879|7187, 13041937|7291, 13043370|7386, 13043661|7633, 13044181|9969, mt.+everest, 
13044536|2294, 13044692|2379, 13046020|2485, 13046072|2578, 13047843|2836, 13048440|3030, 13051382|3337, 13051538|3586, 13051642|3861, 13054382|4218, 13055010|4361, 13055847|4500, 13056662|4754, 13056782|5037, 13058051|5145, 13060253|5275, 13066842|5435, 13069800|5569, 13072504|5713, 13073202|5845, 13073861|5987, 13074971|6125, 13075526|6280, 13075586|6474, 13076592|6572, 13078024|6663, 13078315|6895, 13078575|9667, 13078835|9779, toronto+canada, 
13078895|2438, 13079190|2549, 13080864|2642, 13081130|2750, 13082934|2958, 13084801|3348, 13086084|3509, 13086448|3832, 13086508|4110, 13089169|4316, 13089545|4429, 13090069|4573, 13091820|4801, 13093796|5056, 13095282|5201, 13107189|5490, 13110609|5674, 13113022|5808, 13113868|5922, 13114527|6028, 13115082|6364, 13115637|6682, 13115689|7019, 13116044|7310, 13116378|7390, 13117629|7487, 13117816|7692, 13117868|7786, 13118388|9823, mt.+everest, 
13118743|2356, 13118899|2458, 13120230|2627, 13120282|2756, 13121988|2887, 13122637|3095, 13125433|3402, 13125519|3540, 13125855|4000, 13126215|4233, 13127104|4387, 13129818|4516, 13130433|4743, 13131437|4915, 13132779|5070, 13132935|5222, 13134104|5398, 13134536|5522, 13135387|5655, 13137650|5775, 13146329|6000, 13146464|6173, 13147310|6305, 13147374|6809, 13148592|7364, 13148678|7460, 13148782|7820, 13149042|10227, 13149302|10364, petronas+towers, 
13149362|2392, 13149657|2479, 13149991|2598, 13151168|2705, 13153017|2944, 13153424|3051, 13156510|3495, 13156666|3789, 13156822|3951, 13159292|4393, 13161132|4592, 13162179|5185, 13162953|5293, 13164889|5473, 13170954|5631, 13175097|5807, 13175149|5954, 13175754|6353, 13176088|6459, 13176464|6545, 13177035|6651, 13177642|6753, 13178668|7276, 13179379|7350, 13180814|7433, 13180866|7542, 13181157|7933, 13181677|9854, sydney+harbour, 
13181802|2444, 13182097|2524, 13182253|2621, 13183557|2700, 13183609|2814, 13185381|2958, 13186030|3199, 13187693|3453, 13188934|3596, 13189246|3964, 13189606|4350, 13192501|4565, 13193420|4820, 13194924|5124, 13198918|5325, 13205358|5527, 13207525|5690, 13207712|5809, 13207899|5905, 13208506|6004, 13209125|6508, 13209561|6828, 13210168|6932, 13210220|7288, 13210280|7598, 13210731|7681, 13210909|7758, 13212165|7847, 13212520|8439, 13213040|9927, sydney+harbour, 
13213100|2330, 13213551|2435, 13214881|2551, 13214933|2635, 13216727|2874, 13217082|2989, 13218909|3267, 13220162|3584, 13220446|4172, 13222175|4472, 13224156|4670, 13224711|4774, 13224971|4955, 13225711|5162, 13227372|5296, 13228265|5413, 13230818|5548, 13238407|5730, 13239486|5851, 13241555|6017, 13242266|6128, 13242378|6400, 13243006|6535, 13243382|6645, 13244531|6747, 13246123|6854, 13246782|7028, 13247472|7265, 13247607|7349, 13247659|7595, 13248179|9839, toronto+canada, 
13248239|2372, 13248534|2472, 13248868|2613, 13249994|2700, 13250046|2832, 13251952|3052, 13254063|3348, 13255346|3503, 13255502|3740, 13255606|3891, 13255666|4152, 13258041|4358, 13258801|4553, 13259990|4736, 13260198|4929, 13260925|5065, 13262507|5190, 13264729|5293, 13273074|5545, 13276723|5830, 13277517|6090, 13278132|6518, 13278583|6606, 13279316|6688, 13280571|6764, 13280862|6937, 13281330|9827, 13281382|9971, toronto+canada, 
13281442|2354, 13281893|2471, 13283218|2599, 13283270|2690, 13285481|2990, 13287302|3280, 13288579|3513, 13288851|4216, 13288911|4423, 13291649|4568, 13292204|4692, 13292568|4832, 13293130|5034, 13294414|5125, 13296754|5256, 13302752|5443, 13306610|5669, 13307352|5800, 13307404|5897, 13308210|6273, 13308637|6598, 13309244|6720, 13309851|6821, 13310406|6966, 13310458|7218, 13310813|7315, 13311147|7402, 13312400|7485, 13312587|7818, 13312691|7898, 13313211|9770, sydney+harbour, 
13313271|2393, 13313722|2480, 13315028|2604, 13315080|2711, 13316876|2976, 13319110|3369, 13320394|3569, 13320498|3698, 13320550|3801, 13320706|3975, 13320766|4167, 13321222|4294, 13324033|4464, 13324952|4737, 13325734|5011, 13326909|5152, 13336004|5487, 13338311|5656, 13339105|5764, 13339899|6180, 13340454|6267, 13341009|6368, 13341061|6484, 13341416|7595, 13341572|7683, 13343004|7762, 13343359|8463, 13343879|9838, sydney+harbour, 
13343939|2308, 13344390|2520, 13345716|2622, 13345768|2714, 13347624|2933, 13348135|3062, 13349800|3416, 13351040|3597, 13351300|3767, 13353018|4272, 13355492|4482, 13355578|4627, 13356497|4800, 13356617|5051, 13357781|5179, 13363305|5491, 13369221|5678, 13370358|5801, 13370410|5902, 13370965|6288, 13371341|6600, 13372000|6724, 13372607|7235, 13373222|7611, 13373673|7694, 13375104|7776, 13375156|7971, 13375447|8138, 13375759|9759, 13375967|9869, sydney+harbour, 
