||class android.net.TrafficStats:public static long android.net.TrafficStats.getTotalRxBytes()
142604069|1, 142607659|2230, 142607995|2391, 142608629|2494, 142608793|2802, 142614287|3141, 142614391|3276, 142619929|3554, 142623067|4142, 142623455|4237, 142624222|4532, 142624274|4628, 142625041|4894, 142625093|4977, 142625860|5151, 142625912|5241, 142626731|5515, 142627498|5599, 142630737|5693, 142631073|5792, 142631870|5883, 142632667|5977, 142632719|6142, 142633486|6424, 142633538|6514, 142634305|6787, 142634357|6878, 142646007|6971, 142648704|7215, 142648860|7612, 142652594|7861, 142667214|8147, 142692214|8316, 142692386|8493, 142699682|8674, 143039374|8973, 143188379|9267, 143188547|9497, 143188715|9631, 143188767|10182, 143188975|10309, empire+state+building, 
143192565|2410, 143192901|2531, 143193587|2625, 143193803|2949, 143199248|3212, 143199352|3441, 143199404|3551, 143208249|4172, 143211599|4448, 143213185|4607, 143213289|4766, 143229535|5302, 143230302|5528, 143234315|5631, 143238334|5745, 143453886|5938, 143784025|6115, 144105417|6327, 144105585|6441, 144107339|6874, 144108106|7118, 144108158|7209, 144108963|7304, 144113290|7414, 144113678|7531, 144114833|7717, 144115093|9898, the+great+wall+of+china, 
144115153|2444, 144118683|2564, 144119071|2669, 144123349|2997, 144125468|3402, 144129086|3598, 144134635|3732, 144134695|4232, 144138141|4447, 144138193|4560, 144138960|4695, 144139012|4793, 144155910|5068, 144156781|5299, 144157073|5409, 144165360|5566, 144275407|5734, 144489264|5884, 144674520|6084, 144675339|6220, 144675391|6317, 144676378|6524, 144677145|6936, 144677964|7085, 144678783|7340, 144678835|7441, 144679820|7520, 144679960|8041, 144680220|9900, acropolis+of+athens, 
144680280|2404, 144683811|2505, 144684147|2604, 144684781|2708, 144684833|3018, 144690387|3353, 144690439|3511, 144690543|3643, 144700016|4242, 144704216|4487, 144704320|4624, 144712060|4868, 144725413|5099, 144742244|5386, 144746920|5543, 144751319|5675, 144997306|5829, 145184715|5964, 145184935|6070, 145185702|6269, 145186689|6371, 145187456|6476, 145188253|6560, 145191884|7555, 145192220|7639, 145192272|7732, 145193423|8083, 145193683|9847, petronas+towers, 
145197272|2442, 145197608|2566, 145198294|2734, 145198450|2981, 145204002|3320, 145204054|3444, 145204106|3560, 145213158|3834, 145216276|4233, 145217358|4430, 145218229|4658, 145218281|4790, 145219100|5033, 145236027|5305, 145236846|5430, 145237018|5567, 145368305|5919, 145683806|6152, 145753639|6265, 145754574|6368, 145754626|6466, 145756160|6881, 145756212|6986, 145756979|7267, 145757031|7368, 145757135|7451, 145757902|7532, 145758887|7647, 145759147|9865, acropolis+of+athens, 
145759259|2439, 145762736|2560, 145763072|2652, 145763758|2798, 145769076|3213, 145769464|3432, 145769568|3598, 145776349|3928, 145779519|4508, 145780549|4601, 145784230|4760, 145784530|4924, 145797198|5064, 145857490|5241, 146072867|5577, 146073906|5772, 146075492|6253, 146076237|6350, 146076289|6508, 146077056|6850, 146077875|6957, 146078672|7146, 146078724|7445, 146078776|7545, 146079762|7737, 146080022|9944, wencelas+square+prague, 
146080082|2354, 146083613|2438, 146084583|2627, 146084695|2960, 146089852|3223, 146090344|3471, 146097110|3763, 146097274|4330, 146101310|4512, 146101414|4670, 146105042|4773, 146105094|4921, 146110147|5098, 146186497|5260, 146288686|5493, 146390146|5747, 146393829|5884, 146394846|6057, 146395665|6288, 146396432|6611, 146397251|6717, 146398018|6934, 146398070|7036, 146398837|7287, 146398889|7453, 146399708|7573, 146399760|7695, 146400746|7866, 146401006|9901, 146401086|11047, wencelas+square+prague, 
146401146|2373, 146404677|2463, 146405013|2595, 146405699|2703, 146411022|3083, 146411462|3297, 146411566|3459, 146421040|3747, 146421144|4171, 146424852|4329, 146425292|4474, 146425344|4582, 146425404|4724, 146445304|4920, 146462454|5181, 146470688|5449, 146475432|5571, 146660352|5710, 146904063|5894, 146904231|6009, 146905062|6099, 146905282|6202, 146906049|6409, 146906846|6530, 146907665|6639, 146907717|6736, 146908484|7120, 146908536|7258, 146909355|7402, 146909459|7492, 146911209|7689, 146911261|7780, 146912028|8035, 146912080|8114, 146912825|8229, 146913085|10000, petronas+towers, 
146913197|2428, 146916675|2537, 146917011|2619, 146917697|2731, 146923022|3118, 146923410|3360, 146923514|3509, 146932883|3951, 146932943|4144, 146936233|4296, 146937104|4425, 146938027|4567, 146938103|4686, 146942656|4812, 146953921|4969, 146969027|5114, 146981329|5633, 147035384|5830, 147157376|5953, 147251176|6079, 147306116|6173, 147400065|6292, 147510018|6481, 147523818|6587, 147523930|7407, 147527745|7491, 147527797|7572, 147534866|8155, 147534942|9282, 147535002|9369, 147538400|9478, 147539541|9671, 147539801|9901, big+ben, 
147539861|2362, 147543391|2451, 147543727|2591, 147544413|2681, 147544569|2943, 147549738|3129, 147550126|3387, 147550230|3529, 147557850|3867, 147560968|4478, 147566648|4671, 147567591|4973, 147575956|5136, 147746318|5381, 147926981|5617, 148031553|5764, 148152153|5880, 148245006|6013, 148245150|6107, 148246137|6210, 148246904|6314, 148247731|6447, 148251246|6578, 148252043|6701, 148252263|6825, 148253030|7020, 148253827|7117, 148253939|7216, 148257469|7301, 148257805|7385, 148258676|7466, 148259657|7550, 148261359|8000, 148261567|9926, 148261619|10033, singapore, 
148261679|2418, 148265210|2506, 148265546|2613, 148265598|2706, 148266232|2850, 148266388|2984, 148271554|3282, 148272046|3577, 148283869|4144, 148286883|4523, 148287219|4641, 148287986|4753, 148294245|4939, 148295348|5032, 148297741|5150, 148299436|5369, 148300307|5723, 148301230|5811, 148392679|5930, 148442835|6141, 148446066|6268, 148459042|6352, 148466597|6451, 148467394|6549, 148467446|6629, 148468191|6740, 148468451|9762, big+ben, 
148468511|7391, 148472042|7534, 148473140|7674, 148477163|7860, 148478776|8174, 148480060|8345, 148485596|8509, 148485700|9136, 148486498|9296, 148492369|9432, 148492705|9543, 148500662|9691, 148642934|10139, 148781878|10305, 148781930|10439, 148782865|10588, 148783085|10778, 148783852|11035, 148784671|11151, 148784723|11236, 148785490|11630, 148785542|11730, 148786309|11972, 148787128|12139, 148787232|12229, 148788218|12445, 148788478|14738, wencelas+square+prague, 
148788538|2435, 148792067|2551, 148792403|2647, 148793089|2771, 148793245|2935, 148798414|3152, 148798854|3370, 148798958|3479, 148802165|3989, 148807704|4489, 148811896|4734, 148819074|5065, 148831068|5289, 148939448|5449, 149087184|5588, 149206399|5725, 149394796|5906, 149527590|6068, 149528693|6171, 149529512|6270, 149529564|6378, 149530331|6600, 149530383|6711, 149531150|6925, 149531202|7035, 149532029|7235, 149535611|7331, 149535947|7413, 149536766|7493, 149537801|7573, 149538736|7704, 149538996|9894, pyongyang, 
149539056|2387, 149542586|2486, 149543556|2726, 149543608|2991, 149548828|3291, 149549372|3516, 149554916|3650, 149557168|4258, 149560407|4455, 149560743|4573, 149561756|4699, 149564710|4807, 149568909|5006, 149575545|5138, 149590760|5277, 149591879|5445, 149599338|5579, 149638524|5709, 149742807|5833, 149847379|5952, 150121970|6140, 150175923|6304, 150176918|6407, 150180097|6510, 150180433|6610, 150181230|6711, 150181450|6810, 150182217|7098, 150183014|7252, 150186604|7686, 150186940|7794, 150186992|7882, 150188229|8054, 150188397|8153, 150188657|9876, taipei+101, 
150191449|2529, 150192247|2619, 150192583|2710, 150193269|2825, 150193425|2949, 150198593|3179, 150199085|3455, 150206714|3740, 150206818|4335, 150210570|4596, 150210958|4742, 150217328|4877, 150223393|5260, 150229541|5376, 150568435|5625, 150754518|5799, 150921988|5924, 150922156|6026, 150923143|6147, 150923910|6252, 150923962|6346, 150924729|6482, 150924781|6601, 150925653|6874, 150925773|6950, 150932481|7036, 150933153|7111, 150933257|7186, 150935321|7273, 150936140|7368, 150936192|7447, 150936959|7884, 150937778|7963, 150938545|8212, 150938805|9814, pyongyang, 
150938865|2601, 150942395|2717, 150942783|2868, 150943469|2972, 150948792|3233, 150949180|3561, 150949232|3689, 150949284|3821, 150961101|4291, 150961337|4483, 150964575|4609, 150964627|4720, 150965498|4869, 150965602|4993, 150971715|5677, 151022673|5827, 151236478|5996, 151238825|6132, 151238877|6231, 151239644|6737, 151239696|6813, 151240463|6887, 151240515|6977, 151241282|7235, 151242079|7325, 151242287|9756, big+ben, 
151242347|2511, 151245877|2651, 151246899|2816, 151247055|2961, 151252221|3141, 151252713|3493, 151261031|3747, 151264325|4398, 151264713|4540, 151264849|4657, 151269291|4771, 151294890|4870, 151295709|5162, 151298613|5275, 151304056|5427, 151365525|5627, 151523981|5859, 151638678|6045, 151707070|6136, 151780152|6241, 151806464|6332, 151849628|6445, 151850563|6713, 151850615|6817, 151852209|7263, 151856558|7365, 151856998|7446, 151857765|7681, 151857817|7757, 151864721|7931, 151866255|8518, 151866475|8636, 151867242|8840, 151867502|9969, big+ben, 
151867614|2320, 151871428|2477, 151872062|2606, 151875756|3005, 151877721|3274, 151877825|3478, 151887203|3861, 151887263|4294, 151890657|4441, 151890761|4522, 151890837|4655, 151896158|4836, 151896554|4944, 151918148|5108, 151935136|5310, 151943424|5627, 151958836|5742, 152135195|5921, 152334855|6079, 152421686|6184, 152459227|6300, 152460012|6416, 152460831|6548, 152460935|7310, 152465330|7922, 152465857|8032, 152466117|11021, colosseum+rome, 
152466282|2401, 152469812|2537, 152470148|2627, 152470834|2750, 152470938|2894, 152476155|3080, 152476543|3397, 152476647|3545, 152485491|4154, 152485759|4472, 152489743|4646, 152489795|4822, 152505995|5168, 152506882|5425, 152514283|5539, 152669536|5724, 153079964|5905, 153366079|6078, 153379058|6222, 153380820|6790, 153384335|6924, 153385300|7069, 153386067|7180, 153386119|7285, 153390506|7394, 153390842|7491, 153390894|7574, 153392187|7665, 153392815|7786, 153393075|9903, the+great+wall+of+china, 
153393135|2583, 153396665|2665, 153397053|2783, 153397807|2964, 153403398|3326, 153403502|3451, 153411118|3772, 153414132|4348, 153415503|4572, 153424312|4768, 153425161|4929, 153426216|5103, 153439468|5313, 153683449|5536, 153958218|5778, 154092803|5958, 154105271|6056, 154106154|6296, 154106258|6473, 154107077|6644, 154107137|6808, 154111433|6902, 154111769|6993, 154111821|7065, 154112805|7142, 154112973|7229, 154113233|9863, singapore, 
154113345|2362, 154117159|2475, 154117845|2597, 154117897|2875, 154121539|3027, 154123559|3357, 154123663|3529, 154131274|3889, 154134392|4432, 154135599|4653, 154141761|4815, 154150107|5137, 154231506|5308, 154494432|5576, 154711355|5808, 154822912|5953, 154824381|6083, 154825410|6200, 154825462|6296, 154826229|6723, 154827048|6847, 154827100|6961, 154831510|7259, 154832613|7372, 154832665|7452, 154833814|7528, 154834074|9843, singapore, 
154837663|2496, 154838059|2677, 154841693|2810, 154843349|2961, 154844994|3255, 154848938|3766, 154849042|4012, 154854645|4201, 154857935|4354, 154857987|4507, 154858754|4660, 154858962|4781, 154859945|5019, 154865486|5178, 154901670|5336, 154902549|5694, 154915211|5871, 154916680|5981, 155099739|6151, 155253891|6257, 155350214|6388, 155351347|6472, 155352166|6555, 155352270|6846, 155353174|7009, 155353434|9789, petronas+towers, 
155357024|2344, 155357360|2550, 155358046|2647, 155358202|2923, 155363708|3156, 155363760|3326, 155363864|3463, 155371483|3653, 155371543|4126, 155374937|4341, 155374989|4496, 155381099|4665, 155389386|4975, 155487507|5152, 155897269|5395, 156006562|5568, 156059829|5769, 156063404|5872, 156063740|5978, 156064757|6089, 156065576|6485, 156066343|6587, 156067192|6712, 156068019|7043, 156071548|7139, 156071884|7218, 156071936|7297, 156073087|7377, 156073347|9930, singapore, 
156073407|2487, 156076938|2592, 156077274|2684, 156077960|2822, 156083286|3313, 156083674|3476, 156083778|3629, 156093167|4178, 156096181|4452, 156096517|4565, 156096621|4685, 156097440|4823, 156104825|5042, 156124089|5202, 156140986|5664, 156141038|5791, 156142037|5926, 156150323|6022, 156174594|6160, 156379093|6366, 156575530|6535, 156626251|6644, 156667739|6777, 156667843|7639, 156672238|8218, 156672498|9920, colosseum+rome, 
156672610|2665, 156676089|2801, 156680778|2973, 156686645|3301, 156686749|3569, 156694505|3920, 156698979|4396, 156700625|4592, 156709068|4816, 156710171|4997, 156718465|5122, 156823271|5347, 157003716|5579, 157120672|5718, 157219259|5827, 157314609|5937, 157431189|6092, 157508679|6206, 157534172|6363, 157536635|6604, 157537574|7064, 157544232|7153, 157544904|7232, 157546734|7354, 157547070|7454, 157547122|9937, 157547330|10023, peking, 
157550920|2481, 157551256|2580, 157551942|2676, 157552098|3029, 157557260|3267, 157557648|3516, 157557752|3659, 157565509|4210, 157568627|4630, 157569289|5013, 157575561|5209, 157583848|5510, 157587774|5613, 157913157|5868, 158296745|6078, 158399214|6275, 158399434|6400, 158401080|6901, 158405376|6994, 158407164|7070, 158409339|7166, 158411285|7255, 158411505|7344, 158412272|7882, 158412532|9803, peking, 
158412592|2444, 158416121|2550, 158416457|2633, 158417143|2770, 158422465|3229, 158422905|3491, 158422957|3609, 158430654|3994, 158434333|4538, 158435242|4659, 158444535|4871, 158444587|5017, 158445526|5166, 158499730|5371, 158724448|5591, 158944330|5777, 159034840|5911, 159036594|6467, 159037361|6775, 159037413|6868, 159038180|7067, 159038300|7145, 159045008|7234, 159045680|7315, 159046529|7396, 159046749|7471, 159047636|7561, 159048623|7769, 159049442|7849, 159050187|7938, 159050447|9851, 159050499|10274, cape+town, 
159050559|2411, 159054089|2514, 159054425|2628, 159055111|2760, 159055215|3009, 159060817|3398, 159060921|3592, 159071463|3973, 159071567|4474, 159075559|4635, 159075715|4755, 159075775|4891, 159092488|5124, 159093255|5279, 159109260|5478, 159110027|5607, 159120851|5765, 159128559|5873, 159323656|5998, 159546277|6132, 159555359|6251, 159555527|6351, 159556450|6462, 159557217|6862, 159558036|6961, 159558855|7311, 159559778|7594, 159561530|7888, 159561686|9783, 159561790|9898, petronas+towers, 
159561850|2437, 159565379|2533, 159565715|2620, 159566349|2722, 159571623|3105, 159572115|3519, 159580430|3956, 159580542|4360, 159583780|4511, 159583936|4674, 159584755|4821, 159601071|5341, 159601890|5483, 159609357|5580, 159610856|5696, 159775381|5846, 160052524|5989, 160384444|6148, 160476835|6273, 160477748|6373, 160478661|6479, 160478713|6585, 160480247|7125, 160480307|7460, 160483837|7550, 160484173|7625, 160484225|7704, 160485210|7869, 160485378|7984, 160485638|9828, the+great+wall+of+china, 
160485698|2343, 160489227|2470, 160489563|2562, 160490249|2697, 160490353|2910, 160495905|3230, 160495957|3382, 160496009|3497, 160501548|3592, 160503621|3708, 160503785|4277, 160507821|4438, 160507873|4561, 160518040|4875, 160522046|5136, 160530645|5257, 160564062|5447, 160855444|5660, 160948966|5847, 160949901|5945, 160949953|6051, 160951443|6522, 160951495|6633, 160953081|6864, 160953900|6987, 160953960|7136, 160957491|7237, 160957827|7321, 160957879|7405, 160961171|7770, 160961339|7858, 160961599|9855, sydney+harbour, 
160965189|2433, 160965525|2547, 160966211|2642, 160971538|3269, 160971978|3427, 160972030|3562, 160979687|3968, 160983037|4328, 160983193|4448, 160983960|4632, 160989870|4751, 160998164|5152, 161010013|5398, 161205396|5606, 161323441|5731, 161404775|5860, 161405770|6155, 161408949|6237, 161409285|6351, 161410302|6484, 161411129|6798, 161414711|6878, 161415047|7029, 161415866|7119, 161416901|7207, 161417888|7686, 161418633|7805, 161418893|10012, pyeongchang, 
161418953|2308, 161422483|2430, 161422819|2534, 161423505|2651, 161423557|2899, 161429158|3277, 161429262|3464, 161439473|4018, 161442539|4346, 161444492|4610, 161445387|4831, 161449174|5032, 161474585|5204, 161476263|5427, 161483731|5532, 161484403|5639, 161685449|5845, 161879739|6041, 161957252|6147, 162055124|6256, 162152004|6397, 162152392|6505, 162153211|6810, 162153978|7155, 162157567|7620, 162157903|7786, 162157955|7864, 162158937|7950, 162159105|8046, 162159365|9910, pyramids+of+giza, 
162162955|2378, 162163291|2495, 162163925|2586, 162164037|2949, 162169193|3234, 162169685|3451, 162175219|3679, 162177884|4159, 162181226|4391, 162185336|4581, 162185776|4740, 162191865|4914, 162192752|5190, 162203742|5315, 162337789|5475, 162534821|5602, 162753933|5778, 162858320|5948, 162870956|6078, 162871951|6377, 162875130|6477, 162875518|6577, 162876483|6712, 162877250|6993, 162877302|7087, 162878069|7282, 162878181|7404, 162881660|7485, 162881996|7562, 162882048|7645, 162883032|7747, 162883200|7844, 162883460|9890, singapore, 
162883520|2473, 162887386|2612, 162888072|2723, 162888288|3005, 162893784|3336, 162893888|3510, 162903047|3762, 162906501|4523, 162907351|4684, 162908118|4794, 162908230|4930, 162928128|5120, 162940504|5306, 162941637|5439, 162949159|5540, 162949831|5649, 163224070|5842, 163506464|6012, 163539575|6149, 163614025|6360, 163615012|6458, 163615779|6559, 163615831|6659, 163616598|6977, 163616650|7089, 163617395|7212, 163617455|7765, 163620986|7843, 163621322|7939, 163621374|8029, 163622358|8133, 163622526|8247, 163622786|9960, pyramids+of+giza, 
163622846|2346, 163626375|2447, 163626711|2549, 163627345|2659, 163627397|2861, 163627509|3012, 163632956|3234, 163633112|3563, 163640737|3726, 163640789|4234, 163641587|4441, 163648009|4754, 163651299|4935, 163651527|5112, 163659814|5227, 163788163|5392, 164006070|5559, 164320845|5822, 164357007|5933, 164358086|6036, 164358138|6126, 164359732|6580, 164362911|6671, 164363247|6757, 164364108|6849, 164364388|6927, 164367918|7009, 164368254|7088, 164369125|7166, 164370873|7266, 164371860|7358, 164371912|7431, 164372657|7547, 164372917|9861, pyongyang, 
164372977|2403, 164376842|2546, 164376946|2729, 164377580|2879, 164377796|2985, 164382903|3208, 164383395|3524, 164388925|3879, 164391939|4347, 164392275|4431, 164393042|4534, 164393861|4626, 164394680|4756, 164394740|4831, 164397919|4919, 164398307|5010, 164399104|5099, 164399871|5362, 164399923|5454, 164400690|5724, 164401509|5815, 164401561|5906, 164403147|6402, 164403892|6521, 164417947|7710, 164418103|8236, 164418179|8352, 164421912|8531, 164461588|8799, 164461992|9214, 164469959|9492, 164689719|9705, 164931836|9960, 164958216|10163, 164958320|10297, 164958580|10729, empire+state+building, 
164958685|2371, 164958797|2460, 164962274|2567, 164962610|2658, 164963296|2775, 164963512|3044, 164968565|3306, 164969005|3465, 164969057|3575, 164974594|3908, 164977608|4220, 164977996|4321, 164978763|4499, 164978815|4586, 164980349|5124, 164981168|5220, 164981220|5303, 164982754|5749, 164983573|5848, 164983625|5947, 164985211|6434, 164986030|6533, 164986857|6622, 164990036|6710, 164990372|6811, 164991169|6905, 164991966|7008, 165006020|7639, 165006176|8227, 165009909|8561, 165049526|8820, 165056994|9294, 165117966|9559, 165545691|9877, 165546027|10207, 165546287|10639, empire+state+building, 
165546347|2377, 165549877|2467, 165550213|2600, 165550847|2694, 165550899|2943, 165556120|3221, 165556612|3365, 165563910|3983, 165567364|4399, 165568877|4544, 165571786|4653, 165572881|4824, 165628280|5010, 165722429|5242, 165834942|5449, 165857541|5583, 165858308|5766, 165859295|6050, 165859347|6197, 165860114|6390, 165860174|6511, 165863689|6613, 165864486|6717, 165864706|6814, 165865473|6945, 165865577|7443, 165866561|7630, 165866821|9903, wencelas+square+prague, 
165870410|2416, 165870746|2515, 165871432|2614, 165876755|3120, 165877143|3361, 165877247|3485, 165885519|3995, 165888993|4346, 165889097|4492, 165889916|4618, 165895421|4780, 165896188|4968, 165899651|5073, 165907291|5171, 165964661|5272, 166058115|5412, 166481604|5645, 166704600|5798, 166721998|5929, 166722765|6171, 166726508|6361, 166727305|6500, 166727585|6585, 166731115|6679, 166732218|6758, 166732322|6840, 166734122|6927, 166735824|7533, 166736084|9839, peking, 
166736144|2639, 166739675|2756, 166740115|2878, 166744355|3042, 166744511|3196, 166746460|3477, 166750442|3673, 166755982|4232, 166756086|4354, 166756728|4520, 166756892|4653, 166760182|4757, 166763967|4873, 166772343|4987, 166793449|5137, 166793525|5270, 166801422|5438, 166874298|5576, 166889137|5675, 167181309|5842, 167435815|5993, 167514050|6177, 167515519|6377, 167515571|6525, 167516558|6811, 167517377|7018, 167518196|7138, 167518941|7267, 167519045|7411, 167519864|7512, 167520847|7622, 167521107|10016, mirabell+gardens, 
167521167|2331, 167524697|2417, 167525033|2527, 167525719|2650, 167525875|2947, 167531532|3341, 167537076|3608, 167540590|3887, 167543829|4237, 167545178|4469, 167549162|4617, 167549214|4760, 167549981|4866, 167550033|5085, 167566907|5241, 167566959|5386, 167567958|5560, 167576244|5689, 167650668|5860, 168019605|6066, 168082812|6236, 168084566|6536, 168084670|7372, 168085655|7566, 168085915|9874, acropolis+of+athens, 
168086020|2330, 168086132|2407, 168089610|2516, 168090580|2624, 168090632|2961, 168096291|3417, 168096343|3540, 168101880|3749, 168105788|4011, 168105993|4345, 168110366|4576, 168111347|4724, 168118036|4838, 168128623|4950, 168128675|5076, 168145769|5289, 168146708|5571, 168154825|5689, 168219869|5808, 168369949|5971, 168528942|6122, 168570758|6237, 168571641|6331, 168571745|6433, 168572512|6643, 168575751|6748, 168576087|6861, 168577052|6970, 168577871|7131, 168578690|7495, 168578742|7607, 168583249|7969, 168583509|9881, eiffel+tower, 
168587098|2455, 168588120|2650, 168593438|3047, 168593878|3316, 168593930|3496, 168602248|3799, 168606521|4410, 168606649|4644, 168611203|4780, 168611539|4881, 168637560|5038, 168640799|5155, 168642104|5318, 168652812|5454, 169007130|5802, 169124706|5990, 169191473|6076, 169192460|6194, 169193227|6568, 169193972|6669, 169194791|6799, 169197583|7309, 169198382|7402, 169198770|7494, 169207151|8146, 169207411|9948, big+ben, 
169207523|2408, 169211002|2519, 169211338|2604, 169212024|2760, 169217349|3153, 169217737|3333, 169217841|3562, 169223382|3674, 169227287|3832, 169230301|4385, 169231560|4561, 169234851|4667, 169235187|4775, 169239771|4895, 169248966|5004, 169250841|5145, 169251608|5388, 169268730|5552, 169268782|5654, 169277016|5764, 169279080|5874, 169559959|6032, 169692781|6164, 169693884|6292, 169697123|6392, 169697459|6492, 169698476|6601, 169699221|6726, 169699325|7661, 169703832|7935, 169704092|9900, eiffel+tower, 
169704152|2377, 169707682|2500, 169708018|2587, 169708652|2674, 169708816|2980, 169713923|3262, 169714415|3501, 169714467|3616, 169722686|3987, 169722746|4291, 169726834|4502, 169727757|4634, 169730214|4893, 169736246|5075, 169737013|5215, 169744533|5310, 169745402|5431, 170002501|5640, 170219414|5841, 170330897|6164, 170331117|6285, 170331884|6493, 170331936|6587, 170335525|6777, 170336680|6866, 170337499|6946, 170339201|7045, 170339369|7141, 170339629|10009, cape+town, 
170339689|2542, 170343219|2681, 170344189|2817, 170344241|2940, 170349459|3171, 170349899|3485, 170349951|3614, 170357568|3740, 170357680|4326, 170360970|4511, 170361074|4823, 170367184|5122, 170367951|5232, 170378269|5350, 170457057|5514, 170947165|5805, 171049008|6013, 171049753|6112, 171049973|6224, 171051559|6708, 171052378|6803, 171053183|6905, 171056713|7008, 171057049|7101, 171058083|7177, 171058251|7263, 171058511|9914, singapore, 
171058571|2341, 171062101|2428, 171062437|2550, 171063123|2659, 171063279|2916, 171068443|3075, 171068831|3318, 171068883|3473, 171068935|3612, 171077250|3862, 171081450|4555, 171081502|4711, 171082321|4944, 171097790|5151, 171103911|5482, 171174919|5642, 171429334|5855, 171548594|5993, 171760681|6203, 171954140|6375, 171973892|6477, 171974857|6592, 171976495|7148, 171977374|7633, 171981648|7727, 171982036|7839, 171983190|8090, 171983266|8529, 171986724|8624, 171987060|8743, 171987865|8871, 171988125|9833, the+great+wall+of+china, 
171988185|2425, 171991715|2540, 171992051|2654, 171992737|2797, 171992841|2950, 171998397|3322, 171998501|3472, 172003784|3654, 172007629|3821, 172007785|4649, 172010799|4773, 172011375|4926, 172016100|5072, 172034231|5434, 172051182|5573, 172059417|5807, 172088281|5952, 172573298|6248, 172574065|6373, 172574285|6473, 172575052|6774, 172575104|6877, 172575871|7098, 172579110|7264, 172580243|7404, 172580515|7494, 172580567|7576, 172586489|8014, 172586541|8108, 172587360|8199, 172588105|8303, 172588365|9774, colosseum+rome, 
172591956|2429, 172592292|2554, 172592897|2672, 172592949|2896, 172598167|3160, 172598503|3340, 172598607|3507, 172598711|3631, 172606800|4274, 172610298|4540, 172611811|4706, 172612682|4883, 172620249|5412, 172620369|5616, 172632574|5774, 172732120|5901, 172962027|6078, 173202238|6262, 173213834|6458, 173214222|6552, 173214989|6735, 173215808|6822, 173219450|6901, 173220531|7012, 173220583|7080, 173221109|7153, 173221636|7240, 173221896|9998, cape+town, 
173221956|2407, 173225485|2508, 173225821|2598, 173226455|2698, 173226671|2998, 173232111|3376, 173232215|3501, 173237726|3902, 173240740|4378, 173241076|4468, 173241128|4548, 173241895|4737, 173241947|4835, 173242714|5104, 173242766|5187, 173243585|5460, 173244412|5548, 173247591|5633, 173247979|5726, 173248776|5825, 173250310|6404, 173251129|6499, 173251948|6590, 173252000|6683, 173252819|7048, 173253586|7308, 173267110|7466, 173267214|8023, 173267266|8101, 173267326|8224, 173271336|8461, 173310631|8647, 173318099|9138, 173806796|9776, 173807132|9979, 173807392|10597, empire+state+building, 
173807452|2365, 173810983|2482, 173811319|2579, 173812005|2698, 173812109|2985, 173817327|3259, 173817767|3472, 173817819|3565, 173827199|3929, 173830213|4265, 173830549|4403, 173830757|4544, 173831636|4683, 173835311|4832, 173854493|4953, 173858068|5207, 173875062|5334, 173883350|5750, 173922309|5896, 174326520|6105, 174398795|6262, 174398963|6358, 174399730|6544, 174399950|6636, 174401484|7114, 174401536|7283, 174402407|7510, 174406796|8058, 174407056|9877, colosseum+rome, 
174407116|2468, 174410646|2567, 174410982|2666, 174411668|2799, 174411772|2900, 174416989|3263, 174417481|3491, 174424247|3828, 174428007|4347, 174429214|4487, 174435645|4719, 174444201|4922, 174449313|5089, 174622029|5334, 174721716|5557, 174722733|5708, 174723500|5969, 174723552|6089, 174724319|6292, 174724371|6396, 174725138|6624, 174725935|6740, 174726039|7432, 174727022|7528, 174727282|9936, wencelas+square+prague, 
174730873|2378, 174731209|2472, 174731895|2557, 174732051|2917, 174737219|3158, 174737607|3326, 174737711|3540, 174745612|4139, 174748626|4452, 174749170|4573, 174749997|4801, 174753722|4931, 174767025|5120, 174809931|5345, 174840456|5518, 174897279|5669, 175104262|5886, 175201859|6045, 175202992|6176, 175203212|6331, 175204746|6776, 175204798|6876, 175205565|7109, 175205617|7224, 175206384|7406, 175207315|7502, 175211129|7624, 175211181|7704, 175212282|7888, 175212334|7978, 175212594|9865, burj+khalifa, 
175216184|2335, 175216520|2456, 175217154|2549, 175217206|2915, 175222864|3285, 175225082|3570, 175230616|3685, 175230720|4419, 175233786|4574, 175239984|4767, 175240036|4918, 175240923|5061, 175255100|5223, 175514134|5427, 175654583|5671, 175655738|5863, 175657492|6364, 175658311|6473, 175659897|7022, 175660664|7266, 175660828|7345, 175664307|7427, 175664643|7514, 175665462|7604, 175666497|7687, 175667432|7962, 175667692|9896, pyeongchang, 
175671282|2395, 175671618|2525, 175671670|2616, 175672356|2721, 175672520|3004, 175678011|3379, 175681962|3852, 175690526|4209, 175690914|4356, 175691785|4561, 175691837|4656, 175696338|4836, 175696726|4937, 175714805|5094, 175731816|5263, 175732755|5516, 175740103|5641, 175757674|5778, 176075254|6059, 176254811|6246, 176258442|6366, 176259239|6469, 176260204|6577, 176260256|6695, 176261023|7171, 176262587|7295, 176262691|7409, 176267085|7765, 176267345|9935, colosseum+rome, 
176267457|2325, 176271272|2439, 176271958|2524, 176272062|2914, 176277617|3310, 176277721|3476, 176289010|3780, 176289114|4236, 176291208|4351, 176293158|4550, 176293210|4666, 176294029|4786, 176294081|4888, 176300809|5466, 176302574|5717, 176329716|5839, 176330483|5939, 176330535|6030, 176331354|6303, 176332121|6581, 176332173|6658, 176332940|6899, 176332992|6986, 176333811|7261, 176334578|7584, 176334630|7666, 176335397|7922, 176335605|9922, big+ben, 
176335665|2330, 176339530|2479, 176340135|2662, 176340239|2919, 176345896|3339, 176351713|3626, 176352945|3872, 176355959|4359, 176356451|4503, 176356503|4593, 176359385|4713, 176360204|4844, 176360480|4958, 176385232|5253, 176490415|5461, 176638998|5614, 176649189|5780, 176650008|6243, 176650827|6461, 176651646|6772, 176655652|7218, 176656785|7351, 176657109|7442, 176658095|7630, 176658914|7729, 176659681|8042, 176659941|9902, wencelas+square+prague, 
176663530|2509, 176663866|2604, 176664500|2687, 176664612|2983, 176670105|3314, 176670261|3456, 176683527|4379, 176685302|4525, 176688420|4614, 176688756|4701, 176692542|4827, 176701685|4954, 176703612|5091, 176705198|5403, 176721475|5511, 176722518|5737, 176730433|5849, 176851800|5986, 177085066|6231, 177146410|6385, 177147375|6488, 177148142|6904, 177148246|7392, 177152756|7840, 177153016|9979, eiffel+tower, 
177156606|2432, 177157628|2620, 177162947|3315, 177163335|3490, 177163439|3619, 177168984|3856, 177171235|4067, 177171295|4250, 177174966|4469, 177175823|4590, 177182899|4819, 177204730|5065, 177213227|5237, 177217633|5361, 177484108|5546, 177789527|5818, 177790798|5926, 177791617|6020, 177792384|6116, 177793255|6218, 177794789|6739, 177794901|7339, 177798716|7488, 177798768|7588, 177800005|7686, 177800173|7781, 177800433|9940, taipei+101, 
177804023|2430, 177804359|2528, 177805045|2776, 177805149|2871, 177805261|2961, 177810807|3334, 177810859|3530, 177816403|3663, 177819023|3844, 177819127|4299, 177819805|4579, 177819993|4740, 177827016|4965, 177827456|5091, 177855740|5358, 177909323|5496, 177916723|5634, 178016134|5777, 178159893|5928, 178238953|6045, 178272237|6171, 178275700|6267, 178275752|6363, 178276717|6466, 178277484|6759, 178278281|6884, 178278333|6976, 178279867|7446, 178280746|7549, 178285073|7651, 178285461|7747, 178286613|7930, 178286873|9882, burj+khalifa, 
178288325|2430, 178290462|2543, 178290798|2628, 178291484|2767, 178291640|2998, 178297302|3456, 178302892|3755, 178305592|3936, 178308994|4372, 178309844|4528, 178310611|4656, 178311490|4773, 178315217|4892, 178328517|5009, 178343776|5191, 178397190|5367, 178403645|5492, 178558152|5765, 178640272|5893, 178760446|6024, 178760659|6165, 178764458|6262, 178765203|6358, 178766190|6458, 178766242|6545, 178767009|6676, 178767114|7574, 178770703|7678, 178771039|7791, 178771091|7884, 178772244|8060, 178772504|9945, burj+khalifa, 
178776094|2498, 178776430|2633, 178777116|2741, 178777220|3059, 178782774|3374, 178782826|3532, 178782930|3628, 178790421|3935, 178793715|4509, 178794051|4657, 178800323|4898, 178800375|5132, 178801262|5255, 178807719|5378, 178892515|5618, 179037235|5808, 179128454|5938, 179222212|6043, 179358239|6212, 179461755|6367, 179514507|6507, 179563648|6630, 179601746|6726, 179629538|6824, 179630305|6927, 179630525|7006, 179631292|7090, 179631344|7165, 179632111|7581, 179632878|7681, 179633138|9861, peking, 
179633250|2399, 179636729|2506, 179637751|2606, 179637915|2991, 179643357|3300, 179643409|3442, 179643513|3685, 179651210|4001, 179654449|4273, 179654837|4452, 179655686|4566, 179658824|4716, 179665216|4879, 179665983|5178, 179673503|5297, 179805881|5506, 180033678|5719, 180224899|5914, 180255459|6064, 180256446|6290, 180257273|6612, 180264041|6701, 180264713|6788, 180265562|6865, 180266665|6953, 180268419|7472, 180269238|7815, 180269983|7908, 180270243|9828, cape+town, 
180270303|2323, 180273832|2415, 180274168|2527, 180274854|2616, 180280124|3136, 180280564|3323, 180284471|3865, 180284575|3962, 180291571|4265, 180294491|4472, 180297661|4629, 180298049|4785, 180301782|4893, 180312852|5000, 180313671|5170, 180332035|5695, 180332922|5917, 180340322|6023, 180407994|6136, 180668775|6326, 180756204|6492, 180757231|6599, 180757998|6901, 180758050|6996, 180758869|7475, 180759740|7572, 180764250|7864, 180764510|9943, eiffel+tower, 
180764675|2469, 180768205|2582, 180768541|2670, 180769227|2832, 180769383|2962, 180774550|3225, 180774938|3486, 180775042|3756, 180782661|3937, 180782713|4655, 180784632|4813, 180792728|5051, 180793697|5194, 180801914|5322, 180847106|5495, 181174112|5713, 181333548|5854, 181487648|5972, 181501898|6099, 181502118|6186, 181503652|6752, 181503704|6842, 181508062|7082, 181509217|7166, 181510036|7244, 181511071|7331, 181511902|7686, 181512058|7765, 181512825|8021, 181513085|9997, pyongyang, 
181513137|1384, 181513197|2376, 181516727|2482, 181517063|2578, 181517749|2673, 181517905|2962, 181523509|3430, 181523613|3586, 181531757|4210, 181534771|4397, 181536082|4561, 181541318|4770, 181542137|4930, 181549604|5042, 181553867|5160, 181939981|5418, 182115910|5544, 182162289|5699, 182221093|5886, 182224516|6021, 182224852|6131, 182225869|6273, 182227455|6905, 182228312|7099, 182231842|7177, 182232178|7254, 182232997|7331, 182234149|7457, 182234409|9809, singapore, 
182234469|2533, 182238000|2621, 182238336|2706, 182239022|2836, 182244781|3499, 182252434|3836, 182252486|4387, 182253292|4527, 182262419|4768, 182262471|4974, 182263410|5126, 182270896|5253, 182526548|5546, 182613145|5720, 182677082|5943, 182678215|6049, 182679220|6153, 182679272|6251, 182680039|6669, 182680091|6780, 182680858|7002, 182680910|7088, 182684500|7241, 182685655|7323, 182686688|7481, 182687675|7590, 182688442|7724, 182688702|9958, pyeongchang, 
182692293|2499, 182692629|2628, 182693315|2716, 182693471|3016, 182699133|3460, 182710948|3944, 182711008|4344, 182714298|4439, 182714350|4560, 182715273|4838, 182715325|4936, 182716092|5034, 182716204|5160, 182719667|5269, 182722520|5499, 182723287|5859, 182723339|5953, 182724158|6200, 182724977|6533, 182725744|6817, 182725796|6894, 182726563|7097, 182726615|7201, 182727412|7291, 182728157|7399, 182728365|9794, big+ben, 
182731956|2536, 182732292|2744, 182733082|2889, 182738297|3058, 182738789|3571, 182748210|3784, 182751612|4383, 182753177|4554, 182753281|4651, 182753341|4756, 182757783|4871, 182759511|4971, 182786503|5100, 182790865|5306, 182803593|5436, 182864617|5551, 182989209|5746, 183136036|5925, 183262815|6053, 183363322|6171, 183472895|6286, 183510684|6454, 183510904|6599, 183511723|6811, 183512490|6951, 183512594|7438, 183513575|7615, 183513679|10341, 183513835|10463, mirabell+gardens, 
183513947|2541, 183517425|2635, 183517761|2732, 183518395|2865, 183518559|3039, 183524001|3243, 183524105|3430, 183524157|3550, 183531906|3774, 183535770|4501, 183536106|4629, 183541586|4800, 183542405|5027, 183542629|5131, 183550806|5226, 183694265|5431, 183722220|5579, 183887040|5784, 183998260|5906, 184193327|6080, 184365215|6293, 184365267|6416, 184366190|6694, 184367017|6772, 184371345|6867, 184371681|6952, 184372594|7043, 184373391|7143, 184374158|7242, 184374198|9152, 184374458|9862, peking, 
184378048|3353, 184378384|3453, 184379070|3565, 184379174|3782, 184384391|3947, 184384779|4195, 184384883|4375, 184393122|4797, 184396801|5284, 184397293|5450, 184401846|5742, 184403522|5839, 184430441|5981, 184430493|6171, 184484144|6314, 184549081|6588, 184715056|6776, 184799833|6892, 184850092|7026, 184851393|7137, 184852190|7234, 184852957|7620, 184853009|7707, 184854595|8050, 184854647|8177, 184858238|8265, 184859341|8381, 184859393|8480, 184860547|8571, 184860807|10825, burj+khalifa, 
184860867|2437, 184864397|2563, 184864733|2644, 184865419|2851, 184865635|3005, 184870744|3251, 184871132|3434, 184871236|3585, 184879194|4140, 184882208|4637, 184882648|4740, 184887993|4866, 184891999|5078, 184895303|5225, 184944655|5419, 185179256|5628, 185332681|5805, 185481458|5957, 185571441|6132, 185571597|6221, 185572584|6634, 185576590|6753, 185576926|6909, 185577891|7052, 185578658|7197, 185578718|7551, 185582247|7635, 185582583|7706, 185582635|7792, 185583787|7880, 185583891|11218, 185584047|11398, singapore, 
185584107|2401, 185587636|2488, 185587972|2604, 185588658|2753, 185588874|2878, 185593979|3032, 185594367|3386, 185594471|3529, 185600352|4201, 185603366|4369, 185604521|4493, 185605340|4598, 185605392|4683, 185606159|4943, 185606978|5034, 185607038|5117, 185610217|5203, 185610553|5285, 185611350|5375, 185612147|5468, 185612199|5552, 185612966|5941, 185613018|6036, 185613785|6222, 185613837|6314, 185614656|6616, 185629000|6760, 185629156|7296, 185632889|7531, 185633225|7647, 185647022|7844, 185664442|7936, 185672535|8121, 185672707|8287, 185680003|8557, 185925895|8784, 186168694|8939, 186169030|9266, 186169290|10094, empire+state+building, 
186172880|2381, 186173216|2487, 186173850|2577, 186173902|2824, 186174014|2938, 186179119|3266, 186179559|3425, 186179611|3551, 186187087|3867, 186196403|4623, 186196455|4793, 186197342|4935, 186208040|5086, 186391161|5380, 186531015|5522, 186611019|5720, 186612122|5898, 186612342|5999, 186613928|6432, 186614695|6718, 186614747|6846, 186615686|7095, 186622344|7177, 186623016|7261, 186624796|7357, 186625184|7446, 186625951|7739, 186626003|7830, 186626770|8004, 186627030|9870, pyeongchang, 
186630620|2405, 186630956|2507, 186631642|2609, 186631806|2958, 186637456|3325, 186642959|3772, 186645174|4039, 186648188|4342, 186649426|4514, 186655682|4748, 186658861|4894, 186660114|5049, 186667573|5151, 187010223|5457, 187353664|5650, 187481895|5774, 187482283|5893, 187483114|6270, 187483270|6380, 187484037|6570, 187484089|6659, 187484856|6903, 187484916|6983, 187488095|7065, 187488431|7149, 187489228|7237, 187489448|7309, 187490215|7586, 187490475|9830, peking, 
187490535|2300, 187494065|2409, 187494401|2516, 187495035|2633, 187495139|2905, 187500306|3077, 187500746|3399, 187500850|3581, 187508468|3856, 187509522|4021, 187509634|4308, 187513774|4646, 187520896|4797, 187520948|4934, 187521835|5100, 187533220|5274, 187824996|5472, 187999868|5601, 188121192|5747, 188225681|5909, 188226616|5998, 188226844|6097, 188230359|6224, 188231220|6372, 188231376|6475, 188232143|6761, 188232940|6850, 188232992|6963, 188233819|7331, 188237401|7411, 188237737|7487, 188238556|7597, 188239589|7725, 188239849|9927, pyongyang, 
188239961|2416, 188243438|2548, 188244408|2640, 188244460|2901, 188249680|3065, 188250172|3556, 188255882|3784, 188258660|4078, 188262010|4562, 188262166|4724, 188263700|5029, 188281952|5310, 188282801|5456, 188282921|5549, 188291097|5694, 188463330|5857, 188772870|6037, 189060397|6186, 189144742|6311, 189155157|6414, 189155377|6513, 189156144|6929, 189156963|7032, 189157730|7258, 189158527|7376, 189161371|7483, 189162169|7589, 189163272|7677, 189163376|7755, 189165130|7859, 189165298|7954, 189165558|9853, the+great+wall+of+china, 
189165670|2388, 189169147|2493, 189170169|2609, 189171961|3073, 189175932|3495, 189175984|3613, 189185375|3988, 189185435|4194, 189190553|4493, 189193947|4642, 189194850|4763, 189199290|4864, 189228913|4972, 189229710|5101, 189230777|5306, 189242249|5420, 189364833|5555, 189797132|5781, 189872105|5988, 189922433|6107, 189948141|6296, 189951101|6413, 189952681|6628, 189952849|6778, 189952953|7484, 189953936|7747, 189954196|9948, mirabell+gardens, 
189957786|2514, 189958122|2615, 189958808|2698, 189958912|2943, 189964076|3166, 189964464|3411, 189964516|3549, 189964568|3654, 189970621|4168, 189973860|4301, 189974196|4404, 189975053|4495, 189978007|4589, 189978343|4676, 189978395|4776, 189979162|4955, 189979214|5049, 189979981|5333, 189980033|5416, 189980800|5604, 189981619|5703, 189981671|5799, 189983205|6276, 189983257|6374, 189984076|6475, 189984843|6904, 189985662|6995, 189986481|7268, 190000005|7416, 190000772|7578, 190000876|7818, 190000928|7916, 190001064|8066, 190005074|8274, 190018828|8522, 190044365|8804, 190226704|9495, 190540693|9839, 190540861|9987, 190541121|10448, empire+state+building, 
190541181|3737, 190544711|3877, 190545681|3970, 190549376|4477, 190551391|4754, 190551443|4893, 190551495|4998, 190559244|5221, 190563108|5846, 190563496|5989, 190563548|6152, 190569766|6329, 190570869|6669, 190583193|6810, 191026383|7090, 191259210|7247, 191392484|7379, 191393419|7499, 191393639|7621, 191398865|8073, 191399313|8154, 191402828|8238, 191404776|8338, 191404996|8440, 191405793|8523, 191406560|9053, 191406820|12452, peking, 
191406932|2399, 191410409|2494, 191411379|2610, 191416651|3140, 191417143|3491, 191422684|3724, 191424758|4068, 191427772|4288, 191428264|4466, 191429083|4602, 191437239|4761, 191438118|4951, 191445526|5084, 191547232|5255, 191862867|5634, 191863862|5841, 191867041|5956, 191867377|6050, 191868394|6159, 191869191|6256, 191869958|6361, 191870010|6484, 191870777|6846, 191871596|6944, 191872363|7188, 191872423|7571, 191875952|7667, 191876288|7752, 191876340|7825, 191879800|8151, 191880060|9864, sydney+harbour, 
191880120|2333, 191883651|2433, 191884039|2604, 191884673|2737, 191884777|2979, 191889939|3213, 191890327|3458, 191890379|3587, 191890431|3726, 191894375|3838, 191899913|3967, 191902979|4389, 191904932|4617, 191904984|4710, 191905096|4844, 191909645|5012, 191941395|5289, 191942192|5448, 191950477|5680, 191979289|5826, 192233316|5969, 192384753|6128, 192385834|6227, 192385886|6329, 192386653|6435, 192387472|6534, 192388239|6627, 192391829|7584, 192392165|7661, 192392217|7744, 192393370|7923, 192393630|9885, petronas+towers, 
192397220|2405, 192397556|2534, 192398242|2639, 192398398|2954, 192403954|3380, 192404110|3549, 192409463|3927, 192412765|4290, 192416271|4536, 192417836|4663, 192421463|4938, 192423027|5134, 192437718|5269, 192438761|5578, 192446065|5700, 192552014|5824, 192856246|5999, 193039826|6118, 193237673|6246, 193310127|6358, 193311110|6563, 193314289|6660, 193314625|6772, 193315642|6876, 193316461|7214, 193320817|7583, 193321205|7678, 193322358|7828, 193322618|9932, the+great+wall+of+china, 
193326209|2420, 193326545|2539, 193327179|2748, 193327231|2890, 193332448|3068, 193332940|3379, 193332992|3503, 193344803|3967, 193348257|4335, 193349003|4456, 193349926|4680, 193353491|5160, 193354310|5471, 193355129|5792, 193355956|6119, 193359135|6207, 193359471|6299, 193360320|6409, 193361087|6723, 193361139|6812, 193361906|6999, 193361958|7089, 193362755|7182, 193363522|7286, 193363730|9871, big+ben, 
193363790|2373, 193367320|2491, 193367656|2579, 193368342|2704, 193370130|3009, 193374151|3477, 193380389|4186, 193380513|4285, 193380573|4383, 193383527|4475, 193383915|4566, 193384734|4959, 193385501|5047, 193385553|5128, 193387087|5573, 193387906|5674, 193387958|5770, 193388725|6215, 193391964|6313, 193392300|6410, 193393097|6501, 193393916|6600, 193407544|6730, 193408363|6991, 193409160|7121, 193409316|7253, 193410083|7369, 193413817|7613, 193429776|7810, 193453438|7910, 193460907|8169, 193461579|8510, 193829655|8747, 193949602|8933, 193949938|9323, 193950042|10126, 193950302|10317, 193957234|10714, empire+state+building, 
193957294|2359, 193960825|2435, 193961161|2548, 193961847|2646, 193962063|2998, 193967557|3294, 193967661|3453, 193977039|4027, 193980389|4374, 193980545|4568, 193981364|4818, 193997626|5240, 193997678|5392, 193998785|5613, 194007868|5748, 194191201|5904, 194424361|6042, 194610621|6177, 194832416|6364, 194865916|6485, 194871790|6616, 194871850|6721, 194875029|6840, 194875365|6930, 194876382|7062, 194877179|7156, 194878006|7268, 194881535|7382, 194881871|7469, 194881923|7550, 194882909|7636, 194883077|7739, 194883337|9923, the+great+wall+of+china, 
194883502|2428, 194887033|2530, 194887369|2621, 194888003|2761, 194888055|2903, 194893606|3264, 194893710|3459, 194893762|3620, 194899288|3762, 194901660|3977, 194904830|4418, 194906097|4582, 194920513|4828, 194920901|5057, 194941214|5193, 194948898|5309, 195198003|5531, 195433921|5703, 195486565|5839, 195504321|5942, 195567055|6053, 195570294|6153, 195570630|6281, 195571647|6401, 195573181|6961, 195573978|7059, 195578364|7154, 195578700|7264, 195578752|7342, 195579737|7510, 195579905|7601, 195580165|9785, mt.+everest, 
195580225|2357, 195583756|2459, 195584092|2554, 195584778|2642, 195590096|3163, 195590484|3359, 195590588|3518, 195598492|3744, 195601610|4383, 195602058|4571, 195616489|4755, 195624522|5001, 195636101|5128, 195817015|5313, 196171017|5595, 196239525|5716, 196251339|5821, 196251391|5913, 196252210|6228, 196253029|6588, 196253856|6700, 196257035|6836, 196258168|6948, 196259155|7042, 196259267|7140, 196263541|7249, 196263877|7338, 196263929|7424, 196265081|7515, 196265341|9845, mt.+everest, 
196265401|2370, 196268930|2483, 196269266|2580, 196269871|2694, 196270139|2996, 196275577|3369, 196275681|3522, 196283984|3767, 196287969|4433, 196289206|4651, 196292220|4809, 196292608|5006, 196310141|5490, 196310193|5600, 196310365|5700, 196318489|5818, 196512163|5969, 196886790|6107, 197099749|6233, 197172928|6365, 197182576|6473, 197183563|6579, 197184330|6988, 197184382|7120, 197185149|7311, 197185253|7545, 197186239|7726, 197186499|9902, the+great+wall+of+china, 
197190089|2341, 197190425|2469, 197190477|2562, 197191163|2676, 197191327|2938, 197196824|3240, 197196928|3444, 197204572|3816, 197207915|4288, 197215690|4521, 197218980|4712, 197219919|4909, 197227397|5051, 197294752|5175, 197548882|5367, 197630072|5558, 197631257|5785, 197632024|6177, 197633011|6270, 197633830|6551, 197634597|6855, 197634649|6927, 197635476|7151, 197639803|7237, 197640191|7357, 197641172|7435, 197641224|7519, 197641484|9858, pyeongchang, 
197645074|2500, 197646044|2711, 197646096|3010, 197651314|3243, 197651858|3521, 197659730|3886, 197659946|4364, 197663878|4527, 197663982|4706, 197678495|4925, 197695079|5137, 197695958|5251, 197736854|5407, 198188289|5722, 198329099|5971, 198330074|6102, 198330893|6207, 198331712|6314, 198331764|6405, 198332531|6694, 198332583|6792, 198333350|7069, 198333462|7455, 198336941|7534, 198337277|7621, 198337329|7711, 198338521|7804, 198338781|9939, mt.+everest, 
198338841|2430, 198342372|2521, 198342708|2640, 198343394|2751, 198343498|2998, 198348713|3221, 198349101|3451, 198349205|3629, 198357702|4086, 198357814|4361, 198361052|4483, 198361156|4598, 198361208|4693, 198362906|4876, 198366580|4980, 198379114|5098, 198459856|5525, 198514576|5673, 198807016|5981, 198815324|6110, 198818839|6214, 198819636|6318, 198819856|6422, 198821390|6900, 198821442|7009, 198822209|7316, 198825799|7585, 198826135|7685, 198826187|7768, 198827173|7943, 198827341|8028, 198827601|9858, burj+khalifa, 
198827661|2388, 198831192|2488, 198832162|2600, 198832266|2966, 198837430|3204, 198837922|3519, 198843459|3689, 198845613|3845, 198845673|4328, 198849188|4474, 198850253|4639, 198853491|4786, 198853543|4893, 198860366|5303, 198864089|5526, 198876649|5677, 199167305|5825, 199450274|6045, 199451441|6181, 199451661|6282, 199453255|6760, 199456898|6844, 199460697|6928, 199461546|7003, 199462649|7087, 199463636|7423, 199464403|7761, 199464663|9851, cape+town, 
199464723|2408, 199468254|2507, 199468590|2626, 199469276|2730, 199469432|2994, 199474601|3265, 199474989|3444, 199475093|3622, 199475620|3752, 199482726|3870, 199485844|4412, 199493335|4657, 199497341|4853, 199497901|4979, 199771506|5243, 200183636|5566, 200202365|5724, 200203352|5866, 200203520|5970, 200204443|6077, 200204495|6179, 200206029|6594, 200206848|6693, 200210087|6817, 200210423|6910, 200211220|6999, 200211440|7084, 200212267|7200, 200215797|7280, 200216133|7361, 200216185|7431, 200217168|7512, 200217336|7610, 200217596|9949, pyongyang, 
200221186|2420, 200221522|2537, 200222208|2620, 200222312|2861, 200222424|2996, 200228026|3450, 200237086|3936, 200240540|4406, 200241234|4558, 200242157|4691, 200242924|5030, 200259905|5380, 200260724|5519, 200261076|5713, 200272431|5854, 200306396|6004, 200778488|6263, 200779475|6513, 200780242|6614, 200781061|6723, 200781113|7489, 200781165|7568, 200782151|7916, 200782411|9879, acropolis+of+athens, 
200786001|2458, 200786337|2608, 200787023|2719, 200787127|2982, 200792736|3442, 200794904|3589, 200800442|3825, 200801188|4448, 200801300|4626, 200810426|4783, 200810478|4921, 200819161|5130, 201141917|5465, 201224677|5633, 201225401|5837, 201226366|5948, 201227111|6041, 201227163|6144, 201227930|6547, 201228749|6640, 201228801|6734, 201230387|7204, 201231154|7285, 201231318|7362, 201234796|7453, 201235132|7531, 201236984|7620, 201237919|8189, 201238179|9917, pyeongchang, 
201238239|2363, 201241770|2464, 201242106|2567, 201242792|2682, 201242896|2953, 201248117|3198, 201248505|3468, 201248609|3594, 201257442|4395, 201258894|4554, 201261000|4751, 201264734|4906, 201265949|5053, 201290171|5221, 201291028|5384, 201298436|5525, 201453741|5707, 201644769|5810, 201875664|5988, 201875716|6116, 201876819|6215, 201877039|6302, 201877858|6693, 201878655|6790, 201880301|7389, 201884115|7557, 201884167|7655, 201885572|7773, 201885832|9892, taipei+101, 
201889422|2420, 201890444|2623, 201892000|2990, 201896105|3386, 201896209|3509, 201897441|3700, 201903015|4245, 201907207|4455, 201910064|4672, 201917968|4813, 202002813|5075, 202199457|5393, 202200444|5685, 202202030|6195, 202203564|6806, 202203616|6948, 202204539|7327, 202205366|7417, 202209529|7518, 202209865|7616, 202210662|7716, 202210882|7797, 202211649|8079, 202211909|10318, wencelas+square+prague, 
202211969|2288, 202215499|2375, 202215835|2492, 202216521|2599, 202216625|2836, 202221793|3055, 202222285|3369, 202232768|3915, 202232872|4249, 202236864|4421, 202236916|4525, 202237020|4608, 202241572|4732, 202241908|4826, 202241960|4913, 202253450|5056, 202253502|5195, 202254269|5374, 202270604|5479, 202274067|5590, 202275140|5702, 202282720|5809, 202327276|5908, 202677834|6117, 202698807|6278, 202699772|6403, 202699992|6496, 202700759|6700, 202700811|6804, 202701630|7069, 202702375|7222, 202702479|7416, 202706987|7946, 202707247|9861, eiffel+tower, 
202710838|2521, 202711174|2645, 202711860|2798, 202711964|2907, 202712076|3024, 202717572|3320, 202717676|3550, 202717728|3673, 202726595|3775, 202729609|4422, 202730899|4633, 202731718|4764, 202751834|5191, 202752967|5410, 202753019|5515, 202761486|5685, 202762210|5878, 203022937|6056, 203229297|6285, 203267255|6453, 203269009|7051, 203269828|7483, 203269932|7565, 203271686|7918, 203271946|9914, acropolis+of+athens, 
203275537|2410, 203275925|2605, 203276559|2756, 203276723|3023, 203282269|3375, 203282373|3520, 203286254|3648, 203291798|3800, 203291850|4317, 203292544|4464, 203292648|4588, 203295963|4723, 203300032|4861, 203316532|4975, 203330554|5173, 203337853|5371, 203346693|5494, 203533331|5635, 203852547|5854, 203976335|6100, 204004601|6265, 204052513|6409, 204054267|6850, 204055853|7245, 204056672|7363, 204056776|7492, 204057760|7662, 204058020|9963, mirabell+gardens, 
204061610|2399, 204061946|2545, 204061998|2648, 204062684|2791, 204062796|2904, 204068240|3249, 204068448|3447, 204075878|3711, 204079661|4351, 204081152|4514, 204090860|4685, 204090912|4829, 204099197|4990, 204315626|5232, 204643408|5525, 204795564|5709, 204795900|5812, 204796895|5918, 204800074|6014, 204801207|6156, 204801427|6259, 204802194|6581, 204802246|6695, 204803013|6942, 204803065|7039, 204807422|7222, 204807474|7302, 204807862|7396, 204808845|7483, 204809780|7624, 204810040|9838, pyongyang, 
204813629|2420, 204813965|2548, 204814017|2635, 204814651|2744, 204814703|2969, 204819922|3216, 204820362|3401, 204821594|3905, 204821698|4044, 204830175|4365, 204831309|4594, 204834988|4827, 204836031|5059, 204848216|5205, 204981340|5360, 205125078|5733, 205125582|5916, 205126599|6095, 205127366|6517, 205128163|6621, 205128215|6720, 205129034|7243, 205129801|7554, 205129905|7659, 205130890|7845, 205131150|9962, wencelas+square+prague, 
205131210|2310, 205134740|2405, 205135076|2512, 205135762|2623, 205135866|2920, 205141028|3077, 205141520|3316, 205147057|3577, 205147218|4075, 205150397|4163, 205151530|4310, 205151590|4399, 205154880|4494, 205155699|4573, 205155751|4655, 205156496|4743, 205157315|4836, 205157367|4929, 205158953|5479, 205159772|5576, 205160539|5676, 205160591|5760, 205161410|6126, 205162177|6395, 205162996|6495, 205176519|7117, 205176675|7529, 205176811|7744, 205180485|7863, 205194576|7985, 205197784|8115, 205220114|8240, 205220346|8506, 205227816|8668, 205398668|8945, 205716509|9306, 205716741|9488, 205716845|9631, 205717105|10333, empire+state+building, 
205717217|2476, 205720694|2612, 205721716|2735, 205721820|2914, 205727033|3223, 205727421|3431, 205727525|3617, 205735217|3988, 205738567|4361, 205739542|4524, 205746364|4872, 205747183|5213, 205747535|5326, 205763307|5465, 205908864|5606, 206336513|5895, 206340196|6066, 206341225|6189, 206341445|6292, 206342979|6740, 206343031|6820, 206343850|7078, 206344595|7161, 206345414|7257, 206345674|9824, cape+town, 
206345779|2336, 206345891|2423, 206349369|2534, 206349705|2616, 206350391|2746, 206355713|3106, 206356153|3291, 206356205|3433, 206356257|3542, 206365066|3996, 206365282|4291, 206369198|4486, 206369302|4651, 206379571|5145, 206380027|5326, 206388232|5443, 206494723|5597, 207055228|5953, 207117256|6110, 207203035|6286, 207203802|6791, 207208367|6882, 207208703|6965, 207208755|7044, 207210503|7137, 207213910|7224, 207214286|7303, 207215083|7398, 207216070|7519, 207216330|9711, peking, 
207216390|2379, 207219921|2482, 207220257|2590, 207220891|2718, 207226498|3211, 207226602|3448, 207226706|3595, 207229410|3707, 207234751|3852, 207235549|4471, 207235601|4586, 207238675|4727, 207242737|4874, 207255271|5005, 207274520|5201, 207327556|5407, 207335820|5571, 207394460|5738, 207611928|5876, 207691892|6034, 207692112|6145, 207692879|6438, 207692931|6526, 207693698|6719, 207693810|6808, 207697273|6903, 207698070|7032, 207698330|7202, 207699149|7401, 207699209|7482, 207702740|7573, 207703843|7689, 207703895|7795, 207705048|7954, 207705308|9832, burj+khalifa, 
207705368|2466, 207708898|2613, 207709286|2729, 207710076|2930, 207715243|3113, 207715631|3364, 207717075|3546, 207723704|3705, 207724554|4399, 207724678|4516, 207731427|4724, 207742871|4838, 207759637|5016, 207813104|5192, 207821338|5345, 207878444|5512, 208095287|5659, 208175710|5807, 208176745|5998, 208179924|6128, 208180312|6249, 208181277|6346, 208182044|6444, 208182096|6552, 208183682|6968, 208184479|7155, 208185306|7355, 208188887|7442, 208189223|7526, 208189275|7617, 208190999|7746, 208191259|9840, burj+khalifa, 
208194850|2489, 208195186|2581, 208195872|2687, 208196036|2984, 208201479|3263, 208201531|3413, 208201635|3518, 208210807|3888, 208213821|4390, 208214365|4571, 208218918|4888, 208219254|5000, 208244375|5241, 208245262|5429, 208252661|5526, 208253333|5640, 208475312|5788, 208728226|5959, 208838474|6117, 208920364|6251, 208921161|6345, 208922148|6446, 208922945|6551, 208922997|6654, 208923816|7086, 208924635|7226, 208925402|7496, 208928992|7618, 208929328|7696, 208929380|7779, 208930366|7865, 208930534|7956, 208930794|9933, pyramids+of+giza, 
208930854|2301, 208934383|2388, 208934719|2569, 208935353|2714, 208935405|2880, 208941013|3247, 208941117|3438, 208946661|3632, 208948814|4163, 208952799|4391, 208954036|4524, 208957386|4726, 208963418|4857, 208964185|5024, 208964461|5138, 208972591|5267, 209143425|5414, 209431813|5541, 209554144|5720, 209554312|5837, 209555403|5983, 209556282|6118, 209559461|6228, 209560542|6327, 209560710|6413, 209560762|6498, 209561529|6829, 209562296|6957, 209562556|9917, cape+town, 
209562616|2540, 209566145|2635, 209566533|2745, 209567183|2946, 209567347|3072, 209572440|3342, 209572828|3498, 209572932|3602, 209578466|3812, 209580579|3988, 209580639|4178, 209584154|4377, 209588121|4553, 209589224|4695, 209594462|4812, 209595397|5075, 209596388|5156, 209604566|5256, 209628406|5347, 209998674|5584, 210027969|5726, 210086902|5886, 210088225|6057, 210091814|6720, 210092150|6789, 210092202|6867, 210093416|6947, 210093584|7029, 210093844|9924, toronto+canada, 
210093956|2468, 210097769|2588, 210098455|2780, 210098507|2927, 210103724|3190, 210104216|3544, 210106384|3660, 210111887|3774, 210111991|4472, 210112043|4646, 210117961|4803, 210122273|5060, 210133383|5249, 210179224|5424, 210456095|5595, 210535448|5753, 210536551|5854, 210537370|5954, 210538189|6074, 210541428|6174, 210541764|6275, 210542613|6375, 210543380|6467, 210544419|6624, 210545186|6863, 210548829|6948, 210549165|7029, 210549217|7109, 210550965|7201, 210551017|7282, 210551784|7461, 210552004|7537, 210552771|7854, 210553031|9865, pyeongchang, 
210553091|2447, 210556957|2617, 210557591|2726, 210561285|3125, 210563303|3463, 210563355|3639, 210572397|3773, 210572509|4324, 210575799|4492, 210575903|4638, 210576670|4751, 210579909|4853, 210580245|4952, 210597965|5141, 210598017|5384, 210599723|5674, 210607071|5792, 210646030|5919, 210989122|6114, 211112737|6259, 211113724|6393, 211113776|6489, 211114543|6695, 211115362|6813, 211115414|7522, 211115466|7601, 211116453|7921, 211116979|8020, 211117239|9946, acropolis+of+athens, 
211117351|2441, 211121166|2578, 211121852|2655, 211127120|3159, 211127508|3407, 211127612|3531, 211135793|4044, 211135897|4347, 211139681|4502, 211140918|4642, 211141030|4738, 211149445|4896, 211149497|5034, 211150384|5179, 211157844|5324, 211262607|5443, 211552898|5753, 211638438|5901, 211638774|6008, 211640528|6130, 211640640|6231, 211644103|6336, 211644155|6429, 211645120|6550, 211645939|6890, 211646766|7208, 211650296|7310, 211650632|7384, 211650684|7460, 211651900|7540, 211652068|7631, 211652328|10001, toronto+canada, 
211652388|2370, 211655918|2482, 211656254|2617, 211656940|2732, 211662548|3234, 211662756|3572, 211670222|3713, 211670282|4179, 211673572|4330, 211673780|4488, 211680456|4692, 211681275|4878, 211682266|5017, 211742225|5181, 212014754|5353, 212095943|5591, 212097675|5764, 212098127|5886, 212098894|6092, 212098946|6187, 212100480|6601, 212100532|6691, 212101299|6868, 212101411|7136, 212104889|7222, 212105277|7311, 212106257|7392, 212106425|7494, 212106685|9886, pyeongchang, 
212106745|2363, 212110274|2511, 212111296|2732, 212111460|3003, 212117108|3472, 212122482|3659, 212124852|3779, 212124956|4641, 212125128|4833, 212142417|5084, 212158716|5280, 212192980|5508, 212539638|5751, 212773485|5945, 212792194|6057, 212792234|6158, 212793768|6498, 212793820|6589, 212794587|6819, 212794639|6911, 212795406|7123, 212795458|7238, 212799816|7429, 212800204|7510, 212801023|7588, 212801075|7674, 212802059|7766, 212802994|7975, 212803254|9869, mt.+everest, 
212803366|2422, 212807180|2565, 212807866|2671, 212808022|2953, 212813527|3267, 212813683|3516, 212823050|3871, 212826064|4441, 212826608|4569, 212827511|4775, 212831237|4919, 212832340|5044, 212835184|5200, 212870171|5357, 212871020|5536, 212871140|5652, 212879254|5779, 212923655|5936, 213235875|6093, 213393932|6249, 213394100|6376, 213394867|6480, 213395087|6581, 213395906|7009, 213396673|7285, 213396725|7366, 213396777|7457, 213397596|7567, 213401989|7921, 213402249|9836, colosseum+rome, 
213405839|2417, 213406175|2543, 213406809|2649, 213412081|3083, 213412469|3382, 213412521|3540, 213412573|3649, 213422023|4019, 213425425|4431, 213426998|4575, 213430229|4655, 213431474|4805, 213435148|4906, 213435536|5008, 213446259|5159, 213463354|5598, 213463414|5782, 213471588|5893, 213481692|6002, 213887354|6229, 213887522|6342, 213888289|6433, 213888517|6546, 213892032|6656, 213892829|6759, 213893049|6847, 213893089|6965, 213893856|7094, 213894675|7272, 213894779|7562, 213899289|8134, 213899549|9940, eiffel+tower, 
213903140|2454, 213903476|2593, 213904162|2720, 213904266|2967, 213909820|3263, 213909924|3539, 213917396|3896, 213920739|4402, 213922678|4640, 213931947|4856, 213931999|5017, 213932990|5159, 213944548|5302, 214141374|5432, 214384492|5792, 214421910|5946, 214423001|6121, 214423820|6456, 214423880|6549, 214428177|6649, 214428565|6730, 214429384|6830, 214430766|6942, 214431026|9773, toronto+canada, 
214434617|3676, 214434953|3784, 214435639|3873, 214441246|4421, 214441350|4617, 214441454|4750, 214449066|5126, 214449126|5335, 214452624|5554, 214454137|5732, 214462227|5863, 214463046|6030, 214470514|6155, 214536857|6405, 214888622|6634, 214891861|6804, 214893110|6941, 214893330|7034, 214894097|7338, 214894946|7434, 214896480|7966, 214896532|8069, 214897351|8299, 214898118|8462, 214900910|8725, 214902043|8826, 214902095|8906, 214905360|9226, 214905620|11549, sydney+harbour, 
214905732|2422, 214909210|2514, 214909546|2594, 214910180|2711, 214910232|2964, 214915449|3268, 214921470|3559, 214925312|3712, 214925424|4230, 214930227|4491, 214930331|4596, 214930391|4722, 214934884|4871, 214953297|4998, 214954116|5129, 214970289|5335, 214978576|5571, 215020275|5736, 215484568|5939, 215496893|6130, 215497828|6489, 215498677|6595, 215500211|7203, 215500315|7387, 215504708|7729, 215504968|9995, colosseum+rome, 
215505080|2528, 215508894|2693, 215509580|2782, 215509684|3046, 215515241|3400, 215515345|3578, 215515397|3680, 215525902|4435, 215529244|4600, 215530809|4726, 215531732|4815, 215536232|5072, 215539024|5192, 215540143|5294, 215559017|5418, 215559069|5531, 215576052|5752, 215585084|6092, 215656828|6210, 216098913|6391, 216098965|6515, 216099133|6631, 216100068|6730, 216100865|6840, 216100917|7670, 216100969|7749, 216105363|8241, 216105623|9989, colosseum+rome, 
216105683|2402, 216109212|2495, 216109548|2595, 216110234|2686, 216110390|2984, 216115558|3181, 216115946|3359, 216116050|3497, 216124956|3755, 216127970|4277, 216128462|4404, 216128514|4547, 216129357|4667, 216133911|4819, 216158590|5003, 216162656|5303, 216171197|5449, 216204081|5580, 216510656|5760, 216734470|5915, 216835092|6100, 216835260|6196, 216836247|6296, 216837014|6726, 216837833|6827, 216838652|6928, 216839479|7414, 216843008|7529, 216843344|7611, 216843396|7693, 216844549|7801, 216844809|9941, pyramids+of+giza, 
216848398|2418, 216848734|2554, 216849368|2657, 216851157|3008, 216854970|3225, 216855126|3481, 216865032|4184, 216868322|4409, 216868426|4517, 216869245|4641, 216869297|4781, 216887020|5207, 216887787|5322, 216887839|5442, 216896075|5576, 216899986|5695, 217238747|5882, 217405321|6068, 217406140|6196, 217407127|6503, 217407894|6766, 217407946|6876, 217408817|7210, 217408869|7297, 217410623|7399, 217410883|9925, acropolis+of+athens, 
217410943|2357, 217414473|2462, 217414809|2575, 217415495|2665, 217415599|2936, 217420765|3306, 217421257|3439, 217426790|3693, 217430697|3959, 217430861|4416, 217435001|4621, 217439501|4835, 217439889|4943, 217449802|5077, 217450621|5253, 217466896|5390, 217467715|5529, 217475184|5664, 217476339|5793, 217653555|5938, 217891725|6072, 217895240|6233, 217896205|6343, 217896425|6460, 217897192|6673, 217897989|6771, 217898041|6870, 217898808|7293, 217899605|7387, 217899657|7498, 217899761|7591, 217900528|7714, 217905567|8162, 217905827|9922, eiffel+tower, 
217905939|2630, 217909417|2710, 217909805|2819, 217910455|2948, 217915711|3232, 217916151|3486, 217916203|3647, 217920163|3800, 217925693|3977, 217925797|4447, 217926439|4574, 217926603|4714, 217929557|4806, 217933678|4933, 217942054|5042, 217944695|5149, 217948753|5397, 217966109|5536, 217966161|5643, 217966281|5730, 217974396|5854, 218026040|5968, 218390162|6233, 218391201|6486, 218391253|6579, 218392072|6884, 218392839|7186, 218392891|7476, 218392943|7562, 218397972|8150, 218398232|9908, eiffel+tower, 
218398292|2391, 218401823|2530, 218402159|2641, 218402845|2760, 218402949|2897, 218407366|3060, 218408552|3391, 218408656|3530, 218416188|3815, 218419538|4234, 218419694|4420, 218420698|4558, 218433143|4727, 218449826|5010, 218453788|5121, 218653376|5385, 218900985|5555, 219034669|5735, 219034837|5851, 219035824|5967, 219036643|6357, 219037410|6654, 219037462|6749, 219038229|6964, 219039048|7090, 219041840|7269, 219042975|7375, 219043027|7477, 219044432|7669, 219044692|10026, taipei+101, 
219048282|2424, 219048618|2536, 219049304|2638, 219049356|2926, 219054573|3137, 219055013|3473, 219055117|3594, 219064101|3803, 219067115|4463, 219068426|4628, 219069305|4762, 219074186|4924, 219099239|5107, 219099291|5377, 219105694|5474, 219107578|5585, 219278911|5722, 219673986|5878, 219774819|6052, 219775207|6172, 219776090|6487, 219776991|6588, 219778525|7101, 219778630|7434, 219782220|7552, 219782556|7637, 219782608|7725, 219783760|7835, 219784020|9918, pyramids+of+giza, 
219784080|2518, 219787946|2691, 219788632|2785, 219793957|3210, 219794345|3468, 219794449|3731, 219803352|4322, 219806702|4487, 219807573|4618, 219810864|4768, 219812109|4914, 219815784|5090, 219841220|5230, 219842017|5395, 219850304|5675, 219851795|5780, 220092709|5925, 220433104|6127, 220514276|6274, 220515367|6382, 220516186|6707, 220516953|7036, 220517013|7612, 220520543|7704, 220520879|7780, 220520931|7874, 220521914|8003, 220522082|8102, 220522342|9984, pyramids+of+giza, 
220525932|2495, 220526268|2615, 220526954|2748, 220527058|2882, 220527170|2972, 220532274|3175, 220532662|3408, 220532766|3559, 220540393|3934, 220540661|4504, 220550999|4791, 220551766|4972, 220562591|5097, 220900415|5405, 221089177|5595, 221259326|5752, 221260093|5885, 221261248|6007, 221261468|6102, 221262235|6400, 221263114|6521, 221266293|6626, 221266629|6718, 221267426|6863, 221268465|6978, 221269270|7096, 221272799|7189, 221273135|7266, 221274168|7360, 221274336|7441, 221274596|9800, pyongyang, 
221278186|2441, 221278522|2563, 221279156|2693, 221284426|3246, 221284918|3608, 221292972|3795, 221293096|4246, 221296550|4430, 221297317|4536, 221301104|4758, 221314457|4868, 221334536|5167, 221391451|5371, 221545803|5576, 221695734|5720, 221746424|5851, 221746592|5946, 221748346|6350, 221749173|6656, 221752352|6754, 221752688|6846, 221753705|6962, 221754472|7353, 221754584|7447, 221758397|7546, 221758449|7642, 221759433|7835, 221759601|7935, 221759861|9839, burj+khalifa, 
221759973|2458, 221763450|2575, 221763786|2663, 221764420|2771, 221764532|3059, 221769691|3304, 221770079|3438, 221770183|3617, 221774064|3735, 221779613|3911, 221779673|4474, 221782679|4615, 221783067|4695, 221783179|4805, 221787620|4904, 221801874|5015, 221820453|5154, 221824702|5321, 221852114|5487, 221927798|5594, 222323394|5776, 222538329|6101, 222539664|6297, 222542903|6465, 222544036|6633, 222544256|6733, 222545023|7039, 222545842|7173, 222545894|7297, 222546817|7519, 222547800|7690, 222548567|7776, 222548619|7854, 222549386|8290, 222550153|8405, 222550413|9978, mirabell+gardens, 
222550578|2444, 222554108|2561, 222554444|2664, 222555078|2772, 222560350|3136, 222560738|3387, 222560842|3504, 222566389|3639, 222571768|4261, 222572156|4393, 222572260|4536, 222573079|4626, 222577580|4831, 222598643|4995, 222599410|5188, 222607047|5346, 222611278|5475, 222898028|5625, 223183301|5814, 223186540|5956, 223187044|6062, 223188009|6146, 223188229|6247, 223189026|6362, 223189793|6796, 223189853|7377, 223193384|7491, 223193720|7588, 223193772|7676, 223195178|7856, 223195438|9876, taipei+101, 
223199028|2531, 223199364|2637, 223199998|2768, 223200102|2984, 223205270|3249, 223205710|3401, 223205814|3653, 223214984|3839, 223215148|4691, 223218102|4794, 223222224|5032, 223247616|5207, 223247668|5357, 223252457|5564, 223281370|5677, 223756700|5966, 223915529|6168, 223925317|6293, 223926136|6396, 223926188|6496, 223927774|7008, 223928541|7297, 223928593|7388, 223932950|7605, 223933286|7704, 223933338|7796, 223934492|7900, 223934752|9861, pyramids+of+giza, 
223934812|2377, 223938343|2474, 223938679|2576, 223939417|2724, 223939521|2883, 223941210|3011, 223945129|3330, 223945233|3532, 223954621|3926, 223958248|4553, 223959097|4646, 223959954|4776, 223966641|4937, 223996040|5229, 224000770|5479, 224005598|5582, 224260184|5747, 224438584|5901, 224439519|6070, 224439739|6175, 224440558|6453, 224441325|6738, 224441377|6832, 224442196|7104, 224442963|7363, 224443067|7493, 224444052|7755, 224444312|9906, petronas+towers, 
224444372|2396, 224447902|2536, 224448238|2621, 224448872|2733, 224448924|2952, 224454143|3128, 224454531|3406, 224454583|3538, 224458510|3679, 224464028|3875, 224464774|4425, 224464938|4576, 224467892|4663, 224468288|4773, 224472781|4890, 224486268|4976, 224502362|5173, 224503293|5373, 224507132|5481, 224538996|5586, 224613586|5729, 224824525|5960, 224995858|6147, 225096346|6291, 225224921|6474, 225226076|6598, 225226843|6899, 225226895|7405, 225226947|7491, 225228456|7885, 225228716|9872, mirabell+gardens, 
225228776|2661, 225232307|2774, 225232643|2869, 225233329|2962, 225238985|3529, 225239037|3721, 225239141|3837, 225247987|4373, 225251053|4707, 225252135|4838, 225252239|4960, 225253118|5108, 225263456|5278, 225278618|5415, 225279609|5515, 225286966|5651, 225322900|5781, 225634580|5952, 225863162|6101, 225864149|6240, 225867556|6350, 225867892|6452, 225868689|6537, 225868909|6648, 225869728|6936, 225870525|7051, 225871292|7599, 225874882|7742, 225875218|7907, 225875270|8036, 225876507|8164, 225876675|8250, 225876935|10212, taipei+101, 
225877047|2424, 225880525|2563, 225880861|2655, 225881547|2850, 225881711|3058, 225886815|3287, 225887359|3596, 225896762|3844, 225896886|4274, 225899900|4425, 225901159|4586, 225901211|4667, 225901271|4783, 225906100|4890, 225928169|5006, 225935363|5207, 225940139|5354, 225947825|5451, 226146216|5611, 226580101|5869, 226623897|6057, 226659129|6251, 226659517|6471, 226660452|6713, 226660544|6836, 226661363|7093, 226662927|7237, 226662979|7486, 226663031|7569, 226664013|7654, 226664273|9906, mirabell+gardens, 
226667065|2424, 226668199|2543, 226668251|2644, 226668937|2770, 226674212|3151, 226674600|3347, 226678219|3704, 226683752|4051, 226683864|4176, 226687258|4420, 226688077|4682, 226688844|4786, 226705798|5112, 226705850|5226, 226714084|5420, 226717995|5557, 226981023|5700, 227222587|5916, 227223522|6244, 227223574|6342, 227224341|6554, 227225160|6687, 227225957|6799, 227226754|6973, 227226806|7194, 227226858|7303, 227227844|7564, 227228104|9868, acropolis+of+athens, 
227228164|2577, 227231693|2692, 227232663|2806, 227232715|3029, 227237935|3298, 227238271|3434, 227238375|3576, 227238427|3673, 227250608|4463, 227250660|4572, 227251531|4716, 227251643|4831, 227261616|5020, 227277985|5191, 227285453|5328, 227287056|5464, 227536235|5614, 227861761|5787, 227862924|5908, 227866439|6038, 227867236|6189, 227867456|6283, 227868275|6740, 227869042|7032, 227869094|7151, 227873452|7593, 227873840|7754, 227875246|7947, 227875506|9863, taipei+101, 
227879096|2476, 227879432|2592, 227880066|2686, 227880118|2922, 227885674|3203, 227885726|3406, 227885830|3553, 227896041|4007, 227896101|4349, 227900085|4496, 227900137|4634, 227901008|4764, 227901060|4887, 227905562|5058, 227917937|5185, 227934580|5427, 227934752|5566, 227942816|5681, 227985080|5789, 228453221|6005, 228525647|6176, 228607743|6322, 228608510|6533, 228608730|6634, 228609497|6913, 228610294|7041, 228610354|7611, 228613884|7702, 228614220|7785, 228614272|7854, 228615259|7940, 228615427|8034, 228615687|9986, pyramids+of+giza, 
228615747|2400, 228619277|2548, 228619613|2647, 228620247|2831, 228620411|3008, 228625958|3331, 228626010|3491, 228626062|3605, 228629269|3843, 228633697|4020, 228636711|4292, 228637255|4461, 228644790|4973, 228644842|5252, 228649630|5403, 228681318|5566, 228973600|5749, 229137698|5899, 229137866|6029, 229138881|6165, 229139648|6413, 229139700|6501, 229139760|6675, 229144110|6762, 229144446|6836, 229144498|6917, 229146478|7002, 229146758|7091, 229149885|7167, 229150273|7251, 229151186|7370, 229151446|9795, toronto+canada, 
229151506|2477, 229155036|2567, 229155372|2686, 229156058|2773, 229156274|3067, 229161771|3448, 229161875|3698, 229169662|4312, 229172676|4538, 229173116|4685, 229173228|4795, 229183201|4963, 229198751|5114, 229207039|5303, 229211445|5501, 229725820|5755, 229784501|5969, 229786087|6128, 229786147|6233, 229789326|6327, 229789662|6434, 229790511|6542, 229790615|6662, 229791382|6960, 229791434|7054, 229792253|7375, 229796609|7544, 229796997|7703, 229798232|7799, 229798400|7889, 229798660|9879, taipei+101, 
229798720|7755, 229802249|7841, 229803219|8085, 229803383|8382, 229808874|8681, 229808978|8828, 229814253|9157, 229816634|9477, 229816746|9735, 229821984|9994, 229839379|10214, 229855585|10398, 229859440|10532, 229892122|10658, 230199878|10863, 230422790|11001, 230484429|11136, 230485480|11253, 230486299|11368, 230487066|11701, 230487118|11792, 230487885|12011, 230491124|12131, 230492257|12254, 230492425|12423, 230492485|12614, 230496015|12700, 230496351|12787, 230496403|12883, 230497555|13058, 230497815|15241, mt.+everest, 
230497875|2356, 230501405|2500, 230501741|2586, 230502375|2718, 230502539|3008, 230507983|3262, 230508139|3379, 230513685|3580, 230517630|3813, 230521205|4260, 230522166|4417, 230525120|4497, 230529190|4645, 230545279|4819, 230558317|5027, 230559256|5146, 230567277|5295, 230721377|5429, 230999924|5705, 231000859|5834, 231001079|5922, 231001898|6252, 231002665|6349, 231002717|6446, 231003536|6646, 231005070|7139, 231005226|7231, 231006980|7575, 231007240|9909, petronas+towers, 
231007300|2462, 231010831|2600, 231011167|2689, 231011853|2776, 231012069|3019, 231017170|3246, 231017558|3444, 231017662|3694, 231027070|3875, 231030309|4487, 231031494|4631, 231032299|4775, 231038987|4908, 231039763|5003, 231068878|5232, 231073536|5445, 231112211|5549, 231150470|5653, 231424554|5836, 231711272|6034, 231786649|6252, 231787972|6379, 231789506|6911, 231789558|7013, 231790377|7291, 231791248|7608, 231792230|7777, 231792490|9790, mirabell+gardens, 
231796080|2477, 231796416|2588, 231797102|2684, 231802811|3305, 231802915|3467, 231811614|3976, 231811830|4383, 231815918|4660, 231820418|4786, 231830433|4985, 231847897|5162, 231860142|5293, 232196150|5535, 232389921|5728, 232481053|5918, 232484235|6063, 232484623|6173, 232485558|6479, 232486355|6584, 232487174|6692, 232487226|6788, 232488045|7053, 232492402|7365, 232492738|7447, 232492790|7538, 232493944|7736, 232494204|9875, mt.+everest, 
232497794|2545, 232498764|2741, 232498980|3086, 232504425|3387, 232504529|3658, 232509807|3796, 232511920|4052, 232512032|4260, 232516448|4487, 232516560|4603, 232525747|4780, 232525799|4911, 232527363|5062, 232538294|5224, 232928076|5467, 232929231|5586, 233014721|5740, 233016044|5852, 233017630|6395, 233018397|6653, 233018449|6788, 233019216|6994, 233020668|7161, 233023143|7241, 233023195|7317, 233024412|7395, 233024580|7505, 233024656|8647, 233028113|8744, 233029254|8928, 233029514|9842, toronto+canada, 
233033104|2505, 233033440|2618, 233033492|2699, 233034126|2830, 233034342|3045, 233039836|3396, 233039940|3610, 233048162|3992, 233048274|4423, 233051616|4583, 233051720|4725, 233052487|4872, 233055726|5002, 233062863|5201, 233063734|5369, 233071202|5517, 233080017|5653, 233332609|5821, 233652832|6032, 233653831|6194, 233654922|6299, 233658161|6442, 233658497|6541, 233659294|6628, 233659514|6714, 233660281|7095, 233661078|7220, 233661338|9927, cape+town, 
233661398|2470, 233664927|2584, 233665263|2683, 233665897|2790, 233665949|2979, 233669592|3198, 233671556|3411, 233671608|3594, 233671660|3714, 233679309|3874, 233679369|4220, 233682711|4426, 233683582|4612, 233684485|4751, 233699349|5008, 233719750|5188, 233727717|5307, 234077382|5556, 234265163|5753, 234335063|5851, 234344601|5959, 234345536|6051, 234345749|6147, 234349212|6253, 234349957|6372, 234350177|6480, 234351763|6984, 234356173|7291, 234356509|7386, 234357328|7486, 234358478|7632, 234358738|9964, mt.+everest, 
234358798|2293, 234362327|2377, 234362663|2475, 234363349|2574, 234367095|3029, 234369161|3336, 234374706|3585, 234376819|3860, 234379989|4360, 234381019|4499, 234381071|4619, 234386995|4752, 234387047|5036, 234388090|5144, 234400027|5273, 234689129|5433, 234790511|5568, 234879684|5711, 234880869|5843, 234882473|5980, 234883240|6124, 234884111|6280, 234888520|6571, 234888856|6663, 234888908|6761, 234891054|6894, 234891314|9778, toronto+canada, 
234891426|2549, 234894904|2641, 234895861|2750, 234896025|2956, 234901506|3340, 234901610|3507, 234909522|3805, 234912813|4316, 234913253|4428, 234914118|4571, 234931071|4759, 234947885|5056, 234959078|5201, 235401680|5461, 235497517|5674, 235580250|5809, 235581215|5922, 235582202|6028, 235582254|6157, 235583021|6364, 235583073|6462, 235583840|6682, 235583892|6786, 235584659|7019, 235584719|7310, 235588250|7390, 235588586|7486, 235588638|7601, 235589624|7692, 235589792|7786, 235590052|9823, mt.+everest, 
235590112|2356, 235593641|2447, 235593977|2627, 235594663|2755, 235594879|3019, 235600367|3402, 235600471|3540, 235611005|4000, 235611065|4232, 235614355|4387, 235615226|4515, 235615330|4618, 235616097|4733, 235620219|4915, 235646858|5070, 235652093|5220, 235653226|5397, 235653454|5522, 235660862|5650, 235701213|5774, 236095935|5988, 236097090|6305, 236098624|6950, 236098728|7460, 236099711|7819, 236099971|10364, petronas+towers, 
236100031|2479, 236103561|2598, 236104583|2705, 236104687|2943, 236106375|3050, 236110449|3491, 236115988|3788, 236118062|3951, 236121180|4393, 236122366|4592, 236132571|5185, 236133458|5293, 236142073|5473, 236371540|5631, 236558153|5805, 236558205|5954, 236559967|6353, 236563146|6459, 236563482|6545, 236564499|6650, 236565296|6753, 236566942|7277, 236571239|7350, 236572394|7432, 236572446|7542, 236575904|7933, 236576164|9854, sydney+harbour, 
236576269|2444, 236576381|2524, 236579860|2620, 236580196|2700, 236580882|2814, 236586206|3199, 236586646|3453, 236586750|3594, 236594353|3964, 236594413|4349, 236597911|4564, 236606828|4820, 236611558|5124, 236622961|5271, 236959061|5526, 237036897|5685, 237037117|5809, 237037884|5904, 237038104|6004, 237039638|6508, 237039690|6600, 237040457|6828, 237041254|6932, 237041306|7028, 237042073|7285, 237045663|7681, 237045999|7847, 237046051|7931, 237050039|8439, 237050299|9927, sydney+harbour, 
237053890|2435, 237054226|2551, 237054912|2636, 237055016|2874, 237055128|2988, 237060618|3262, 237060722|3582, 237069165|4172, 237069289|4471, 237073101|4669, 237073489|4774, 237079416|4953, 237082655|5160, 237083856|5296, 237091315|5413, 237146549|5548, 237486141|5730, 237486529|5851, 237572786|6015, 237573342|6128, 237574109|6399, 237577348|6535, 237577736|6643, 237578813|6748, 237582626|6854, 237582678|6941, 237584712|7028, 237585479|7265, 237585763|7349, 237586530|7595, 237586790|9837, toronto+canada, 
237586902|2472, 237590380|2608, 237590716|2700, 237591350|2832, 237591454|3052, 237596954|3340, 237597058|3501, 237597110|3628, 237602388|3740, 237604500|3890, 237607739|4358, 237609028|4552, 237612378|4736, 237617507|4928, 237618326|5064, 237626613|5184, 237632261|5292, 238020333|5542, 238108480|5830, 238109467|6088, 238110234|6518, 238114643|6604, 238115031|6764, 238115083|6844, 238117234|6937, 238117494|9971, toronto+canada, 
238121084|2471, 238121420|2599, 238122106|2685, 238122270|2988, 238127712|3280, 238127868|3513, 238135744|4215, 238138810|4567, 238139250|4691, 238147328|4832, 238151334|5034, 238151790|5125, 238160046|5247, 238360277|5422, 238577330|5668, 238578149|5800, 238578317|5896, 238580071|6273, 238580890|6597, 238581687|6720, 238582454|6820, 238583325|6966, 238584092|7218, 238584152|7315, 238587681|7402, 238588017|7485, 238588069|7577, 238591276|7818, 238591444|7898, 238591652|9770, 238591704|9904, sydney+harbour, 
238595295|2480, 238595631|2604, 238596265|2711, 238596317|2975, 238601922|3368, 238602078|3569, 238607614|3698, 238609688|3972, 238612702|4294, 238613142|4460, 238613194|4592, 238622075|4736, 238622127|4886, 238623014|5011, 238633662|5152, 238911916|5421, 239051261|5656, 239052226|5761, 239052278|5875, 239053265|6180, 239054032|6267, 239054799|6368, 239055618|6484, 239055678|7594, 239059209|7683, 239059545|7762, 239059597|7917, 239063584|8463, 239063844|9836, sydney+harbour, 
239067434|2519, 239067770|2622, 239068456|2714, 239068560|2933, 239072202|3062, 239074168|3416, 239074272|3597, 239081881|3766, 239082005|4269, 239086153|4468, 239086309|4627, 239095161|4800, 239095213|4916, 239099886|5178, 239230147|5490, 239512201|5677, 239524515|5801, 239524671|5902, 239525438|6287, 239525490|6387, 239526257|6594, 239527054|6722, 239527106|6825, 239527873|7235, 239527925|7374, 239528744|7611, 239532334|7694, 239532670|7776, 239533489|7863, 239536947|8138, 239536999|9760, 239537207|9869, sydney+harbour, 
