||class android.net.TrafficStats:public static long android.net.TrafficStats.getMobileTxPackets()
76775|1, 76776|2113, 76781|2230, 76783|2391, 76784|2494, 76792|2802, 76798|3142, 76799|3277, 76802|3554, 76804|3924, 76810|4142, 76811|4237, 76812|4532, 76813|4894, 76814|5151, 76815|5515, 76817|5599, 76822|5693, 76824|5792, 76825|5883, 76826|5977, 76827|6060, 76828|6424, 76829|6515, 76830|6788, 76836|6971, 76837|7217, 76839|7497, 76840|7612, 76841|7706, 76846|7862, 76856|8148, 76874|8317, 76880|8494, 76887|8674, 77023|8973, 77073|9269, 77078|9498, 77079|9631, 77085|10183, 77089|10309, empire+state+building, 
77090|2311, 77095|2411, 77097|2531, 77098|2625, 77104|2949, 77111|3217, 77113|3441, 77118|4172, 77126|4448, 77131|4607, 77145|5302, 77148|5529, 77156|5632, 77165|5745, 77253|5938, 77385|6116, 77503|6327, 77507|6441, 77513|6874, 77514|7119, 77515|7209, 77520|7305, 77525|7414, 77526|7531, 77530|7717, 77535|9754, 77540|9899, the+great+wall+of+china, 
77541|2354, 77543|2445, 77547|2564, 77548|2669, 77556|2997, 77564|3404, 77567|3598, 77570|3732, 77573|4232, 77581|4448, 77582|4696, 77590|5069, 77591|5299, 77597|5409, 77613|5567, 77658|5734, 77739|5884, 77811|6085, 77812|6221, 77816|6524, 77818|7085, 77819|7227, 77821|7340, 77823|7520, 77833|9900, acropolis+of+athens, 
77836|2404, 77839|2505, 77841|2604, 77842|2709, 77846|3018, 77855|3353, 77856|3511, 77857|3643, 77864|4242, 77877|4488, 77890|4869, 77909|5105, 77910|5386, 77921|5544, 77928|5675, 78021|5829, 78094|5964, 78097|6070, 78100|6270, 78103|6371, 78104|6476, 78106|6560, 78108|7448, 78113|7555, 78115|7640, 78119|8083, 78129|9847, petronas+towers, 
78130|2359, 78135|2442, 78137|2566, 78138|2735, 78140|2881, 78142|2981, 78151|3321, 78153|3444, 78158|3834, 78167|4233, 78172|4431, 78174|4658, 78175|5034, 78183|5305, 78184|5431, 78189|5567, 78252|5919, 78371|6152, 78400|6265, 78405|6368, 78406|6882, 78407|6986, 78408|7267, 78409|7369, 78410|7451, 78412|7647, 78417|9734, 78422|9865, acropolis+of+athens, 
78423|2349, 78425|2438, 78429|2560, 78430|2651, 78431|2797, 78442|3213, 78444|3432, 78446|3597, 78449|3927, 78450|4234, 78461|4508, 78464|4600, 78469|4759, 78478|4923, 78491|5063, 78525|5240, 78613|5577, 78621|5771, 78624|6253, 78626|6350, 78628|6849, 78630|6956, 78631|7146, 78633|7444, 78634|7736, 78644|9943, wencelas+square+prague, 
78645|2276, 78647|2354, 78651|2439, 78653|2627, 78659|2960, 78665|3224, 78668|3471, 78672|3764, 78678|4330, 78687|4513, 78689|4773, 78692|4921, 78705|5099, 78743|5260, 78789|5543, 78867|5747, 78873|5885, 78878|6058, 78880|6288, 78881|6611, 78882|6717, 78884|6934, 78885|7288, 78887|7574, 78888|7695, 78890|7866, 78900|9901, 78902|11047, wencelas+square+prague, 
78903|2292, 78905|2373, 78908|2464, 78910|2595, 78911|2704, 78913|2824, 78921|3083, 78924|3297, 78926|3459, 78931|3747, 78934|4172, 78942|4330, 78946|4475, 78949|4724, 78966|4920, 78977|5182, 78979|5346, 78991|5449, 78996|5571, 79065|5711, 79158|5895, 79161|6009, 79164|6099, 79166|6204, 79170|6531, 79172|6639, 79173|7121, 79176|7402, 79179|7690, 79181|8035, 79182|8229, 79188|9796, 79192|10000, petronas+towers, 
79193|2348, 79195|2428, 79199|2537, 79200|2619, 79201|2732, 79203|2851, 79211|3119, 79215|3360, 79216|3509, 79221|3951, 79224|4144, 79229|4297, 79232|4425, 79234|4567, 79236|4686, 79242|4812, 79248|4970, 79262|5114, 79263|5423, 79285|5633, 79315|5830, 79361|5953, 79396|6079, 79417|6173, 79458|6297, 79501|6481, 79510|6587, 79511|7298, 79515|7407, 79518|7491, 79524|8155, 79525|9282, 79528|9369, 79532|9478, 79534|9671, 79544|9901, big+ben, 
79547|2362, 79550|2451, 79552|2591, 79555|2814, 79557|2943, 79563|3129, 79567|3388, 79568|3530, 79573|3868, 79583|4479, 79589|4672, 79595|4973, 79611|5137, 79683|5381, 79754|5617, 79794|5764, 79839|5880, 79876|6013, 79878|6107, 79882|6210, 79883|6314, 79887|6447, 79892|6579, 79896|6702, 79897|6826, 79899|7020, 79901|7117, 79904|7216, 79907|7301, 79909|7385, 79911|7466, 79912|7550, 79916|8000, 79921|9782, 79926|9926, singapore, 
79927|2330, 79929|2417, 79932|2505, 79934|2613, 79935|2849, 79939|2984, 79945|3281, 79950|3576, 79956|4143, 79957|4364, 79963|4523, 79964|4640, 79967|4753, 79980|4938, 79982|5031, 79984|5149, 79987|5369, 79988|5597, 79991|5722, 79993|5810, 80063|5929, 80104|6140, 80110|6267, 80121|6351, 80128|6450, 80129|6548, 80130|6739, 80140|9761, big+ben, 
80143|7391, 80148|7534, 80153|7674, 80162|7867, 80165|8174, 80166|8345, 80169|8509, 80172|9136, 80176|9296, 80185|9433, 80187|9543, 80204|9692, 80276|10139, 80330|10306, 80333|10440, 80337|10588, 80338|10779, 80339|11035, 80340|11151, 80341|11630, 80342|11972, 80344|12140, 80345|12229, 80347|12445, 80357|14738, wencelas+square+prague, 
80358|2305, 80360|2435, 80364|2551, 80365|2647, 80366|2771, 80370|2936, 80377|3153, 80380|3370, 80381|3479, 80383|3991, 80391|4490, 80403|4736, 80411|5066, 80431|5291, 80486|5449, 80543|5588, 80590|5726, 80663|5906, 80718|6068, 80725|6171, 80726|6270, 80727|6600, 80728|6925, 80732|7235, 80736|7332, 80737|7414, 80738|7493, 80739|7574, 80743|7705, 80748|9765, 80753|9894, pyongyang, 
80756|2387, 80759|2486, 80760|2600, 80762|2727, 80766|2992, 80775|3292, 80777|3516, 80780|3651, 80782|4258, 80789|4455, 80790|4573, 80797|4699, 80801|4807, 80809|5007, 80817|5138, 80823|5277, 80832|5446, 80842|5579, 80863|5709, 80904|5833, 80943|5952, 81050|6147, 81074|6305, 81080|6407, 81085|6510, 81086|6610, 81090|6711, 81091|6811, 81093|7098, 81094|7252, 81095|7566, 81100|7687, 81102|7795, 81105|8054, 81106|8154, 81111|9737, 81116|9876, taipei+101, 
81117|2362, 81121|2529, 81123|2619, 81124|2710, 81125|2826, 81128|2949, 81136|3181, 81140|3455, 81143|3740, 81145|3843, 81146|4193, 81148|4336, 81158|4597, 81159|4745, 81165|4878, 81178|5260, 81188|5377, 81324|5625, 81394|5799, 81458|5924, 81462|6026, 81466|6148, 81467|6252, 81468|6482, 81470|6874, 81476|6950, 81484|7037, 81486|7111, 81495|7273, 81497|7368, 81499|7963, 81500|8213, 81510|9814, pyongyang, 
81511|2425, 81513|2601, 81516|2717, 81519|2868, 81521|2972, 81532|3244, 81535|3562, 81537|3689, 81546|4291, 81550|4484, 81555|4609, 81559|4869, 81572|5677, 81614|5827, 81772|5996, 81776|6132, 81777|6738, 81778|6887, 81780|7235, 81781|7325, 81789|9756, big+ben, 
81790|2424, 81792|2511, 81797|2652, 81798|2817, 81801|2961, 81808|3141, 81813|3493, 81817|3747, 81818|3904, 81819|4233, 81829|4399, 81830|4540, 81834|4657, 81839|4771, 81856|4870, 81857|4997, 81861|5163, 81871|5276, 81877|5427, 81911|5628, 81971|5859, 82015|6046, 82040|6136, 82069|6241, 82087|6332, 82103|6445, 82104|6538, 82108|6713, 82109|7177, 82113|7263, 82118|7365, 82119|7446, 82120|7682, 82123|7932, 82126|8518, 82128|8637, 82129|8983, 82135|9866, 82139|9969, big+ben, 
82142|2320, 82147|2477, 82148|2608, 82150|2846, 82157|3006, 82161|3274, 82163|3478, 82168|3861, 82171|4294, 82179|4442, 82181|4655, 82188|4837, 82193|4944, 82205|5109, 82220|5310, 82222|5449, 82234|5627, 82243|5742, 82310|5921, 82384|6079, 82421|6184, 82442|6300, 82444|6416, 82445|6548, 82447|7310, 82451|7923, 82452|8032, 82462|11021, colosseum+rome, 
82463|2320, 82466|2401, 82470|2537, 82471|2627, 82472|2750, 82475|2894, 82482|3081, 82487|3398, 82493|4154, 82500|4472, 82508|4646, 82522|5168, 82530|5426, 82539|5539, 82604|5724, 82758|5906, 82869|6079, 82873|6222, 82880|6790, 82885|6924, 82890|7069, 82892|7180, 82893|7285, 82900|7395, 82902|7491, 82903|7666, 82907|7786, 82917|9903, the+great+wall+of+china, 
82920|2583, 82923|2665, 82926|2783, 82929|2965, 82939|3326, 82941|3452, 82946|3772, 82955|4349, 82961|4572, 82971|4768, 82973|4929, 82981|5103, 83004|5313, 83120|5537, 83208|5778, 83262|5959, 83270|6056, 83273|6301, 83274|6473, 83275|6644, 83278|6808, 83282|6902, 83284|6993, 83287|7142, 83288|7230, 83298|9863, singapore, 
83299|2283, 83301|2362, 83306|2475, 83307|2597, 83311|2875, 83316|3027, 83321|3357, 83322|3529, 83327|3889, 83336|4432, 83339|4655, 83345|4815, 83347|4977, 83362|5137, 83405|5309, 83504|5576, 83589|5809, 83638|5954, 83645|6084, 83648|6200, 83649|6297, 83651|6723, 83652|6847, 83653|7171, 83659|7259, 83662|7372, 83666|7529, 83671|9694, 83676|9844, singapore, 
83677|2389, 83682|2496, 83688|2677, 83694|2811, 83697|2961, 83702|3256, 83704|3644, 83705|3889, 83706|4012, 83711|4202, 83717|4354, 83718|4660, 83721|4781, 83726|5020, 83733|5179, 83752|5336, 83753|5531, 83760|5694, 83779|5871, 83784|5981, 83854|6151, 83912|6257, 83955|6388, 83959|6473, 83960|6555, 83961|6764, 83962|6846, 83963|7009, 83973|9789, petronas+towers, 
83974|2242, 83979|2344, 83980|2457, 83981|2551, 83982|2649, 83986|2923, 83995|3156, 83997|3463, 84001|3654, 84002|3751, 84005|4128, 84013|4341, 84019|4666, 84021|4848, 84033|4975, 84080|5152, 84239|5396, 84281|5570, 84308|5770, 84315|5872, 84317|5978, 84322|6089, 84324|6486, 84326|6588, 84328|6712, 84332|7045, 84336|7139, 84337|7218, 84341|7377, 84351|9930, singapore, 
84352|2408, 84354|2487, 84358|2594, 84359|2684, 84360|2822, 84362|2988, 84371|3313, 84373|3477, 84375|3629, 84380|4178, 84386|4453, 84388|4566, 84391|4686, 84394|4823, 84407|5042, 84418|5202, 84427|5665, 84432|5927, 84443|6022, 84456|6160, 84537|6366, 84610|6535, 84634|6644, 84654|6777, 84655|7545, 84656|7640, 84660|8219, 84670|9920, colosseum+rome, 
84671|2448, 84674|2665, 84677|2801, 84689|2974, 84700|3301, 84701|3569, 84706|3921, 84707|4129, 84721|4396, 84722|4610, 84736|4816, 84739|4998, 84753|5122, 84807|5348, 84880|5580, 84923|5718, 84960|5828, 84998|5938, 85041|6093, 85075|6207, 85090|6364, 85091|6478, 85095|6604, 85096|6982, 85101|7064, 85109|7153, 85112|7232, 85118|7355, 85120|7455, 85125|9827, 85128|9937, 85130|10023, peking, 
85131|2342, 85136|2482, 85138|2580, 85139|2677, 85141|2917, 85143|3030, 85149|3273, 85153|3516, 85154|3659, 85159|4210, 85160|4417, 85169|4630, 85171|5038, 85178|5209, 85180|5400, 85192|5510, 85201|5613, 85334|5868, 85480|6095, 85522|6275, 85524|6400, 85525|6814, 85529|6901, 85535|6995, 85539|7070, 85543|7166, 85550|7255, 85552|7345, 85553|7883, 85563|9804, peking, 
85564|2362, 85566|2445, 85570|2550, 85571|2633, 85572|2771, 85574|2913, 85582|3233, 85587|3491, 85592|3994, 85593|4336, 85603|4545, 85607|4659, 85618|4872, 85626|5166, 85662|5371, 85751|5591, 85835|5778, 85876|5912, 85881|6467, 85882|6775, 85884|7068, 85889|7145, 85897|7234, 85899|7315, 85902|7397, 85904|7471, 85905|7561, 85910|7769, 85912|7849, 85913|7939, 85923|9851, 85924|10274, cape+town, 
85926|2411, 85930|2514, 85932|2628, 85933|2760, 85936|3010, 85946|3398, 85948|3593, 85954|3982, 85958|4474, 85968|4636, 85969|4756, 85972|4891, 85982|5124, 85985|5279, 85998|5478, 86001|5608, 86018|5765, 86027|5875, 86102|5998, 86190|6133, 86192|6251, 86193|6351, 86197|6462, 86199|6962, 86201|7311, 86202|7475, 86204|7595, 86207|7888, 86215|9783, 86217|9899, petronas+towers, 
86218|2339, 86220|2437, 86224|2533, 86225|2620, 86226|2723, 86236|3108, 86241|3520, 86246|3957, 86249|4360, 86256|4511, 86257|4674, 86258|4821, 86272|5341, 86275|5483, 86285|5580, 86293|5697, 86358|5846, 86468|5989, 86588|6148, 86631|6274, 86635|6373, 86637|6479, 86638|6585, 86640|7125, 86641|7359, 86643|7460, 86647|7550, 86648|7625, 86651|7869, 86652|7984, 86662|9828, the+great+wall+of+china, 
86665|2345, 86668|2471, 86670|2562, 86671|2697, 86673|2808, 86675|2911, 86684|3231, 86686|3382, 86688|3592, 86691|3709, 86698|4277, 86706|4439, 86714|4876, 86723|5137, 86737|5262, 86760|5447, 86872|5660, 86914|5849, 86916|5945, 86917|6051, 86920|6522, 86922|6864, 86923|6987, 86927|7136, 86931|7237, 86932|7321, 86936|7770, 86937|7858, 86942|9705, 86947|9855, sydney+harbour, 
86948|2337, 86953|2433, 86955|2547, 86956|2642, 86958|2900, 86968|3269, 86971|3428, 86976|3968, 86977|4136, 86986|4328, 86987|4448, 86988|4632, 86993|4751, 87010|5153, 87032|5398, 87110|5606, 87153|5732, 87193|5861, 87200|6155, 87204|6237, 87205|6351, 87210|6484, 87211|6726, 87214|6798, 87218|6878, 87219|6953, 87220|7029, 87221|7119, 87222|7207, 87227|7686, 87228|7805, 87233|9862, 87238|10012, pyeongchang, 
87241|2308, 87244|2429, 87246|2533, 87247|2650, 87251|2898, 87260|3276, 87262|3463, 87263|3835, 87268|4017, 87278|4345, 87284|4610, 87287|4832, 87292|5031, 87313|5204, 87319|5426, 87329|5531, 87333|5638, 87417|5844, 87493|6040, 87524|6146, 87562|6255, 87609|6396, 87612|6505, 87613|6810, 87614|7155, 87615|7524, 87620|7620, 87621|7710, 87622|7785, 87625|7949, 87626|8045, 87631|9757, 87636|9909, pyramids+of+giza, 
87637|2252, 87642|2378, 87644|2495, 87645|2589, 87647|2831, 87651|2949, 87657|3235, 87660|3451, 87663|3679, 87668|4159, 87673|4391, 87684|4581, 87685|4740, 87692|4915, 87694|5088, 87700|5191, 87715|5315, 87775|5475, 87853|5603, 87937|5800, 87978|5948, 87985|6078, 87992|6377, 87996|6477, 87997|6577, 88002|6714, 88004|6994, 88005|7283, 88008|7404, 88012|7485, 88013|7562, 88016|7748, 88017|7844, 88022|9800, 88027|9891, singapore, 
88028|2390, 88030|2473, 88035|2613, 88036|2723, 88038|2879, 88041|3005, 88049|3336, 88051|3510, 88056|3763, 88067|4524, 88071|4684, 88075|4930, 88085|5121, 88099|5306, 88103|5439, 88114|5542, 88118|5649, 88226|5843, 88332|6012, 88356|6149, 88386|6360, 88391|6458, 88392|6559, 88393|6978, 88394|7089, 88395|7212, 88398|7765, 88401|7843, 88403|7939, 88406|8133, 88407|8247, 88412|9820, 88417|9961, pyramids+of+giza, 
88420|2346, 88424|2448, 88425|2550, 88426|2659, 88429|2862, 88432|3012, 88439|3234, 88441|3563, 88446|3726, 88449|4236, 88453|4441, 88462|4755, 88467|4935, 88472|5112, 88484|5227, 88544|5393, 88631|5560, 88749|5823, 88765|5933, 88771|6036, 88776|6580, 88780|6672, 88781|6757, 88785|6849, 88790|6928, 88793|7010, 88795|7088, 88797|7166, 88801|7267, 88803|7358, 88804|7431, 88805|7547, 88815|9861, pyongyang, 
88818|2403, 88824|2547, 88825|2730, 88828|2879, 88831|2985, 88836|3208, 88841|3525, 88844|3880, 88845|4217, 88850|4347, 88852|4431, 88853|4534, 88854|4626, 88856|4757, 88858|4832, 88862|4919, 88863|5010, 88865|5100, 88866|5363, 88867|5455, 88868|5724, 88869|5816, 88872|6402, 88873|6521, 88879|7710, 88881|8093, 88882|8236, 88884|8352, 88889|8532, 88918|8799, 88926|9216, 88936|9492, 89018|9705, 89108|9960, 89124|10163, 89125|10297, 89130|10534, 89135|10729, empire+state+building, 
89137|2371, 89139|2460, 89143|2567, 89144|2659, 89145|2775, 89147|2890, 89151|3045, 89157|3307, 89160|3465, 89163|3908, 89170|4220, 89171|4321, 89172|4586, 89174|5124, 89175|5220, 89177|5749, 89178|5848, 89180|6434, 89181|6533, 89185|6622, 89189|6710, 89190|6811, 89191|6905, 89192|7008, 89198|7640, 89201|8227, 89202|8391, 89207|8561, 89235|8821, 89247|9294, 89273|9560, 89434|9877, 89440|10207, 89450|10639, empire+state+building, 
89453|2378, 89456|2468, 89458|2600, 89459|2694, 89461|2841, 89463|2944, 89471|3224, 89474|3365, 89478|4023, 89491|4399, 89493|4544, 89496|4653, 89505|4825, 89540|5010, 89580|5242, 89621|5449, 89630|5584, 89633|5767, 89634|6050, 89635|6198, 89639|6511, 89644|6613, 89647|6717, 89649|6814, 89650|6945, 89651|7357, 89652|7443, 89653|7631, 89663|9903, wencelas+square+prague, 
89664|2336, 89669|2415, 89671|2514, 89672|2614, 89674|2900, 89682|3120, 89686|3360, 89687|3484, 89692|3994, 89701|4346, 89704|4492, 89705|4618, 89710|4780, 89712|4968, 89724|5073, 89736|5171, 89766|5274, 89803|5411, 89970|5644, 90050|5798, 90064|5928, 90067|6171, 90076|6360, 90080|6499, 90084|6584, 90087|6678, 90090|6757, 90091|6839, 90093|6926, 90097|7532, 90107|9838, peking, 
90108|2550, 90110|2639, 90113|2756, 90116|2878, 90125|3042, 90128|3197, 90131|3477, 90134|3673, 90139|4232, 90140|4354, 90142|4520, 90146|4654, 90152|4757, 90157|4873, 90162|4987, 90177|5137, 90180|5270, 90197|5439, 90227|5576, 90238|5675, 90346|5843, 90441|5993, 90478|6178, 90487|6377, 90492|6811, 90493|7019, 90495|7139, 90497|7267, 90499|7411, 90500|7512, 90502|7623, 90507|9823, 90512|10017, mirabell+gardens, 
90515|2331, 90518|2417, 90520|2528, 90521|2651, 90523|2820, 90525|2948, 90536|3342, 90539|3627, 90541|3887, 90542|4068, 90548|4237, 90560|4469, 90565|4617, 90566|4866, 90574|5241, 90579|5560, 90591|5689, 90621|5861, 90764|6067, 90789|6236, 90793|6536, 90794|6685, 90795|7284, 90796|7372, 90798|7567, 90803|9747, 90808|9874, acropolis+of+athens, 
90810|2330, 90812|2407, 90816|2517, 90818|2625, 90820|2849, 90822|2961, 90833|3417, 90835|3749, 90838|4011, 90843|4356, 90854|4576, 90860|4725, 90869|4838, 90876|4951, 90884|5289, 90891|5571, 90900|5689, 90926|5808, 90983|5971, 91046|6124, 91062|6237, 91065|6331, 91066|6433, 91068|6643, 91073|6748, 91075|6861, 91080|6971, 91082|7131, 91085|7495, 91087|7969, 91092|9697, 91097|9882, eiffel+tower, 
91098|2333, 91103|2455, 91104|2547, 91106|2651, 91108|2808, 91116|3047, 91121|3316, 91126|3799, 91127|4168, 91137|4410, 91138|4518, 91139|4645, 91146|4780, 91148|4881, 91167|5038, 91172|5155, 91181|5318, 91198|5454, 91334|5803, 91384|5990, 91411|6076, 91416|6194, 91418|6568, 91420|6669, 91421|6800, 91422|7224, 91427|7309, 91429|7402, 91436|8146, 91446|9948, big+ben, 
91447|2325, 91449|2408, 91453|2518, 91454|2603, 91455|2760, 91457|2900, 91465|3152, 91468|3332, 91470|3561, 91473|3673, 91475|3832, 91476|4254, 91482|4384, 91488|4562, 91493|4667, 91496|4774, 91503|4896, 91510|5003, 91511|5145, 91512|5388, 91527|5551, 91529|5653, 91539|5764, 91545|5873, 91650|6031, 91700|6163, 91709|6291, 91714|6391, 91716|6491, 91720|6600, 91721|6726, 91722|7567, 91723|7660, 91727|7934, 91737|9900, eiffel+tower, 
91738|2272, 91740|2377, 91744|2500, 91745|2587, 91746|2674, 91748|2854, 91751|2981, 91758|3262, 91761|3501, 91766|3987, 91769|4291, 91779|4503, 91782|4634, 91785|4894, 91792|5075, 91794|5215, 91805|5311, 91816|5432, 91916|5641, 92001|5841, 92057|6165, 92062|6285, 92063|6494, 92064|6587, 92065|6677, 92070|6778, 92073|6866, 92074|6946, 92078|7046, 92079|7141, 92084|9841, 92089|10009, cape+town, 
92090|2343, 92092|2542, 92097|2681, 92098|2818, 92101|2941, 92108|3171, 92113|3485, 92116|3741, 92118|3824, 92124|4326, 92129|4511, 92135|5123, 92137|5233, 92156|5351, 92200|5515, 92390|5805, 92434|6013, 92438|6112, 92439|6224, 92442|6708, 92444|6803, 92448|6906, 92452|7008, 92453|7101, 92457|7263, 92467|9914, singapore, 
92470|2340, 92473|2428, 92475|2550, 92476|2658, 92480|2915, 92486|3074, 92489|3317, 92491|3472, 92496|3861, 92497|4247, 92511|4554, 92512|4943, 92525|5152, 92527|5356, 92537|5481, 92573|5642, 92670|5855, 92715|5993, 92799|6202, 92874|6374, 92886|6476, 92891|6591, 92894|7147, 92895|7537, 92899|7632, 92905|7727, 92909|8089, 92911|8528, 92916|8624, 92918|8743, 92919|8870, 92929|9833, the+great+wall+of+china, 
92930|2347, 92932|2425, 92936|2540, 92937|2655, 92938|2797, 92942|2950, 92952|3322, 92953|3473, 92956|3655, 92958|3821, 92962|4649, 92969|4773, 92973|4926, 92978|5074, 92986|5434, 93000|5573, 93002|5694, 93013|5807, 93031|5952, 93211|6248, 93214|6374, 93215|6473, 93216|6774, 93218|7098, 93224|7264, 93228|7405, 93232|7494, 93238|8014, 93239|8109, 93241|8200, 93242|8303, 93252|9774, colosseum+rome, 
93253|2321, 93258|2429, 93260|2554, 93261|2673, 93264|2896, 93272|3161, 93276|3340, 93278|3508, 93279|3632, 93290|4276, 93298|4540, 93303|4707, 93304|4884, 93312|5412, 93318|5616, 93337|5774, 93380|5902, 93469|6078, 93563|6262, 93578|6459, 93580|6553, 93582|6736, 93584|6822, 93590|6901, 93593|7012, 93597|7240, 93602|9821, 93607|9998, cape+town, 
93608|2311, 93610|2407, 93613|2508, 93615|2598, 93616|2698, 93618|2873, 93626|2998, 93630|3377, 93631|3501, 93634|3902, 93641|4378, 93642|4468, 93643|4835, 93644|5105, 93645|5461, 93649|5548, 93653|5634, 93654|5726, 93656|5825, 93659|6404, 93660|6499, 93661|6590, 93662|7048, 93669|7466, 93672|8023, 93675|8225, 93680|8461, 93706|8647, 93718|9138, 93905|9776, 93911|9979, 93916|10472, 93921|10603, empire+state+building, 
93924|2365, 93928|2482, 93929|2579, 93930|2698, 93934|2985, 93940|3260, 93945|3472, 93950|3929, 93951|4127, 93956|4266, 93958|4403, 93961|4544, 93965|4683, 93969|4832, 93979|4954, 93986|5207, 94001|5334, 94003|5552, 94016|5751, 94034|5896, 94189|6105, 94219|6262, 94220|6358, 94224|6544, 94225|6636, 94227|7115, 94230|7510, 94234|8058, 94239|9728, 94244|9877, colosseum+rome, 
94245|2385, 94246|2467, 94250|2567, 94252|2666, 94253|2798, 94256|2899, 94266|3262, 94268|3491, 94272|3828, 94275|4163, 94284|4346, 94288|4486, 94300|4719, 94318|4921, 94327|5089, 94397|5333, 94440|5556, 94445|5708, 94446|5970, 94447|6088, 94448|6396, 94449|6623, 94451|6741, 94452|7330, 94453|7431, 94455|7527, 94460|9814, 94465|9935, wencelas+square+prague, 
94471|2378, 94473|2472, 94474|2660, 94476|2799, 94478|2917, 94486|3158, 94487|3326, 94489|3540, 94493|4139, 94502|4452, 94504|4574, 94508|4802, 94512|4931, 94519|5121, 94543|5345, 94565|5518, 94594|5669, 94683|5886, 94724|6046, 94732|6176, 94733|6331, 94736|6776, 94737|7110, 94738|7406, 94742|7502, 94747|7624, 94750|7888, 94751|7980, 94756|9711, 94761|9866, burj+khalifa, 
94762|2231, 94767|2336, 94769|2456, 94770|2550, 94775|2916, 94783|3285, 94785|3432, 94786|3571, 94789|3685, 94790|3789, 94793|4419, 94799|4574, 94806|4768, 94815|5061, 94836|5223, 94943|5427, 94999|5696, 95007|5863, 95012|6364, 95014|6473, 95016|7022, 95018|7266, 95020|7346, 95024|7427, 95025|7514, 95026|7604, 95027|7687, 95031|7962, 95036|9762, 95041|9896, pyeongchang, 
95042|2307, 95047|2394, 95050|2525, 95051|2615, 95052|2720, 95054|2863, 95058|3004, 95065|3378, 95066|3744, 95069|3852, 95078|4208, 95080|4355, 95084|4561, 95091|4835, 95093|4937, 95100|5093, 95108|5262, 95115|5516, 95121|5640, 95132|5777, 95250|6058, 95325|6246, 95331|6365, 95334|6468, 95336|6576, 95337|6694, 95339|7170, 95342|7294, 95343|7408, 95345|7764, 95355|9934, colosseum+rome, 
95356|2222, 95358|2325, 95363|2439, 95364|2524, 95366|2792, 95370|2914, 95378|3323, 95379|3476, 95384|3780, 95385|4039, 95388|4236, 95394|4352, 95399|4551, 95400|4667, 95401|4786, 95402|5207, 95414|5467, 95421|5717, 95442|5839, 95444|5940, 95445|6303, 95446|6581, 95447|6899, 95448|7261, 95449|7585, 95450|7922, 95458|9922, big+ben, 
95461|2329, 95466|2478, 95467|2661, 95471|2919, 95485|3338, 95490|3626, 95491|3871, 95497|4358, 95502|4502, 95505|4712, 95507|4844, 95514|4957, 95540|5252, 95586|5466, 95642|5613, 95655|5779, 95656|6243, 95657|6460, 95658|6771, 95666|7217, 95670|7350, 95674|7441, 95675|7629, 95677|7728, 95678|8041, 95688|9901, wencelas+square+prague, 
95690|2409, 95694|2510, 95696|2604, 95697|2687, 95699|2854, 95702|2983, 95710|3314, 95712|3456, 95727|4380, 95732|4525, 95738|4614, 95740|4701, 95746|4827, 95752|4955, 95753|5092, 95757|5403, 95768|5512, 95770|5636, 95775|5738, 95785|5850, 95831|5987, 95919|6231, 95947|6385, 95952|6488, 95953|6904, 95954|7307, 95955|7392, 95959|7841, 95964|9846, 95969|9979, eiffel+tower, 
95970|2329, 95975|2432, 95976|2529, 95978|2621, 95980|2928, 95988|3316, 95992|3490, 95993|3620, 95996|3856, 95998|4068, 96001|4251, 96009|4470, 96013|4590, 96028|4819, 96041|5066, 96056|5237, 96065|5361, 96179|5546, 96289|5819, 96295|5927, 96296|6020, 96297|6117, 96298|6218, 96300|6740, 96303|7339, 96308|7489, 96311|7687, 96312|7781, 96317|9782, 96322|9940, taipei+101, 
96323|2283, 96328|2430, 96330|2527, 96331|2775, 96334|2870, 96337|2960, 96346|3333, 96349|3663, 96350|3843, 96351|4143, 96352|4298, 96357|4578, 96361|4739, 96373|4964, 96374|5091, 96387|5357, 96414|5495, 96423|5634, 96468|5777, 96522|5927, 96553|6044, 96576|6170, 96581|6266, 96586|6466, 96588|6758, 96590|6883, 96593|7446, 96598|7549, 96603|7650, 96604|7746, 96608|7929, 96613|9772, 96618|9881, burj+khalifa, 
96619|2329, 96622|2431, 96625|2543, 96626|2628, 96627|2768, 96629|2879, 96631|2998, 96642|3457, 96645|3755, 96647|3937, 96658|4373, 96662|4529, 96663|4656, 96667|4773, 96670|4893, 96677|5010, 96690|5211, 96712|5368, 96723|5492, 96792|5766, 96827|5893, 96874|6026, 96881|6165, 96888|6262, 96892|6358, 96895|6458, 96896|6676, 96898|7574, 96903|7678, 96905|7792, 96909|8060, 96919|9946, burj+khalifa, 
96920|2415, 96925|2498, 96927|2633, 96928|2741, 96930|2934, 96934|3063, 96941|3374, 96942|3533, 96943|3628, 96948|3937, 96949|4346, 96958|4509, 96960|4658, 96966|4906, 96968|5132, 96974|5255, 96980|5378, 97024|5618, 97080|5809, 97117|5938, 97155|6043, 97208|6212, 97291|6367, 97336|6508, 97376|6631, 97406|6726, 97428|6824, 97432|6927, 97433|7006, 97434|7090, 97435|7581, 97436|7682, 97446|9861, peking, 
97447|2303, 97449|2399, 97453|2506, 97455|2607, 97457|2868, 97460|2991, 97468|3300, 97469|3442, 97470|3685, 97475|4001, 97482|4274, 97485|4452, 97488|4566, 97494|4716, 97502|4879, 97504|5178, 97517|5297, 97579|5506, 97669|5719, 97746|5914, 97760|6064, 97764|6290, 97768|6612, 97778|6701, 97781|6788, 97784|6865, 97787|6953, 97793|7472, 97795|7815, 97796|7909, 97806|9829, cape+town, 
97809|2323, 97812|2416, 97814|2527, 97815|2616, 97817|2882, 97825|3137, 97828|3324, 97831|3865, 97832|3962, 97839|4265, 97844|4473, 97854|4630, 97856|4785, 97862|4893, 97868|5000, 97869|5171, 97878|5695, 97885|5917, 97893|6023, 97920|6136, 98019|6326, 98056|6492, 98060|6599, 98061|6996, 98062|7373, 98064|7475, 98065|7572, 98069|7865, 98079|9943, eiffel+tower, 
98080|2376, 98083|2469, 98087|2582, 98088|2670, 98091|2833, 98093|2962, 98099|3225, 98103|3486, 98104|3756, 98109|3937, 98111|4509, 98112|4655, 98117|4814, 98126|5051, 98132|5195, 98143|5322, 98177|5495, 98306|5714, 98369|5854, 98427|5972, 98437|6099, 98439|6186, 98441|6752, 98442|7005, 98448|7082, 98451|7166, 98452|7244, 98453|7331, 98456|7686, 98457|7765, 98458|8022, 98463|9880, 98468|9997, pyongyang, 
98469|1468, 98470|2298, 98472|2376, 98475|2483, 98477|2578, 98478|2674, 98482|2962, 98493|3433, 98499|4211, 98507|4397, 98510|4561, 98514|4770, 98517|4930, 98528|5042, 98538|5160, 98689|5418, 98757|5544, 98776|5699, 98808|5886, 98813|6021, 98815|6131, 98820|6273, 98823|6905, 98828|7099, 98832|7177, 98833|7254, 98834|7332, 98838|7458, 98848|9809, singapore, 
98849|2445, 98851|2533, 98855|2622, 98856|2706, 98857|2837, 98859|2947, 98872|3499, 98877|3836, 98880|4387, 98887|4528, 98897|4768, 98904|5126, 98915|5254, 99024|5547, 99062|5720, 99094|5944, 99099|6050, 99102|6153, 99103|6251, 99105|6669, 99106|7002, 99107|7157, 99112|7241, 99115|7323, 99116|7482, 99120|7591, 99121|7725, 99126|9845, 99131|9958, pyeongchang, 
99132|2375, 99137|2500, 99139|2628, 99140|2716, 99142|2892, 99144|3017, 99155|3460, 99160|3945, 99161|4079, 99164|4344, 99169|4439, 99173|4838, 99177|5160, 99182|5269, 99187|5499, 99189|5859, 99190|6200, 99191|6534, 99192|6818, 99194|7201, 99196|7291, 99197|7399, 99205|9795, big+ben, 
99206|2343, 99211|2535, 99212|2628, 99213|2743, 99217|2889, 99224|3059, 99228|3290, 99229|3570, 99234|3783, 99244|4382, 99249|4553, 99252|4755, 99256|4870, 99258|4970, 99275|5099, 99292|5305, 99309|5437, 99338|5551, 99384|5757, 99442|5925, 99489|6052, 99527|6170, 99568|6285, 99592|6454, 99593|6598, 99594|6811, 99595|6950, 99596|7349, 99597|7437, 99599|7614, 99609|10340, mirabell+gardens, 
99610|2436, 99612|2541, 99616|2636, 99617|2733, 99620|2876, 99624|3040, 99631|3243, 99633|3431, 99634|3653, 99637|3774, 99638|4033, 99640|4292, 99651|4501, 99653|4629, 99658|4800, 99661|5027, 99665|5131, 99677|5226, 99741|5431, 99755|5579, 99817|5784, 99859|5907, 99932|6081, 100002|6293, 100003|6600, 100005|6695, 100009|6772, 100018|6867, 100019|6952, 100023|7043, 100025|7143, 100026|7242, 100027|9152, 100037|9864, peking, 
100038|3214, 100043|3354, 100045|3453, 100046|3565, 100049|3782, 100056|3948, 100059|4195, 100061|4376, 100066|4797, 100068|5045, 100076|5284, 100080|5451, 100081|5582, 100087|5742, 100089|5839, 100107|5982, 100109|6172, 100137|6314, 100178|6588, 100240|6776, 100277|6894, 100300|7026, 100308|7137, 100310|7235, 100312|7620, 100314|8050, 100315|8177, 100320|8265, 100323|8381, 100327|8571, 100337|10826, burj+khalifa, 
100338|2355, 100340|2437, 100344|2564, 100345|2644, 100348|2852, 100352|3006, 100356|3252, 100360|3435, 100361|3585, 100366|4140, 100367|4425, 100375|4637, 100377|4740, 100382|4866, 100389|5078, 100401|5225, 100440|5419, 100527|5628, 100587|5805, 100644|5958, 100684|6132, 100688|6634, 100695|6754, 100697|6909, 100702|7052, 100703|7198, 100704|7473, 100706|7551, 100710|7636, 100711|7706, 100715|7881, 100725|11218, singapore, 
100726|2308, 100728|2401, 100731|2489, 100733|2604, 100736|2753, 100740|2878, 100744|3032, 100748|3386, 100749|3529, 100753|4201, 100759|4372, 100761|4494, 100762|4598, 100763|4943, 100767|5117, 100771|5203, 100772|5285, 100773|5375, 100774|5468, 100775|5552, 100777|5941, 100778|6222, 100779|6616, 100786|6761, 100788|7142, 100789|7296, 100790|7377, 100795|7532, 100797|7648, 100803|7845, 100816|7936, 100823|8121, 100829|8287, 100839|8557, 100931|8785, 101021|8939, 101023|9137, 101028|9272, 101038|10094, empire+state+building, 
101039|2280, 101044|2380, 101046|2486, 101047|2576, 101050|2823, 101052|2937, 101059|3266, 101062|3425, 101067|3866, 101071|4334, 101083|4622, 101092|4935, 101106|5085, 101188|5380, 101245|5522, 101277|5719, 101286|5897, 101287|5998, 101289|6431, 101291|6717, 101292|7012, 101298|7094, 101305|7176, 101308|7260, 101315|7356, 101317|7445, 101319|7738, 101320|8106, 101325|9697, 101330|9869, pyeongchang, 
101331|2265, 101336|2406, 101338|2507, 101339|2609, 101341|2831, 101345|2958, 101355|3326, 101358|3778, 101360|4039, 101370|4343, 101375|4514, 101384|4748, 101388|4894, 101396|5049, 101407|5152, 101548|5457, 101679|5651, 101730|5776, 101735|5894, 101738|6270, 101739|6380, 101740|6659, 101741|6903, 101744|6984, 101748|7066, 101749|7149, 101752|7237, 101754|7310, 101755|7586, 101765|9831, peking, 
101768|2300, 101771|2409, 101773|2516, 101774|2634, 101778|2905, 101784|3077, 101789|3399, 101790|3581, 101795|3856, 101797|4021, 101803|4308, 101812|4646, 101819|4798, 101826|5101, 101843|5274, 101958|5472, 102027|5602, 102075|5747, 102117|5909, 102120|5999, 102125|6098, 102130|6224, 102134|6372, 102135|6475, 102137|6761, 102138|6850, 102139|6963, 102140|7247, 102144|7331, 102148|7411, 102149|7487, 102154|7726, 102159|9743, 102164|9927, pyongyang, 
102165|2342, 102167|2415, 102171|2547, 102173|2639, 102176|2900, 102183|3065, 102185|3312, 102188|3555, 102191|3783, 102193|4077, 102194|4294, 102203|4562, 102204|4723, 102205|5029, 102225|5309, 102227|5455, 102233|5549, 102246|5693, 102316|5857, 102431|6036, 102539|6185, 102572|6310, 102581|6414, 102583|6513, 102585|7032, 102587|7258, 102589|7375, 102594|7483, 102596|7588, 102598|7677, 102599|7754, 102603|7858, 102604|7953, 102614|9853, the+great+wall+of+china, 
102617|2388, 102621|2492, 102623|2609, 102625|2840, 102630|3073, 102638|3494, 102643|3988, 102646|4193, 102660|4492, 102666|4641, 102671|4762, 102676|4863, 102697|4971, 102699|5100, 102710|5305, 102725|5420, 102774|5554, 102942|5784, 102965|5987, 102987|6106, 103003|6295, 103009|6412, 103015|6630, 103016|6777, 103017|7396, 103018|7483, 103020|7746, 103025|9766, 103030|9947, mirabell+gardens, 
103031|2283, 103036|2515, 103038|2615, 103039|2699, 103041|2840, 103043|2943, 103049|3166, 103052|3411, 103054|3549, 103058|4168, 103063|4301, 103065|4404, 103069|4495, 103073|4590, 103074|4677, 103075|4956, 103076|5333, 103077|5604, 103078|5704, 103080|6276, 103081|6475, 103082|6905, 103083|6995, 103086|7268, 103091|7417, 103092|7578, 103095|7818, 103099|8066, 103104|8274, 103110|8523, 103130|8804, 103230|9495, 103332|9839, 103335|9988, 103336|10318, 103345|10449, empire+state+building, 
103346|3655, 103348|3737, 103352|3878, 103354|3970, 103356|4277, 103363|4478, 103368|4755, 103370|4893, 103376|5222, 103378|5622, 103390|5846, 103391|5990, 103397|6329, 103406|6669, 103425|6810, 103597|7090, 103684|7247, 103737|7380, 103741|7499, 103742|7621, 103743|7977, 103752|8073, 103756|8154, 103761|8238, 103768|8338, 103769|8440, 103771|8523, 103772|9053, 103782|12453, peking, 
103783|2310, 103785|2399, 103789|2494, 103791|2610, 103793|2858, 103801|3140, 103803|3339, 103806|3492, 103809|3724, 103811|4069, 103817|4289, 103822|4466, 103823|4602, 103830|4762, 103835|4951, 103845|5084, 103907|5255, 104012|5634, 104019|5841, 104023|5956, 104024|6050, 104028|6159, 104030|6256, 104032|6361, 104033|6846, 104034|6944, 104035|7189, 104036|7483, 104038|7571, 104042|7667, 104043|7753, 104048|8152, 104058|9864, sydney+harbour, 
104060|2333, 104064|2434, 104065|2516, 104066|2605, 104067|2737, 104071|2979, 104077|3213, 104080|3459, 104082|3587, 104084|3838, 104087|3967, 104097|4389, 104102|4617, 104105|4844, 104114|5012, 104138|5289, 104140|5448, 104142|5564, 104155|5680, 104170|5826, 104267|5969, 104325|6129, 104331|6227, 104332|6436, 104334|6534, 104335|6756, 104336|7469, 104341|7585, 104343|7661, 104347|7924, 104352|9746, 104357|9885, petronas+towers, 
104358|2298, 104363|2405, 104365|2534, 104366|2639, 104368|2862, 104370|2954, 104380|3380, 104382|3550, 104384|3928, 104389|4291, 104399|4536, 104405|4663, 104412|4938, 104416|5135, 104428|5270, 104430|5467, 104435|5578, 104446|5701, 104491|5825, 104605|6000, 104674|6119, 104748|6246, 104780|6358, 104787|6564, 104791|6660, 104792|6772, 104797|6876, 104799|7214, 104800|7406, 104807|7584, 104808|7678, 104812|7828, 104817|9728, 104822|9932, the+great+wall+of+china, 
104823|2314, 104828|2420, 104830|2539, 104831|2749, 104835|2890, 104841|3068, 104846|3379, 104852|3968, 104863|4335, 104865|4456, 104866|4579, 104868|4680, 104873|5161, 104875|5471, 104876|5792, 104880|6120, 104884|6207, 104885|6299, 104887|6409, 104889|6724, 104891|7089, 104893|7182, 104894|7288, 104899|9724, 104902|9871, big+ben, 
104903|2268, 104905|2373, 104909|2491, 104910|2579, 104911|2704, 104913|2828, 104921|3070, 104926|3478, 104929|3918, 104930|4186, 104931|4286, 104933|4383, 104937|4475, 104938|4566, 104939|4959, 104940|5047, 104942|5573, 104944|5674, 104946|6216, 104951|6313, 104953|6410, 104954|6501, 104956|6601, 104963|6730, 104965|6991, 104969|7121, 104970|7253, 104972|7370, 104978|7614, 104988|7811, 105005|7911, 105007|8040, 105017|8170, 105021|8510, 105159|8748, 105204|8933, 105206|9078, 105210|9323, 105211|9930, 105212|10127, 105221|10317, 105228|10714, empire+state+building, 
105231|2359, 105234|2436, 105236|2548, 105237|2647, 105239|2833, 105243|2998, 105250|3294, 105252|3453, 105257|4027, 105258|4214, 105265|4375, 105268|4568, 105269|4818, 105284|5240, 105286|5505, 105292|5613, 105305|5749, 105378|5907, 105465|6050, 105536|6177, 105619|6365, 105632|6485, 105638|6616, 105642|6721, 105646|6841, 105647|6930, 105651|7063, 105653|7156, 105657|7268, 105661|7382, 105662|7470, 105665|7636, 105666|7741, 105671|9783, 105676|9923, the+great+wall+of+china, 
105677|2331, 105680|2428, 105683|2529, 105685|2620, 105686|2761, 105689|2902, 105699|3269, 105701|3458, 105704|3761, 105706|3977, 105707|4211, 105716|4418, 105721|4581, 105734|4828, 105737|5056, 105756|5192, 105767|5308, 105867|5530, 105956|5702, 105990|5839, 105997|5941, 106029|6053, 106034|6152, 106036|6280, 106041|6400, 106044|6960, 106047|7059, 106052|7155, 106055|7263, 106058|7509, 106059|7600, 106069|9785, mt.+everest, 
106072|2356, 106075|2459, 106077|2553, 106078|2644, 106089|3163, 106091|3364, 106093|3518, 106097|3743, 106098|3866, 106107|4383, 106112|4570, 106125|4754, 106144|5000, 106158|5128, 106242|5314, 106377|5594, 106408|5715, 106418|5820, 106419|6227, 106420|6588, 106424|6701, 106428|6835, 106432|6947, 106435|7041, 106439|7140, 106444|7248, 106445|7337, 106449|7514, 106461|9844, mt.+everest, 
106462|2287, 106464|2370, 106468|2483, 106469|2580, 106470|2694, 106472|2840, 106476|2997, 106485|3369, 106486|3522, 106492|3768, 106493|3997, 106496|4234, 106506|4433, 106510|4652, 106515|4809, 106517|5006, 106533|5490, 106535|5600, 106539|5701, 106551|5818, 106628|5970, 106769|6107, 106849|6233, 106878|6365, 106885|6473, 106889|6580, 106890|6988, 106891|7312, 106892|7454, 106893|7545, 106895|7726, 106900|9756, 106905|9903, the+great+wall+of+china, 
106911|2342, 106914|2469, 106915|2562, 106916|2677, 106918|2802, 106922|2938, 106929|3241, 106931|3444, 106936|3816, 106948|4289, 106960|4522, 106965|4712, 106971|4909, 106983|5051, 107017|5175, 107118|5367, 107154|5559, 107161|5785, 107164|6178, 107167|6270, 107169|6551, 107170|6856, 107171|7076, 107174|7152, 107179|7238, 107181|7357, 107184|7435, 107185|7519, 107195|9858, pyeongchang, 
107196|2407, 107201|2500, 107202|2609, 107204|2711, 107208|3010, 107214|3243, 107219|3521, 107224|3887, 107230|4364, 107239|4527, 107240|4706, 107256|4926, 107264|5138, 107272|5253, 107312|5408, 107493|5723, 107560|5971, 107565|6102, 107566|6207, 107567|6316, 107568|6695, 107569|7069, 107570|7376, 107572|7455, 107576|7534, 107577|7622, 107582|7805, 107587|9781, 107592|9939, mt.+everest, 
107595|2430, 107598|2521, 107600|2640, 107601|2751, 107604|2998, 107611|3221, 107615|3476, 107616|3629, 107622|4086, 107625|4361, 107630|4483, 107633|4598, 107638|4876, 107642|4981, 107648|5098, 107706|5526, 107734|5674, 107855|5982, 107866|6112, 107871|6214, 107876|6422, 107879|6901, 107880|7316, 107881|7501, 107886|7586, 107888|7685, 107891|7943, 107892|8028, 107902|9858, burj+khalifa, 
107905|2388, 107909|2488, 107911|2601, 107913|2819, 107915|2967, 107922|3204, 107926|3519, 107928|3689, 107931|3846, 107934|4329, 107939|4474, 107946|4639, 107951|4786, 107958|5303, 107960|5416, 107970|5526, 107988|5677, 108102|5825, 108212|6045, 108220|6182, 108221|6283, 108222|6677, 108226|6760, 108231|6844, 108238|6928, 108244|7087, 108249|7423, 108250|7763, 108260|9851, cape+town, 
108263|2409, 108266|2507, 108268|2626, 108269|2730, 108271|2882, 108273|2994, 108281|3266, 108282|3444, 108284|3622, 108289|3871, 108290|4230, 108302|4420, 108310|4657, 108317|4854, 108326|4979, 108447|5244, 108609|5566, 108615|5724, 108619|5866, 108622|5971, 108626|6077, 108628|6594, 108635|6819, 108637|6911, 108640|6999, 108642|7084, 108646|7200, 108649|7280, 108651|7361, 108654|7512, 108655|7610, 108660|9795, 108665|9950, pyongyang, 
108666|2308, 108671|2421, 108673|2538, 108674|2620, 108677|2861, 108684|2996, 108689|3450, 108694|3938, 108695|4207, 108705|4407, 108708|4559, 108710|4691, 108711|5031, 108719|5381, 108720|5519, 108728|5713, 108741|5855, 108809|6005, 108939|6263, 108944|6513, 108945|6614, 108946|6725, 108948|7489, 108950|7916, 108955|9748, 108960|9879, acropolis+of+athens, 
108961|2328, 108966|2464, 108968|2608, 108969|2719, 108971|2841, 108973|2982, 108984|3443, 108985|3589, 108986|3690, 108989|3825, 108996|4448, 108999|4626, 109009|4784, 109011|4921, 109029|5131, 109163|5466, 109201|5634, 109209|5838, 109213|5948, 109215|6144, 109217|6548, 109218|6640, 109220|7204, 109223|7285, 109225|7362, 109229|7453, 109230|7531, 109232|7620, 109236|8189, 109246|9917, pyeongchang, 
109249|2362, 109252|2464, 109254|2566, 109255|2681, 109258|2953, 109265|3201, 109269|3468, 109270|3594, 109275|4395, 109281|4563, 109287|4751, 109292|4907, 109298|5052, 109314|5222, 109320|5383, 109330|5524, 109396|5706, 109470|5809, 109558|5987, 109562|6115, 109567|6214, 109568|6301, 109570|6693, 109572|6789, 109577|7388, 109582|7556, 109586|7772, 109591|9761, 109596|9891, taipei+101, 
109597|2331, 109602|2420, 109603|2531, 109605|2623, 109613|2990, 109619|3386, 109620|3509, 109621|3700, 109627|4246, 109638|4456, 109643|4672, 109661|4813, 109706|5078, 109787|5393, 109791|5686, 109793|6196, 109795|6807, 109796|7213, 109798|7327, 109802|7417, 109806|7518, 109808|7616, 109812|7716, 109813|7797, 109814|8079, 109824|10319, wencelas+square+prague, 
109827|2288, 109830|2375, 109832|2492, 109833|2599, 109835|2714, 109837|2836, 109846|3056, 109848|3369, 109854|3915, 109858|4250, 109867|4421, 109868|4525, 109869|4608, 109876|4732, 109878|4826, 109883|5057, 109884|5195, 109885|5375, 109901|5479, 109906|5590, 109914|5702, 109923|5809, 109940|5908, 110076|6117, 110084|6279, 110091|6403, 110092|6496, 110094|6700, 110096|7070, 110097|7222, 110098|7320, 110099|7416, 110103|7947, 110108|9700, 110113|9861, eiffel+tower, 
110114|2398, 110119|2542, 110121|2645, 110122|2798, 110125|2907, 110128|3024, 110137|3320, 110139|3550, 110143|3776, 110144|3884, 110151|4423, 110159|4633, 110160|4764, 110174|5191, 110178|5411, 110179|5515, 110194|5686, 110198|5879, 110295|6056, 110373|6286, 110389|6454, 110394|7051, 110397|7483, 110399|7919, 110400|8039, 110410|9915, acropolis+of+athens, 
110411|2288, 110416|2409, 110417|2518, 110418|2604, 110419|2755, 110421|2896, 110425|3022, 110432|3375, 110434|3519, 110436|3648, 110439|3799, 110442|4316, 110444|4463, 110446|4587, 110453|4722, 110461|4860, 110476|4974, 110487|5172, 110506|5370, 110517|5493, 110588|5635, 110708|5853, 110755|6101, 110773|6264, 110791|6408, 110796|6849, 110797|7245, 110799|7362, 110801|7491, 110802|7661, 110812|9962, mirabell+gardens, 
110813|2232, 110818|2399, 110820|2546, 110824|2792, 110827|2905, 110834|3249, 110836|3447, 110839|3711, 110841|3865, 110854|4351, 110858|4514, 110871|4686, 110886|4994, 111006|5232, 111107|5525, 111167|5709, 111171|5812, 111178|5918, 111182|6014, 111187|6156, 111188|6260, 111189|6582, 111190|6695, 111191|6942, 111192|7129, 111198|7222, 111199|7303, 111200|7396, 111203|7483, 111205|7624, 111210|9702, 111215|9838, pyongyang, 
111216|2345, 111221|2420, 111223|2548, 111224|2744, 111227|2969, 111234|3218, 111237|3402, 111239|3906, 111240|4044, 111252|4365, 111257|4594, 111261|4828, 111262|4930, 111270|5059, 111286|5205, 111340|5360, 111402|5734, 111407|5916, 111412|6095, 111414|6518, 111416|6622, 111418|7255, 111420|7555, 111421|7660, 111423|7846, 111428|9761, 111433|9962, wencelas+square+prague, 
111436|2310, 111439|2405, 111441|2512, 111442|2623, 111446|2921, 111452|3077, 111457|3316, 111460|3577, 111464|4075, 111468|4163, 111469|4310, 111473|4400, 111478|4494, 111480|4655, 111482|4743, 111484|4836, 111486|5479, 111487|5576, 111488|5676, 111489|6126, 111490|6395, 111491|6638, 111497|7117, 111500|7529, 111504|7744, 111507|7863, 111514|7985, 111518|8115, 111535|8241, 111539|8506, 111549|8668, 111634|8946, 111736|9306, 111742|9488, 111747|10208, 111752|10334, empire+state+building, 
111753|2391, 111755|2477, 111759|2613, 111761|2735, 111764|2914, 111771|3223, 111775|3431, 111776|3618, 111781|3989, 111783|4163, 111791|4363, 111793|4524, 111800|4872, 111803|5213, 111810|5327, 111831|5465, 111889|5606, 112054|5895, 112063|6067, 112070|6189, 112072|6292, 112075|6740, 112077|7078, 112079|7161, 112080|7257, 112090|9824, cape+town, 
112092|2336, 112094|2424, 112098|2534, 112099|2616, 112100|2746, 112102|2855, 112110|3106, 112114|3292, 112116|3433, 112123|3997, 112129|4291, 112138|4486, 112151|5146, 112159|5326, 112172|5443, 112222|5597, 112436|5954, 112462|6110, 112500|6286, 112503|6792, 112511|6882, 112513|6965, 112518|7138, 112525|7224, 112527|7303, 112531|7398, 112533|7519, 112543|9711, peking, 
112544|2290, 112546|2379, 112550|2482, 112551|2590, 112552|2718, 112554|2851, 112565|3215, 112566|3448, 112567|3595, 112569|3707, 112572|3852, 112574|4297, 112579|4471, 112580|4586, 112589|4727, 112594|4875, 112600|5006, 112619|5202, 112645|5407, 112656|5572, 112690|5738, 112774|5876, 112812|6034, 112814|6146, 112815|6438, 112816|6719, 112819|6808, 112824|6903, 112827|7032, 112830|7202, 112832|7401, 112835|7482, 112838|7574, 112841|7690, 112845|7954, 112855|9833, burj+khalifa, 
112856|2284, 112858|2466, 112862|2613, 112863|2729, 112868|2930, 112874|3113, 112877|3364, 112880|3546, 112882|3705, 112883|3874, 112886|4125, 112889|4399, 112892|4516, 112903|4725, 112910|4839, 112924|5016, 112946|5192, 112959|5345, 112990|5512, 113073|5660, 113108|5807, 113116|5998, 113120|6128, 113121|6249, 113126|6346, 113128|6444, 113131|6968, 113133|7155, 113138|7355, 113142|7442, 113143|7526, 113148|7746, 113158|9843, burj+khalifa, 
113159|2336, 113165|2491, 113166|2582, 113167|2687, 113172|2984, 113180|3264, 113181|3413, 113182|3518, 113187|3888, 113193|4390, 113198|4572, 113199|4719, 113205|4888, 113207|5001, 113225|5245, 113232|5429, 113238|5527, 113242|5640, 113328|5788, 113426|5960, 113477|6117, 113514|6252, 113518|6346, 113521|6446, 113523|6551, 113525|7087, 113526|7226, 113527|7497, 113534|7618, 113535|7696, 113538|7865, 113539|7957, 113544|9829, 113549|9933, pyramids+of+giza, 
113551|2301, 113555|2387, 113556|2483, 113557|2569, 113558|2713, 113562|2879, 113571|3246, 113573|3437, 113575|3631, 113576|3761, 113578|4162, 113591|4391, 113593|4523, 113602|4725, 113608|4856, 113609|5024, 113615|5137, 113629|5267, 113700|5413, 113810|5540, 113859|5720, 113862|5837, 113869|5982, 113873|6117, 113877|6227, 113881|6326, 113883|6412, 113884|6829, 113885|6957, 113895|9916, cape+town, 
113898|2539, 113901|2634, 113904|2744, 113906|2946, 113910|3071, 113916|3341, 113918|3497, 113919|3601, 113922|3811, 113924|3987, 113927|4177, 113932|4377, 113943|4552, 113945|4695, 113950|4811, 113953|5074, 113961|5155, 113974|5255, 113991|5346, 114134|5584, 114147|5725, 114175|5885, 114181|6057, 114182|6630, 114187|6719, 114189|6789, 114192|6946, 114193|7028, 114198|9782, 114203|9923, toronto+canada, 
114204|2340, 114206|2469, 114211|2588, 114212|2780, 114215|2927, 114224|3191, 114227|3546, 114229|3661, 114231|3775, 114232|3876, 114235|4472, 114243|4804, 114251|5061, 114274|5249, 114303|5425, 114409|5595, 114446|5753, 114451|5854, 114452|5954, 114454|6074, 114460|6175, 114461|6275, 114463|6375, 114467|6468, 114469|6624, 114470|6863, 114476|6948, 114478|7029, 114480|7201, 114483|7461, 114484|7537, 114485|7854, 114495|9865, pyeongchang, 
114496|2348, 114498|2447, 114503|2617, 114504|2727, 114513|3129, 114519|3464, 114524|3773, 114527|4324, 114534|4492, 114535|4638, 114537|4751, 114542|4853, 114544|4952, 114554|5142, 114563|5681, 114569|5792, 114588|5919, 114718|6115, 114765|6259, 114769|6393, 114770|6696, 114771|6814, 114772|7429, 114773|7522, 114775|7921, 114776|8020, 114781|9783, 114786|9946, acropolis+of+athens, 
114789|2441, 114794|2578, 114795|2758, 114797|2934, 114805|3159, 114809|3407, 114810|3531, 114815|4044, 114818|4347, 114827|4503, 114830|4642, 114833|4738, 114843|4897, 114849|5179, 114861|5324, 114906|5443, 115023|5753, 115055|5901, 115061|6008, 115066|6130, 115069|6231, 115074|6336, 115079|6550, 115081|6890, 115085|7208, 115089|7310, 115090|7384, 115093|7541, 115094|7632, 115099|9832, 115104|10001, toronto+canada, 
115105|2289, 115107|2370, 115110|2483, 115112|2617, 115113|2732, 115115|2882, 115125|3234, 115130|3572, 115133|3714, 115135|3962, 115138|4179, 115145|4330, 115146|4488, 115152|4692, 115153|4878, 115159|5017, 115199|5181, 115312|5354, 115348|5592, 115358|5764, 115362|5886, 115363|6092, 115365|6602, 115366|6868, 115367|7045, 115369|7136, 115373|7222, 115374|7311, 115377|7393, 115378|7494, 115383|9736, 115388|9887, pyeongchang, 
115390|2363, 115394|2511, 115397|2733, 115402|3003, 115413|3472, 115416|3659, 115419|3780, 115422|4641, 115428|4833, 115447|5084, 115456|5281, 115493|5509, 115636|5751, 115734|5945, 115754|6057, 115757|6498, 115758|6820, 115759|7238, 115760|7334, 115766|7430, 115768|7510, 115769|7588, 115770|7766, 115774|7975, 115779|9750, 115784|9870, mt.+everest, 
115787|2423, 115792|2565, 115793|2672, 115797|2953, 115806|3267, 115808|3516, 115813|3876, 115814|4305, 115820|4441, 115824|4569, 115829|4776, 115832|4920, 115834|5044, 115840|5200, 115863|5357, 115865|5536, 115871|5653, 115879|5779, 115901|5936, 116017|6094, 116080|6249, 116083|6376, 116086|6480, 116087|6581, 116088|7009, 116089|7285, 116091|7458, 116092|7681, 116096|7921, 116106|9836, colosseum+rome, 
116112|2417, 116114|2542, 116115|2648, 116117|2877, 116125|3102, 116128|3381, 116130|3540, 116135|4018, 116146|4431, 116153|4574, 116157|4654, 116162|4804, 116167|4905, 116168|5007, 116174|5158, 116190|5597, 116193|5782, 116203|5892, 116210|6002, 116364|6228, 116367|6341, 116369|6433, 116374|6546, 116379|6656, 116383|6758, 116385|6846, 116387|7094, 116388|7271, 116389|7438, 116390|7561, 116394|8133, 116399|9753, 116404|9939, eiffel+tower, 
116405|2342, 116410|2453, 116412|2593, 116413|2719, 116417|2966, 116426|3266, 116428|3538, 116433|3895, 116444|4401, 116452|4639, 116463|4856, 116469|5158, 116487|5301, 116567|5431, 116665|5792, 116684|5945, 116689|6120, 116690|6455, 116693|6548, 116698|6649, 116699|6729, 116700|6829, 116704|6941, 116714|9773, toronto+canada, 
116721|3676, 116722|3784, 116723|3874, 116725|4081, 116736|4421, 116737|4617, 116738|4751, 116743|5126, 116746|5335, 116756|5555, 116759|5732, 116766|5863, 116769|6030, 116779|6155, 116815|6405, 116949|6634, 116956|6806, 116964|6941, 116965|7034, 116967|7338, 116969|7436, 116972|7966, 116973|8299, 116974|8463, 116975|8633, 116979|8725, 116982|8827, 116987|9227, 116997|11550, sydney+harbour, 
116998|2329, 117000|2423, 117004|2514, 117005|2594, 117006|2711, 117008|2845, 117010|2964, 117021|3269, 117024|3559, 117026|3712, 117029|4230, 117042|4491, 117045|4730, 117050|4871, 117058|4998, 117059|5129, 117066|5335, 117079|5571, 117103|5737, 117278|5939, 117290|6131, 117295|6489, 117297|6595, 117299|7203, 117300|7289, 117301|7387, 117303|7729, 117308|9816, 117313|9995, colosseum+rome, 
117314|2438, 117316|2528, 117321|2693, 117322|2783, 117326|3046, 117335|3400, 117337|3578, 117346|4435, 117354|4601, 117358|4726, 117360|4815, 117367|5072, 117372|5192, 117377|5294, 117386|5418, 117402|5752, 117404|5898, 117419|6092, 117451|6210, 117614|6392, 117617|6516, 117620|6631, 117625|6731, 117626|6841, 117628|7671, 117632|8242, 117637|9795, 117642|9989, colosseum+rome, 
117643|2318, 117645|2402, 117648|2496, 117650|2595, 117651|2690, 117653|2878, 117655|2985, 117661|3181, 117664|3359, 117666|3498, 117671|3755, 117672|4131, 117678|4277, 117682|4404, 117684|4668, 117691|4820, 117710|5004, 117722|5303, 117732|5450, 117749|5581, 117870|5760, 117956|5916, 118002|6101, 118003|6196, 118007|6297, 118008|6726, 118009|6827, 118011|6929, 118015|7415, 118019|7529, 118020|7611, 118024|7802, 118034|9942, pyramids+of+giza, 
118035|2331, 118040|2418, 118042|2554, 118043|2657, 118045|2789, 118050|3008, 118056|3225, 118058|3482, 118066|4184, 118074|4409, 118075|4517, 118076|4641, 118091|5207, 118092|5323, 118094|5443, 118106|5577, 118115|5695, 118243|5882, 118310|6068, 118312|6196, 118316|6503, 118317|6766, 118320|7210, 118322|7399, 118323|7527, 118333|9925, acropolis+of+athens, 
118334|2273, 118336|2357, 118339|2462, 118341|2575, 118342|2665, 118344|2816, 118346|2936, 118354|3306, 118357|3440, 118359|3694, 118360|3813, 118362|3959, 118368|4416, 118377|4621, 118378|4705, 118385|4836, 118386|4943, 118390|5077, 118391|5253, 118398|5390, 118399|5529, 118411|5664, 118415|5793, 118483|5938, 118575|6072, 118581|6233, 118587|6343, 118589|6460, 118591|6673, 118593|6771, 118595|7293, 118597|7387, 118598|7498, 118599|7591, 118600|7714, 118603|8162, 118608|9761, 118613|9922, eiffel+tower, 
118614|2531, 118616|2630, 118620|2711, 118622|2819, 118624|2948, 118634|3243, 118635|3486, 118637|3647, 118639|3800, 118642|3977, 118644|4295, 118645|4447, 118646|4574, 118651|4715, 118656|4807, 118662|4934, 118668|5043, 118669|5149, 118677|5398, 118692|5537, 118693|5644, 118699|5730, 118709|5855, 118733|5968, 118868|6233, 118870|6381, 118875|6487, 118876|6884, 118877|7186, 118879|7476, 118884|8150, 118894|9908, eiffel+tower, 
118895|2298, 118896|2391, 118901|2530, 118902|2641, 118903|2760, 118906|2898, 118913|3060, 118917|3391, 118918|3530, 118923|3815, 118933|4234, 118934|4420, 118941|4558, 118956|4728, 118968|5010, 118976|5121, 119088|5385, 119160|5556, 119216|5735, 119217|5852, 119221|5968, 119222|6357, 119223|6654, 119224|6964, 119231|7269, 119233|7375, 119237|7669, 119242|9838, 119247|10026, taipei+101, 
119248|2317, 119253|2425, 119255|2536, 119256|2638, 119260|2926, 119267|3137, 119272|3473, 119273|3595, 119278|3803, 119286|4464, 119290|4628, 119294|4762, 119300|4924, 119311|5107, 119314|5377, 119323|5474, 119327|5585, 119398|5723, 119553|5893, 119598|6052, 119602|6172, 119607|6487, 119609|6589, 119611|7101, 119613|7434, 119618|7552, 119620|7637, 119624|7836, 119634|9788, pyramids+of+giza, 
119635|2415, 119637|2518, 119642|2691, 119643|2786, 119645|2926, 119653|3210, 119656|3468, 119658|3618, 119664|4322, 119671|4487, 119676|4618, 119682|4769, 119688|4917, 119692|5090, 119706|5230, 119708|5395, 119710|5547, 119722|5676, 119727|5780, 119821|5925, 119953|6127, 119989|6274, 119994|6382, 119995|6707, 119996|7036, 119999|7612, 120003|7704, 120004|7780, 120007|8003, 120008|8102, 120013|9865, 120018|9984, pyramids+of+giza, 
120019|2371, 120024|2495, 120026|2615, 120027|2748, 120030|2882, 120032|2973, 120037|3176, 120041|3409, 120042|3559, 120047|3935, 120055|4504, 120068|4792, 120072|4972, 120090|5097, 120234|5405, 120310|5595, 120373|5752, 120377|5885, 120382|6008, 120384|6102, 120385|6400, 120389|6521, 120393|6626, 120394|6718, 120396|6864, 120401|6978, 120405|7096, 120409|7189, 120410|7266, 120413|7361, 120414|7441, 120419|9655, 120424|9800, pyongyang, 
120430|2441, 120432|2563, 120433|2693, 120435|2954, 120443|3246, 120448|3608, 120453|3796, 120455|4246, 120465|4430, 120466|4536, 120472|4758, 120480|4869, 120495|5167, 120527|5371, 120595|5576, 120654|5721, 120676|5851, 120677|5946, 120682|6350, 120686|6657, 120690|6755, 120691|6846, 120696|6963, 120698|7353, 120700|7448, 120705|7546, 120708|7835, 120709|7936, 120719|9840, burj+khalifa, 
120720|2375, 120722|2458, 120726|2576, 120727|2663, 120728|2771, 120733|3059, 120740|3305, 120741|3439, 120743|3618, 120745|3735, 120748|3911, 120751|4474, 120758|4615, 120759|4695, 120762|4805, 120767|4904, 120774|5015, 120788|5174, 120799|5322, 120822|5487, 120853|5594, 121003|5776, 121115|6101, 121127|6298, 121133|6465, 121134|6634, 121139|6734, 121141|7040, 121142|7173, 121143|7421, 121145|7519, 121147|7691, 121148|7776, 121149|8405, 121159|9978, mirabell+gardens, 
121160|2355, 121163|2444, 121166|2561, 121168|2664, 121169|2773, 121171|2892, 121179|3136, 121183|3387, 121184|3504, 121186|3639, 121187|3801, 121188|4037, 121197|4261, 121198|4393, 121201|4536, 121203|4626, 121209|4831, 121222|4996, 121224|5188, 121236|5347, 121247|5475, 121357|5625, 121465|5825, 121472|5956, 121475|6062, 121478|6147, 121482|6248, 121484|6362, 121485|6798, 121488|7378, 121492|7492, 121493|7588, 121497|7856, 121502|9753, 121507|9876, taipei+101, 
121508|2346, 121513|2531, 121515|2637, 121516|2768, 121520|2984, 121528|3249, 121529|3401, 121531|3654, 121536|3840, 121542|4692, 121545|4794, 121553|5033, 121573|5208, 121575|5451, 121587|5564, 121606|5678, 121807|5973, 121857|6173, 121872|6293, 121873|6396, 121875|7008, 121876|7297, 121877|7480, 121884|7606, 121885|7704, 121889|7901, 121899|9866, pyramids+of+giza, 
121902|2377, 121906|2474, 121908|2577, 121910|2724, 121913|2883, 121916|3011, 121923|3334, 121925|3532, 121930|3926, 121931|4316, 121941|4553, 121945|4777, 121955|4938, 121979|5230, 121981|5371, 121990|5479, 121996|5582, 122095|5747, 122160|5901, 122166|6070, 122168|6176, 122169|6453, 122170|6738, 122171|7105, 122173|7363, 122174|7494, 122176|7648, 122186|9906, petronas+towers, 
122187|2306, 122189|2396, 122193|2536, 122194|2621, 122195|2734, 122197|2844, 122199|2952, 122205|3129, 122208|3406, 122210|3539, 122212|3679, 122215|3875, 122217|4208, 122219|4427, 122224|4576, 122227|4663, 122232|4773, 122237|4890, 122243|4976, 122257|5173, 122262|5373, 122271|5481, 122289|5587, 122323|5730, 122408|5961, 122472|6147, 122514|6291, 122566|6474, 122572|6599, 122573|6900, 122574|7310, 122575|7405, 122577|7886, 122587|9872, mirabell+gardens, 
122589|2661, 122593|2775, 122595|2870, 122596|2962, 122598|3207, 122610|3530, 122611|3722, 122612|3837, 122619|4373, 122629|4707, 122633|4838, 122634|4960, 122638|5108, 122649|5278, 122655|5416, 122661|5515, 122671|5651, 122701|5781, 122808|5952, 122896|6101, 122903|6240, 122909|6350, 122911|6452, 122916|6648, 122918|6936, 122920|7051, 122921|7599, 122927|7742, 122929|7907, 122932|8164, 122933|8250, 122943|10075, taipei+101, 
122944|2343, 122946|2425, 122950|2563, 122951|2656, 122954|2850, 122962|3058, 122964|3287, 122967|3596, 122972|3848, 122974|4274, 122980|4425, 122985|4586, 122988|4783, 122994|4890, 123007|5006, 123013|5208, 123028|5354, 123036|5456, 123116|5611, 123283|5869, 123305|6058, 123329|6251, 123331|6473, 123336|6719, 123338|7094, 123341|7237, 123342|7400, 123343|7488, 123345|7654, 123350|9752, 123355|9907, mirabell+gardens, 
123356|2352, 123360|2425, 123363|2543, 123365|2644, 123366|2770, 123368|2876, 123376|3151, 123379|3348, 123381|3542, 123383|3705, 123387|4052, 123389|4176, 123397|4420, 123398|4682, 123399|4786, 123407|5112, 123421|5420, 123431|5558, 123530|5700, 123623|5917, 123628|6244, 123629|6555, 123630|6687, 123633|6799, 123634|6973, 123636|7194, 123638|7564, 123648|9868, acropolis+of+athens, 
123649|2389, 123651|2578, 123655|2692, 123657|2807, 123661|3030, 123667|3298, 123670|3434, 123672|3576, 123685|4463, 123687|4573, 123689|4717, 123692|4831, 123702|5023, 123710|5191, 123722|5328, 123730|5465, 123829|5614, 123950|5787, 123960|5908, 123965|6039, 123968|6189, 123970|6283, 123972|6740, 123973|7032, 123980|7593, 123982|7754, 123986|7947, 123996|9864, taipei+101, 
123997|2376, 124002|2508, 124004|2593, 124005|2686, 124007|2812, 124009|2922, 124018|3203, 124019|3406, 124020|3553, 124026|4007, 124031|4349, 124039|4496, 124040|4634, 124042|4765, 124043|4887, 124051|5058, 124061|5185, 124078|5427, 124084|5566, 124094|5682, 124111|5789, 124291|6006, 124327|6176, 124364|6322, 124366|6533, 124368|6634, 124370|6913, 124371|7041, 124374|7611, 124378|7702, 124379|7785, 124380|7940, 124383|8035, 124388|9813, 124393|9987, pyramids+of+giza, 
124394|2312, 124396|2400, 124400|2548, 124401|2647, 124404|2831, 124408|3008, 124415|3331, 124417|3491, 124418|3844, 124422|4021, 124429|4292, 124433|4461, 124441|4973, 124443|5252, 124456|5403, 124485|5567, 124600|5750, 124668|5899, 124672|6029, 124676|6165, 124677|6501, 124680|6675, 124684|6762, 124686|6837, 124689|7002, 124694|7091, 124698|7167, 124699|7251, 124703|7371, 124713|9795, toronto+canada, 
124714|2396, 124716|2477, 124719|2567, 124721|2686, 124722|2776, 124728|3067, 124735|3448, 124736|3580, 124737|3699, 124742|4313, 124750|4539, 124753|4685, 124756|4796, 124766|4964, 124773|5114, 124786|5303, 124796|5501, 124990|5755, 125021|5970, 125022|6128, 125026|6233, 125030|6328, 125031|6434, 125036|6542, 125038|6960, 125039|7375, 125045|7544, 125048|7704, 125051|7799, 125052|7889, 125062|9879, taipei+101, 
125065|7754, 125068|7840, 125069|7945, 125071|8085, 125073|8219, 125077|8381, 125084|8680, 125086|8828, 125089|9156, 125091|9476, 125098|9737, 125109|9993, 125129|10213, 125139|10398, 125151|10531, 125174|10657, 125298|10862, 125391|11000, 125422|11136, 125427|11252, 125428|11368, 125429|11702, 125431|12010, 125437|12130, 125440|12254, 125442|12423, 125445|12613, 125449|12699, 125450|12787, 125454|13057, 125459|15084, 125464|15241, mt.+everest, 
125465|2253, 125467|2357, 125471|2500, 125472|2586, 125473|2718, 125479|3008, 125487|3265, 125488|3379, 125490|3580, 125493|3813, 125494|4072, 125503|4261, 125508|4417, 125512|4497, 125519|4645, 125536|4841, 125541|5027, 125550|5148, 125558|5296, 125615|5429, 125721|5705, 125727|5834, 125728|5922, 125729|6252, 125730|6349, 125731|6647, 125734|7140, 125735|7232, 125738|7575, 125743|9772, 125748|9909, petronas+towers, 
125749|2363, 125751|2463, 125755|2600, 125756|2689, 125757|2776, 125759|2896, 125762|3019, 125767|3247, 125770|3444, 125772|3694, 125777|3875, 125778|4287, 125784|4487, 125789|4631, 125794|4776, 125804|4908, 125806|5003, 125818|5232, 125830|5445, 125852|5549, 125870|5653, 125975|5836, 126082|6035, 126143|6252, 126149|6380, 126151|6912, 126152|7291, 126153|7494, 126155|7609, 126157|7777, 126167|9791, mirabell+gardens, 
126168|2333, 126173|2477, 126175|2588, 126176|2685, 126178|2950, 126190|3306, 126191|3468, 126196|3977, 126202|4391, 126212|4661, 126218|4786, 126227|4985, 126242|5163, 126259|5293, 126396|5535, 126479|5728, 126533|5919, 126540|6063, 126541|6174, 126546|6479, 126548|6584, 126550|6692, 126551|7053, 126552|7244, 126559|7366, 126560|7447, 126564|7736, 126574|9876, mt.+everest, 
126575|2328, 126580|2545, 126581|2657, 126583|2744, 126585|2883, 126589|3087, 126596|3387, 126598|3658, 126601|3796, 126603|4052, 126608|4263, 126614|4488, 126618|4604, 126628|4780, 126629|4911, 126639|5062, 126653|5224, 126808|5467, 126812|5587, 126844|5740, 126854|5853, 126856|6395, 126858|6653, 126859|6994, 126860|7094, 126863|7161, 126867|7241, 126870|7395, 126871|7505, 126873|8647, 126878|8744, 126879|8838, 126881|8928, 126891|9842, toronto+canada, 
126892|2355, 126897|2505, 126899|2618, 126900|2830, 126902|2923, 126906|3045, 126914|3396, 126915|3610, 126920|3992, 126921|4294, 126923|4424, 126931|4584, 126933|4872, 126939|5002, 126948|5201, 126952|5380, 126963|5517, 126982|5653, 127104|5821, 127289|6032, 127297|6195, 127300|6299, 127306|6442, 127308|6541, 127311|6629, 127313|6714, 127315|7095, 127316|7220, 127321|9788, 127326|9927, cape+town, 
127327|2381, 127329|2470, 127332|2585, 127334|2683, 127335|2790, 127338|2979, 127344|3198, 127348|3411, 127350|3595, 127355|3874, 127358|4220, 127366|4426, 127367|4613, 127372|4752, 127387|5008, 127408|5189, 127420|5307, 127558|5556, 127642|5754, 127669|5852, 127676|5959, 127681|6051, 127684|6147, 127689|6253, 127693|6374, 127694|6480, 127697|6985, 127698|7187, 127705|7291, 127707|7387, 127712|7632, 127722|9964, mt.+everest, 
127725|2293, 127728|2378, 127730|2477, 127731|2574, 127733|2835, 127740|3029, 127746|3336, 127749|3585, 127751|3860, 127755|4217, 127762|4360, 127766|4499, 127772|4753, 127774|5036, 127780|5144, 127797|5274, 127910|5434, 127955|5568, 127997|5711, 128003|5844, 128006|5981, 128008|6125, 128009|6280, 128010|6473, 128016|6571, 128018|6663, 128023|6894, 128028|9666, 128033|9778, toronto+canada, 
128034|2438, 128036|2549, 128041|2641, 128042|2750, 128048|2956, 128056|3340, 128058|3508, 128065|3805, 128066|4110, 128075|4316, 128076|4429, 128082|4572, 128100|4759, 128115|5056, 128131|5201, 128320|5461, 128365|5674, 128402|5809, 128408|5922, 128411|6028, 128412|6364, 128413|6683, 128414|7019, 128417|7310, 128421|7390, 128422|7486, 128425|7692, 128426|7786, 128436|9823, mt.+everest, 
128439|2356, 128442|2447, 128444|2627, 128445|2756, 128447|2887, 128455|3020, 128459|3402, 128460|3541, 128466|4000, 128469|4233, 128474|4387, 128478|4515, 128480|4735, 128487|4915, 128507|5070, 128512|5220, 128515|5398, 128520|5522, 128530|5650, 128549|5775, 128701|5995, 128703|6173, 128709|6305, 128710|6809, 128711|7363, 128712|7460, 128714|7820, 128719|10227, 128724|10364, petronas+towers, 
128725|2392, 128727|2479, 128731|2599, 128733|2705, 128736|2944, 128740|3051, 128749|3491, 128752|3789, 128755|3951, 128765|4393, 128770|4592, 128780|5185, 128787|5293, 128800|5473, 128892|5631, 128963|5805, 128964|5954, 128971|6353, 128975|6460, 128976|6545, 128980|6651, 128982|6753, 128988|7277, 128992|7350, 128994|7433, 128995|7543, 129000|7933, 129010|9854, sydney+harbour, 
129012|2444, 129014|2524, 129017|2620, 129019|2700, 129020|2814, 129022|2958, 129030|3199, 129034|3453, 129036|3594, 129042|3964, 129045|4350, 129053|4565, 129061|4820, 129072|5124, 129115|5272, 129222|5527, 129254|5685, 129257|5810, 129260|5904, 129262|6004, 129264|6508, 129266|6828, 129268|6932, 129269|7287, 129270|7598, 129275|7681, 129276|7758, 129277|7847, 129283|8439, 129293|9928, sydney+harbour, 
129294|2330, 129299|2435, 129301|2551, 129302|2636, 129305|2874, 129308|2989, 129315|3262, 129317|3583, 129322|4172, 129325|4472, 129337|4669, 129338|4774, 129343|4954, 129351|5160, 129359|5296, 129370|5413, 129399|5548, 129531|5730, 129534|5851, 129570|6016, 129576|6128, 129578|6399, 129584|6535, 129585|6644, 129593|6748, 129598|6854, 129601|7028, 129604|7265, 129606|7349, 129607|7595, 129617|9839, toronto+canada, 
129618|2373, 129620|2472, 129624|2608, 129625|2701, 129626|2832, 129630|3052, 129639|3342, 129641|3501, 129644|3740, 129646|3891, 129647|4152, 129654|4358, 129659|4553, 129666|4737, 129670|4928, 129674|5065, 129687|5184, 129700|5292, 129850|5545, 129895|5830, 129900|6088, 129902|6518, 129907|6605, 129909|6689, 129910|6764, 129915|6937, 129924|9826, 129925|9971, toronto+canada, 
129926|2354, 129931|2471, 129933|2599, 129934|2686, 129940|2989, 129947|3281, 129949|3513, 129954|4215, 129955|4423, 129964|4568, 129965|4691, 129972|4832, 129979|5035, 129987|5126, 130002|5247, 130098|5443, 130164|5668, 130168|5800, 130169|5896, 130174|6273, 130176|6598, 130178|6720, 130180|6820, 130181|6966, 130182|7218, 130185|7315, 130189|7402, 130190|7485, 130193|7819, 130195|7898, 130205|9770, sydney+harbour, 
130206|2393, 130211|2480, 130213|2604, 130214|2711, 130217|2976, 130228|3368, 130230|3569, 130232|3698, 130233|3801, 130236|3972, 130237|4166, 130242|4294, 130247|4460, 130255|4737, 130262|5011, 130277|5153, 130409|5421, 130447|5656, 130452|5762, 130457|6180, 130458|6267, 130459|6368, 130460|6484, 130463|7595, 130466|7683, 130468|7762, 130474|8463, 130484|9838, sydney+harbour, 
130485|2307, 130490|2520, 130492|2622, 130493|2715, 130496|2933, 130502|3062, 130506|3416, 130508|3597, 130513|3767, 130517|4271, 130528|4468, 130529|4627, 130537|4800, 130539|5052, 130550|5178, 130615|5490, 130722|5677, 130734|5802, 130735|5902, 130736|6287, 130737|6600, 130740|6722, 130742|7235, 130744|7611, 130749|7694, 130751|7776, 130752|7972, 130757|8138, 130763|9760, 130767|9869, sydney+harbour, 
