||class android.content.Context:public abstract java.lang.Object android.content.Context.getSystemService(java.lang.String)||class android.app.usage.NetworkStatsManager:public android.app.usage.NetworkStats$Bucket android.app.usage.NetworkStatsManager.querySummaryForDevice(int,java.lang.String,long,long) throws java.lang.SecurityException,android.os.RemoteException||class android.app.usage.NetworkStats$Bucket:public long android.app.usage.NetworkStats$Bucket.getTxPackets()
31887|1, 31888|2110, 31893|2232, 31896|2391, 31898|2624, 31906|2842, 31910|3148, 31911|3279, 31914|3565, 31918|3988, 31923|4141, 31924|4531, 31925|4892, 31926|5149, 31927|5514, 31929|5598, 31935|5692, 31936|5791, 31937|5882, 31938|5976, 31939|6058, 31941|6424, 31942|6786, 31948|6994, 31949|7264, 31952|7494, 31953|7711, 31960|7930, 31986|8172, 31998|8506, 32008|8756, 32185|9067, 32191|9504, 32201|10201, empire+state+building, 
32204|2312, 32207|2413, 32209|2531, 32210|2654, 32216|2961, 32223|3260, 32225|3449, 32233|4210, 32240|4454, 32243|4608, 32257|5315, 32261|5531, 32271|5641, 32288|5771, 32383|5941, 32516|6132, 32617|6332, 32619|6445, 32625|6878, 32627|7122, 32632|7305, 32638|7424, 32642|7718, 32651|9776, 32652|9902, the+great+wall+of+china, 
32653|2355, 32655|2446, 32660|2565, 32671|3021, 32677|3447, 32679|3618, 32682|3811, 32683|4098, 32688|4248, 32693|4461, 32694|4697, 32703|5169, 32711|5432, 32728|5583, 32785|5743, 32889|5934, 32923|6094, 32924|6223, 32928|6525, 32929|6979, 32930|7117, 32931|7230, 32933|7349, 32935|7520, 32945|9908, acropolis+of+athens, 
32948|2406, 32952|2506, 32953|2605, 32954|2715, 32960|3053, 32967|3387, 32969|3516, 32971|3850, 32980|4288, 32989|4510, 32990|4712, 33003|4922, 33022|5240, 33024|5390, 33033|5545, 33043|5677, 33151|5834, 33207|5966, 33209|6071, 33213|6272, 33215|6379, 33216|6479, 33218|6571, 33222|7472, 33226|7556, 33227|7641, 33230|8000, 33231|8089, 33241|9849, petronas+towers, 
33242|2358, 33247|2458, 33249|2572, 33250|2752, 33252|2880, 33256|2985, 33263|3335, 33265|3450, 33270|3838, 33271|4075, 33279|4236, 33285|4522, 33286|4657, 33287|5037, 33291|5195, 33295|5314, 33296|5436, 33309|5736, 33396|5954, 33498|6154, 33512|6266, 33517|6368, 33519|6886, 33520|7266, 33522|7367, 33523|7541, 33524|7646, 33529|9749, 33534|9869, acropolis+of+athens, 
33535|2350, 33540|2440, 33541|2561, 33542|2655, 33547|2938, 33556|3240, 33558|3481, 33561|3930, 33562|4256, 33574|4510, 33576|4604, 33581|4762, 33591|4924, 33605|5087, 33643|5249, 33727|5593, 33733|5772, 33736|6255, 33738|6355, 33740|6850, 33742|6957, 33743|7150, 33744|7356, 33745|7443, 33746|7737, 33756|9821, wencelas+square+prague, 
33757|2276, 33759|2356, 33764|2504, 33765|2633, 33767|2846, 33771|2962, 33779|3321, 33780|3487, 33784|3767, 33794|4370, 33799|4525, 33802|4780, 33807|4931, 33820|5101, 33864|5283, 33927|5579, 33979|5755, 33985|5912, 33992|6117, 33993|6624, 33994|6721, 33996|6937, 33997|7334, 33998|7472, 34000|7585, 34002|7780, 34012|9907, 34014|10964, wencelas+square+prague, 
34015|2293, 34017|2374, 34021|2475, 34022|2598, 34023|2713, 34026|2833, 34034|3127, 34037|3310, 34038|3466, 34040|3597, 34043|3778, 34047|4182, 34056|4369, 34058|4503, 34069|4811, 34086|4959, 34089|5199, 34095|5355, 34104|5455, 34121|5574, 34207|5742, 34272|5902, 34273|6011, 34278|6113, 34279|6414, 34282|6537, 34284|6643, 34285|7124, 34288|7407, 34290|7589, 34291|7696, 34293|8035, 34294|8114, 34304|9843, petronas+towers, 
34305|2347, 34310|2427, 34311|2535, 34312|2618, 34313|2744, 34315|2861, 34326|3185, 34328|3398, 34333|3960, 34339|4153, 34341|4299, 34346|4479, 34349|4687, 34354|4815, 34361|4976, 34374|5123, 34376|5437, 34403|5677, 34428|5832, 34485|5963, 34514|6083, 34536|6174, 34588|6323, 34616|6481, 34622|6588, 34623|7302, 34628|7408, 34630|7491, 34636|8157, 34638|9282, 34640|9369, 34644|9483, 34656|9776, big+ben, 
34657|2279, 34659|2362, 34663|2494, 34664|2591, 34665|2684, 34667|2818, 34670|2945, 34678|3220, 34679|3405, 34680|3532, 34685|3868, 34690|4307, 34695|4481, 34701|4680, 34702|4863, 34708|4975, 34724|5138, 34799|5383, 34877|5627, 34912|5766, 34962|5883, 34990|6015, 34994|6212, 34995|6316, 34999|6448, 35004|6585, 35008|6703, 35009|6827, 35011|7029, 35013|7127, 35016|7215, 35020|7304, 35022|7386, 35023|7465, 35024|7554, 35028|8003, 35033|9803, 35038|9961, singapore, 
35039|2332, 35041|2418, 35045|2513, 35046|2618, 35049|2852, 35053|2989, 35062|3434, 35068|4202, 35069|4377, 35075|4542, 35076|4640, 35082|4765, 35092|4941, 35094|5037, 35096|5157, 35099|5374, 35101|5607, 35104|5725, 35105|5812, 35212|5960, 35216|6150, 35222|6269, 35239|6356, 35240|6454, 35241|6549, 35242|6746, 35247|9618, 35252|9778, big+ben, 
35253|7287, 35255|7393, 35261|7538, 35271|7745, 35275|7922, 35278|8203, 35281|8518, 35285|9138, 35290|9302, 35297|9437, 35299|9548, 35321|9721, 35390|10157, 35443|10309, 35446|10445, 35450|10604, 35451|11039, 35452|11151, 35453|11631, 35454|11989, 35456|12145, 35457|12245, 35459|12449, 35469|14757, wencelas+square+prague, 
35470|2340, 35472|2434, 35476|2555, 35477|2648, 35480|2823, 35484|2941, 35490|3236, 35493|3374, 35495|3993, 35509|4534, 35517|4805, 35528|5133, 35549|5299, 35605|5449, 35661|5590, 35726|5777, 35786|5918, 35831|6069, 35837|6173, 35838|6274, 35839|6603, 35840|6927, 35844|7238, 35848|7331, 35849|7413, 35851|7495, 35853|7586, 35855|7724, 35861|9771, 35865|9898, pyongyang, 
35868|2387, 35871|2487, 35873|2613, 35874|2745, 35878|2999, 35889|3354, 35892|3656, 35895|4301, 35901|4461, 35905|4604, 35909|4700, 35914|4819, 35922|5017, 35935|5150, 35945|5460, 35956|5585, 35988|5722, 36026|5844, 36065|5956, 36173|6168, 36186|6305, 36193|6407, 36197|6519, 36198|6611, 36203|6715, 36205|7100, 36206|7264, 36207|7572, 36212|7688, 36214|7799, 36218|8054, 36227|9745, 36228|9893, taipei+101, 
36229|2363, 36234|2537, 36235|2625, 36236|2711, 36237|2830, 36241|2960, 36251|3318, 36252|3482, 36257|3744, 36258|4197, 36263|4365, 36271|4606, 36277|4886, 36279|5130, 36293|5267, 36304|5380, 36448|5646, 36521|5815, 36573|5941, 36574|6027, 36578|6148, 36579|6254, 36580|6488, 36581|6795, 36583|6876, 36588|6950, 36598|7037, 36604|7194, 36607|7276, 36609|7370, 36610|7886, 36611|7964, 36612|8234, 36622|9965, pyongyang, 
36623|2425, 36625|2603, 36629|2757, 36631|2879, 36636|3043, 36646|3363, 36648|3577, 36649|3690, 36658|4300, 36665|4505, 36667|4617, 36671|4879, 36676|5432, 36684|5680, 36766|5844, 36886|6006, 36888|6134, 36889|6737, 36890|6887, 36892|7235, 36893|7331, 36901|9777, big+ben, 
36902|2346, 36907|2525, 36909|2657, 36912|2857, 36914|2972, 36923|3271, 36925|3525, 36930|3748, 36936|4281, 36941|4411, 36942|4541, 36946|4659, 36951|4778, 36968|4878, 36969|5000, 36973|5166, 36983|5280, 36998|5508, 37042|5667, 37095|5881, 37133|6047, 37157|6139, 37185|6244, 37202|6332, 37216|6446, 37220|6712, 37221|7176, 37225|7262, 37231|7366, 37232|7681, 37235|7935, 37239|8517, 37240|8638, 37241|8856, 37251|9873, big+ben, 
37257|2333, 37259|2489, 37260|2628, 37264|2860, 37270|3014, 37274|3320, 37275|3510, 37278|3731, 37280|3881, 37283|4307, 37291|4444, 37295|4680, 37302|4840, 37316|4993, 37317|5114, 37332|5332, 37340|5499, 37348|5638, 37376|5748, 37438|5928, 37506|6086, 37538|6190, 37554|6303, 37556|6425, 37557|6569, 37558|7219, 37559|7313, 37564|7929, 37569|10866, 37574|11025, colosseum+rome, 
37576|2321, 37578|2402, 37582|2538, 37584|2627, 37588|2915, 37595|3129, 37599|3422, 37601|3782, 37605|4230, 37615|4489, 37620|4651, 37634|5191, 37642|5431, 37653|5544, 37769|5772, 37890|5914, 37985|6109, 37988|6680, 37992|6794, 37997|6930, 38002|7077, 38004|7183, 38007|7289, 38013|7398, 38014|7496, 38018|7678, 38019|7796, 38024|9779, 38029|9958, the+great+wall+of+china, 
38032|2582, 38035|2665, 38038|2794, 38044|3005, 38052|3336, 38053|3452, 38058|3871, 38069|4381, 38081|4589, 38083|4771, 38085|4933, 38097|5110, 38125|5332, 38287|5623, 38330|5785, 38379|5961, 38382|6055, 38386|6374, 38387|6555, 38388|6728, 38390|6807, 38395|6909, 38396|6993, 38400|7143, 38410|9893, singapore, 
38411|2276, 38415|2355, 38418|2498, 38419|2601, 38421|2757, 38423|2878, 38432|3190, 38433|3368, 38434|3529, 38439|3916, 38450|4499, 38451|4663, 38457|4822, 38459|4979, 38478|5151, 38528|5311, 38653|5634, 38713|5810, 38754|5970, 38757|6084, 38761|6201, 38763|6721, 38764|6850, 38768|7174, 38772|7255, 38774|7369, 38777|7448, 38778|7529, 38783|9755, 38788|9841, singapore, 
38789|2290, 38791|2389, 38794|2516, 38802|2687, 38807|2826, 38810|2961, 38814|3314, 38816|3656, 38817|3892, 38818|4018, 38827|4210, 38829|4372, 38832|4661, 38833|4791, 38834|4905, 38839|5024, 38852|5191, 38865|5367, 38875|5697, 38892|5873, 38907|5991, 38978|6155, 39036|6269, 39069|6390, 39071|6472, 39072|6562, 39073|6670, 39074|6764, 39075|7013, 39085|9789, petronas+towers, 
39086|2242, 39091|2345, 39093|2464, 39094|2676, 39100|2936, 39107|3181, 39108|3335, 39109|3478, 39113|3656, 39114|3762, 39120|4134, 39125|4344, 39131|4692, 39133|4855, 39149|4996, 39242|5156, 39364|5405, 39401|5587, 39422|5769, 39428|5880, 39429|5979, 39434|6100, 39436|6483, 39438|6590, 39440|6722, 39446|7051, 39448|7137, 39449|7215, 39453|7376, 39463|9828, singapore, 
39464|2412, 39466|2487, 39470|2604, 39471|2685, 39472|2838, 39478|3046, 39485|3343, 39487|3638, 39493|4244, 39499|4461, 39502|4591, 39503|4696, 39510|4867, 39520|5046, 39530|5254, 39539|5669, 39546|5927, 39555|6025, 39595|6192, 39670|6401, 39731|6537, 39750|6646, 39766|6784, 39767|7545, 39768|7639, 39772|8218, 39782|9919, colosseum+rome, 
39783|2455, 39788|2686, 39794|2842, 39803|2998, 39812|3325, 39813|3579, 39818|3924, 39819|4149, 39833|4400, 39835|4619, 39848|4875, 39851|5002, 39867|5136, 39926|5371, 40008|5602, 40043|5723, 40078|5834, 40117|5944, 40161|6098, 40193|6211, 40202|6372, 40203|6486, 40207|6609, 40208|6985, 40214|7066, 40223|7155, 40224|7248, 40232|7365, 40237|9839, 40242|9947, peking, 
40243|2357, 40248|2483, 40250|2581, 40251|2678, 40253|2919, 40257|3031, 40261|3288, 40265|3526, 40266|3664, 40271|4226, 40274|4478, 40281|4651, 40282|4821, 40283|5053, 40290|5216, 40292|5402, 40305|5519, 40316|5626, 40459|5877, 40616|6133, 40635|6284, 40636|6409, 40637|6818, 40643|6901, 40649|6995, 40653|7071, 40658|7165, 40663|7256, 40664|7344, 40665|7777, 40675|9812, peking, 
40676|2363, 40678|2444, 40682|2555, 40683|2633, 40684|2786, 40686|2916, 40697|3314, 40699|3500, 40701|3810, 40704|4029, 40707|4375, 40715|4554, 40719|4662, 40730|4877, 40744|5180, 40805|5379, 40894|5640, 40960|5789, 40988|5920, 40993|6469, 40994|6778, 40997|7068, 41001|7145, 41009|7233, 41011|7315, 41015|7396, 41016|7470, 41017|7562, 41021|7669, 41022|7768, 41024|7848, 41025|7946, 41035|9851, 41036|10274, cape+town, 
41039|2411, 41042|2524, 41044|2628, 41045|2760, 41047|2894, 41049|3019, 41059|3448, 41060|3600, 41066|4019, 41072|4482, 41081|4652, 41089|4999, 41095|5139, 41110|5321, 41121|5666, 41131|5770, 41143|5877, 41232|6004, 41302|6137, 41304|6254, 41308|6361, 41309|6463, 41310|6868, 41311|6963, 41313|7321, 41316|7487, 41319|7908, 41329|9804, petronas+towers, 
41330|2340, 41332|2438, 41336|2535, 41337|2620, 41338|2727, 41348|3184, 41353|3537, 41355|3826, 41358|3979, 41359|4223, 41364|4365, 41369|4534, 41370|4830, 41383|5190, 41384|5344, 41387|5488, 41397|5586, 41411|5700, 41488|5857, 41613|6026, 41722|6158, 41744|6279, 41747|6376, 41750|6483, 41752|7135, 41753|7365, 41755|7463, 41760|7554, 41764|7897, 41774|9827, the+great+wall+of+china, 
41777|2361, 41781|2471, 41782|2562, 41783|2702, 41785|2809, 41787|2915, 41796|3276, 41798|3399, 41800|3596, 41803|3713, 41805|4039, 41816|4303, 41818|4441, 41831|4943, 41838|5140, 41852|5311, 41935|5521, 41984|5668, 42026|5853, 42029|5951, 42032|6434, 42035|6874, 42037|7032, 42042|7149, 42044|7242, 42049|7773, 42054|9721, 42059|9861, sydney+harbour, 
42061|2340, 42065|2433, 42067|2546, 42068|2645, 42078|3055, 42080|3284, 42083|3435, 42088|3987, 42090|4138, 42099|4330, 42105|4634, 42107|5004, 42126|5154, 42168|5467, 42229|5610, 42276|5732, 42305|5869, 42307|6059, 42312|6153, 42316|6236, 42317|6349, 42322|6488, 42323|6724, 42327|6800, 42330|6876, 42331|6951, 42332|7028, 42334|7118, 42336|7588, 42339|7704, 42340|7810, 42346|9861, 42350|10020, pyeongchang, 
42353|2308, 42357|2441, 42358|2538, 42359|2659, 42361|2763, 42365|2918, 42373|3295, 42374|3475, 42380|3883, 42395|4445, 42396|4670, 42401|4869, 42405|5047, 42428|5262, 42431|5431, 42441|5538, 42458|5647, 42553|5894, 42609|6044, 42645|6154, 42683|6265, 42722|6401, 42724|6509, 42725|6814, 42726|7193, 42729|7527, 42732|7625, 42734|7712, 42738|7953, 42748|9797, pyramids+of+giza, 
42749|2266, 42754|2378, 42756|2495, 42757|2595, 42759|2831, 42763|2959, 42772|3341, 42775|3715, 42784|4229, 42785|4398, 42796|4585, 42797|4742, 42804|4921, 42806|5088, 42813|5192, 42829|5319, 42916|5498, 42982|5615, 43058|5821, 43097|5949, 43099|6271, 43104|6380, 43109|6478, 43114|6719, 43116|6995, 43118|7309, 43123|7403, 43125|7484, 43129|7749, 43134|9689, 43135|9807, 43139|9890, singapore, 
43140|2305, 43145|2489, 43147|2620, 43148|2736, 43151|2901, 43154|3008, 43161|3338, 43163|3529, 43168|3795, 43169|4298, 43180|4535, 43183|4689, 43184|4813, 43187|4958, 43200|5140, 43212|5311, 43217|5443, 43226|5545, 43232|5653, 43361|5855, 43450|6031, 43498|6229, 43503|6464, 43504|6566, 43506|6982, 43507|7096, 43508|7675, 43510|7767, 43513|7846, 43515|7943, 43519|8159, 43529|9836, pyramids+of+giza, 
43532|2346, 43536|2453, 43538|2555, 43540|2770, 43541|2866, 43548|3026, 43551|3267, 43553|3581, 43558|3744, 43561|4261, 43565|4441, 43574|4758, 43579|4954, 43585|5110, 43598|5224, 43697|5440, 43801|5662, 43873|5826, 43879|5932, 43883|6034, 43884|6469, 43891|6579, 43893|6671, 43899|6846, 43902|6925, 43906|7007, 43909|7089, 43913|7264, 43915|7355, 43917|7428, 43927|9858, pyongyang, 
43930|2404, 43936|2547, 43937|2631, 43938|2745, 43940|2880, 43944|2986, 43952|3308, 43953|3563, 43955|3743, 43956|3887, 43958|4224, 43963|4349, 43964|4437, 43965|4537, 43966|4629, 43968|4758, 43972|4834, 43975|4922, 43977|5102, 43979|5369, 43980|5727, 43981|5818, 43982|6312, 43985|6405, 43991|7597, 43994|8149, 43998|8358, 44001|8545, 44030|8809, 44044|9229, 44084|9586, 44161|9784, 44231|10018, 44237|10179, 44247|10538, empire+state+building, 
44249|2371, 44254|2460, 44255|2567, 44257|2660, 44260|2923, 44267|3075, 44270|3346, 44272|3469, 44276|4034, 44283|4222, 44284|4507, 44286|5125, 44287|5220, 44289|5753, 44290|5850, 44292|6435, 44294|6538, 44297|6621, 44301|6712, 44302|6813, 44303|6904, 44304|7015, 44310|7646, 44312|8114, 44313|8255, 44314|8411, 44320|8616, 44347|8823, 44360|9368, 44472|9657, 44546|9911, 44548|10077, 44552|10222, 44562|10642, empire+state+building, 
44563|2300, 44565|2378, 44569|2496, 44571|2606, 44573|2841, 44576|2950, 44585|3258, 44586|3368, 44593|4176, 44604|4402, 44605|4546, 44609|4669, 44625|4862, 44676|5046, 44702|5266, 44742|5451, 44746|5772, 44747|6067, 44749|6401, 44754|6517, 44756|6616, 44760|6720, 44762|6823, 44764|7356, 44765|7633, 44775|9768, wencelas+square+prague, 
44778|2336, 44781|2415, 44783|2521, 44784|2624, 44788|2917, 44796|3175, 44799|3364, 44804|4014, 44815|4366, 44816|4491, 44817|4634, 44822|4785, 44828|4978, 44842|5085, 44848|5169, 44899|5283, 44929|5432, 45121|5666, 45170|5809, 45176|5930, 45183|6200, 45188|6376, 45193|6499, 45196|6583, 45200|6677, 45203|6761, 45205|6926, 45208|7412, 45209|7537, 45219|9839, peking, 
45220|2554, 45222|2643, 45226|2770, 45229|2883, 45237|3046, 45240|3211, 45245|3524, 45246|3678, 45252|4232, 45253|4355, 45255|4553, 45258|4653, 45266|4777, 45270|4877, 45276|4992, 45289|5153, 45295|5289, 45313|5439, 45340|5577, 45368|5693, 45475|5849, 45555|6002, 45592|6193, 45599|6380, 45604|6815, 45605|7021, 45608|7152, 45609|7279, 45611|7417, 45612|7519, 45614|7623, 45619|9830, 45624|10022, mirabell+gardens, 
45627|2332, 45631|2419, 45632|2528, 45633|2672, 45635|2837, 45644|3020, 45648|3459, 45651|3633, 45653|3901, 45654|4073, 45661|4272, 45675|4526, 45677|4637, 45678|4872, 45686|5244, 45688|5435, 45695|5565, 45703|5704, 45789|5917, 45899|6084, 45901|6242, 45903|6426, 45905|6543, 45906|6693, 45907|7289, 45908|7377, 45910|7570, 45915|9754, 45920|9894, acropolis+of+athens, 
45921|2252, 45922|2330, 45927|2408, 45928|2517, 45930|2649, 45932|2860, 45935|2965, 45945|3421, 45948|3754, 45950|4042, 45957|4395, 45966|4599, 45972|4737, 45983|4854, 45988|4955, 45996|5331, 46003|5576, 46013|5694, 46055|5836, 46118|6004, 46168|6133, 46174|6242, 46178|6339, 46180|6650, 46186|6753, 46187|6876, 46194|6983, 46195|7382, 46197|7507, 46199|7879, 46204|9711, 46209|9885, eiffel+tower, 
46210|2335, 46215|2454, 46217|2546, 46218|2652, 46221|2817, 46228|3086, 46233|3333, 46235|3648, 46238|3799, 46241|4179, 46250|4426, 46252|4651, 46259|4781, 46260|4880, 46279|5034, 46285|5184, 46300|5322, 46379|5599, 46471|5867, 46500|5989, 46526|6076, 46528|6191, 46530|6564, 46532|6673, 46533|6808, 46534|7220, 46539|7318, 46541|7410, 46548|8144, 46553|9763, 46558|9962, big+ben, 
46559|2326, 46564|2411, 46566|2519, 46567|2773, 46571|2955, 46577|3161, 46581|3364, 46582|3573, 46585|3677, 46587|3851, 46588|4261, 46594|4395, 46600|4575, 46605|4670, 46609|4779, 46616|4898, 46623|5014, 46624|5397, 46639|5557, 46645|5660, 46654|5786, 46670|5880, 46789|6037, 46813|6166, 46823|6295, 46827|6395, 46828|6496, 46832|6602, 46833|6738, 46835|7568, 46839|7945, 46844|9780, 46849|9902, eiffel+tower, 
46850|2272, 46852|2377, 46857|2502, 46858|2587, 46860|2855, 46868|3052, 46871|3351, 46873|3517, 46878|4023, 46886|4320, 46891|4505, 46896|4667, 46904|4934, 46908|5217, 46918|5321, 46931|5434, 47046|5646, 47162|6004, 47173|6181, 47174|6294, 47176|6498, 47177|6676, 47184|6785, 47185|6866, 47186|6947, 47191|7055, 47201|9899, cape+town, 
47202|2343, 47204|2542, 47209|2696, 47210|2839, 47213|2941, 47223|3327, 47225|3518, 47228|3748, 47230|3834, 47231|4186, 47236|4382, 47241|4512, 47246|4844, 47247|5127, 47254|5239, 47276|5388, 47400|5612, 47527|5869, 47546|6027, 47550|6115, 47551|6227, 47553|6621, 47555|6712, 47556|6806, 47560|6914, 47564|7008, 47565|7101, 47568|7180, 47569|7264, 47579|9928, singapore, 
47580|2255, 47582|2340, 47586|2439, 47587|2554, 47588|2670, 47590|2797, 47592|2917, 47598|3122, 47601|3338, 47603|3478, 47608|3916, 47611|4292, 47623|4597, 47624|4757, 47637|5160, 47641|5376, 47653|5490, 47732|5705, 47789|5875, 47844|6024, 47926|6210, 47996|6378, 48002|6492, 48003|6593, 48005|6981, 48006|7150, 48007|7539, 48013|7632, 48017|7734, 48019|7995, 48021|8098, 48022|8393, 48025|8531, 48029|8649, 48030|8747, 48031|8882, 48041|9849, the+great+wall+of+china, 
48042|2346, 48044|2425, 48048|2540, 48050|2661, 48052|2810, 48056|2954, 48064|3327, 48065|3474, 48068|3660, 48070|3821, 48076|4647, 48083|4816, 48088|4946, 48098|5137, 48111|5446, 48112|5574, 48114|5693, 48125|5811, 48236|6043, 48323|6251, 48326|6373, 48327|6473, 48328|6773, 48331|7101, 48337|7287, 48342|7403, 48344|7491, 48351|8023, 48353|8199, 48354|8308, 48364|9773, colosseum+rome, 
48365|2244, 48367|2335, 48370|2452, 48372|2558, 48373|2674, 48377|2928, 48384|3201, 48389|3370, 48390|3510, 48391|3636, 48406|4347, 48410|4549, 48415|4707, 48416|4884, 48424|5413, 48426|5512, 48430|5620, 48453|5781, 48511|5904, 48600|6090, 48680|6278, 48692|6461, 48694|6736, 48699|6823, 48703|6907, 48705|7012, 48708|7154, 48709|7240, 48719|9861, cape+town, 
48720|2325, 48722|2408, 48726|2509, 48727|2599, 48728|2701, 48731|2884, 48740|3157, 48742|3383, 48743|3520, 48746|3921, 48749|4278, 48753|4380, 48754|4471, 48755|4748, 48756|5106, 48757|5373, 48761|5550, 48766|5636, 48767|5733, 48768|5828, 48771|6410, 48772|6502, 48773|6593, 48774|7050, 48775|7316, 48781|7496, 48783|7897, 48784|8026, 48787|8228, 48792|8479, 48818|8653, 48831|9265, 49020|9840, 49023|9982, 49028|10476, 49033|10610, empire+state+building, 
49036|2365, 49040|2491, 49042|2584, 49044|2834, 49047|2986, 49054|3276, 49057|3473, 49062|3947, 49063|4129, 49069|4271, 49072|4433, 49073|4567, 49077|4687, 49081|4832, 49092|4983, 49098|5214, 49113|5344, 49121|5581, 49129|5762, 49160|5902, 49326|6126, 49331|6263, 49332|6358, 49337|6545, 49339|7127, 49340|7375, 49342|7513, 49346|8060, 49351|9734, 49356|9902, colosseum+rome, 
49357|2301, 49359|2467, 49363|2571, 49364|2669, 49365|2801, 49369|2920, 49379|3337, 49380|3503, 49384|3835, 49390|4174, 49398|4368, 49400|4487, 49413|4728, 49430|4926, 49477|5165, 49527|5354, 49552|5562, 49557|5712, 49559|5973, 49560|6305, 49562|6625, 49563|6750, 49565|7335, 49567|7532, 49577|9817, wencelas+square+prague, 
49578|2243, 49583|2379, 49585|2473, 49586|2562, 49588|2801, 49592|2926, 49598|3195, 49600|3374, 49601|3545, 49604|3859, 49605|4207, 49616|4471, 49622|4804, 49625|4934, 49643|5139, 49663|5346, 49680|5528, 49718|5689, 49811|5891, 49836|6057, 49845|6218, 49848|6781, 49849|7115, 49851|7410, 49857|7527, 49859|7624, 49863|7892, 49873|9747, burj+khalifa, 
49874|2227, 49879|2339, 49881|2453, 49882|2547, 49884|2772, 49891|2964, 49895|3304, 49897|3451, 49899|3570, 49901|3683, 49902|3786, 49905|4426, 49913|4606, 49918|4768, 49920|4948, 49929|5063, 49954|5238, 50080|5481, 50111|5707, 50119|5864, 50124|6362, 50126|6475, 50128|7020, 50130|7264, 50135|7343, 50136|7424, 50137|7511, 50139|7603, 50143|7965, 50153|9787, pyeongchang, 
50156|2307, 50159|2395, 50162|2524, 50163|2615, 50164|2725, 50166|2863, 50173|3037, 50177|3398, 50178|3747, 50181|3867, 50182|4049, 50191|4221, 50194|4363, 50196|4568, 50197|4693, 50204|4841, 50205|4940, 50213|5143, 50220|5287, 50221|5404, 50227|5519, 50235|5668, 50252|5780, 50383|6076, 50442|6268, 50443|6370, 50446|6471, 50449|6599, 50451|7175, 50455|7300, 50457|7766, 50467|9962, colosseum+rome, 
50468|2230, 50473|2331, 50475|2440, 50476|2549, 50478|2792, 50486|2942, 50491|3349, 50496|3782, 50497|4075, 50501|4237, 50509|4386, 50511|4560, 50512|4667, 50513|4789, 50514|5214, 50529|5515, 50553|5726, 50554|5844, 50556|5939, 50557|6316, 50558|6580, 50559|6903, 50560|7260, 50561|7583, 50562|7929, 50570|9813, big+ben, 
50571|2244, 50575|2330, 50578|2494, 50579|2664, 50581|2805, 50585|2934, 50597|3476, 50602|3630, 50603|3876, 50604|4190, 50609|4367, 50614|4504, 50618|4717, 50620|4848, 50629|4965, 50657|5266, 50699|5470, 50759|5651, 50767|5782, 50768|6082, 50769|6463, 50770|6777, 50779|7219, 50784|7355, 50786|7441, 50788|7627, 50789|7730, 50790|8068, 50800|9928, wencelas+square+prague, 
50803|2411, 50806|2521, 50808|2605, 50809|2712, 50811|2865, 50819|3075, 50822|3319, 50824|3462, 50829|3975, 50840|4393, 50846|4527, 50851|4614, 50853|4711, 50859|4835, 50865|4956, 50866|5287, 50877|5403, 50880|5513, 50882|5639, 50893|5739, 50897|5850, 50985|6051, 51042|6256, 51059|6385, 51064|6492, 51065|6918, 51066|7307, 51067|7392, 51071|7846, 51081|9848, eiffel+tower, 
51082|2333, 51087|2436, 51089|2532, 51090|2624, 51092|2940, 51102|3326, 51105|3507, 51108|3872, 51110|4094, 51116|4265, 51122|4490, 51132|4658, 51142|4847, 51153|5070, 51169|5240, 51177|5364, 51373|5644, 51401|5821, 51407|5931, 51408|6020, 51409|6124, 51410|6217, 51412|6749, 51418|7342, 51420|7491, 51424|7688, 51429|9799, 51434|9966, taipei+101, 
51436|2285, 51440|2442, 51442|2527, 51443|2627, 51447|2876, 51453|2961, 51458|3370, 51460|3535, 51462|3717, 51463|4153, 51464|4299, 51469|4581, 51474|4739, 51486|4969, 51492|5093, 51499|5360, 51526|5500, 51536|5635, 51596|5797, 51640|5930, 51674|6052, 51691|6176, 51693|6266, 51698|6465, 51700|6779, 51702|6884, 51706|7446, 51710|7549, 51716|7657, 51720|7933, 51725|9776, 51730|9887, burj+khalifa, 
51731|2339, 51736|2431, 51737|2544, 51738|2628, 51739|2771, 51741|2882, 51749|3026, 51754|3527, 51758|3788, 51759|3952, 51760|4121, 51770|4384, 51774|4538, 51775|4658, 51779|4779, 51783|4903, 51790|5042, 51803|5216, 51826|5377, 51837|5507, 51918|5770, 51952|5898, 51987|6044, 51996|6169, 52000|6266, 52004|6364, 52007|6460, 52008|6680, 52009|7492, 52012|7588, 52016|7693, 52017|7798, 52021|8063, 52022|9804, 52031|9952, burj+khalifa, 
52033|2415, 52037|2503, 52039|2634, 52040|2775, 52042|2945, 52046|3106, 52053|3377, 52055|3539, 52057|3774, 52060|3966, 52064|4379, 52070|4514, 52073|4730, 52078|4913, 52080|5137, 52088|5261, 52093|5390, 52136|5621, 52201|5813, 52239|5950, 52275|6050, 52321|6223, 52411|6370, 52459|6530, 52493|6635, 52522|6730, 52540|6833, 52545|6929, 52546|7091, 52548|7589, 52553|9748, 52558|9860, peking, 
52559|2304, 52563|2399, 52566|2506, 52567|2624, 52569|2869, 52576|3072, 52580|3312, 52582|3475, 52583|3857, 52590|4112, 52595|4299, 52598|4459, 52600|4569, 52606|4727, 52614|4904, 52621|5181, 52634|5311, 52722|5543, 52788|5724, 52871|5937, 52872|6067, 52876|6297, 52881|6616, 52890|6702, 52893|6790, 52897|6867, 52899|6954, 52905|7473, 52906|7733, 52907|7816, 52908|7916, 52918|9843, cape+town, 
52919|2238, 52921|2323, 52925|2420, 52926|2527, 52927|2627, 52930|2888, 52939|3172, 52940|3326, 52942|3717, 52943|3868, 52944|3966, 52945|4127, 52954|4322, 52962|4503, 52967|4645, 52970|4797, 52974|4901, 52981|5003, 52990|5699, 52992|5824, 52997|5918, 53005|6026, 53057|6153, 53160|6352, 53168|6496, 53172|6605, 53173|6909, 53174|7383, 53176|7476, 53177|7584, 53181|7869, 53186|9801, 53191|10007, eiffel+tower, 
53192|2289, 53193|2376, 53195|2470, 53199|2594, 53200|2679, 53203|2854, 53207|2974, 53213|3319, 53215|3512, 53219|3808, 53221|3976, 53223|4518, 53224|4656, 53233|4852, 53238|5055, 53245|5212, 53261|5348, 53308|5516, 53436|5725, 53489|5862, 53543|5985, 53550|6098, 53551|6192, 53553|6753, 53554|6931, 53556|7003, 53561|7082, 53563|7165, 53564|7243, 53565|7332, 53569|7686, 53570|8027, 53575|9879, 53580|9999, pyongyang, 
53581|1384, 53582|2303, 53584|2375, 53588|2487, 53589|2581, 53590|2679, 53592|2836, 53594|2965, 53605|3469, 53611|4222, 53620|4413, 53622|4570, 53626|4773, 53633|4936, 53640|5044, 53698|5252, 53815|5428, 53874|5586, 53895|5730, 53920|5897, 53926|6026, 53927|6133, 53932|6278, 53935|6789, 53940|7099, 53944|7177, 53945|7255, 53946|7342, 53950|7460, 53960|9823, singapore, 
53961|2444, 53963|2532, 53967|2624, 53968|2719, 53969|2838, 53971|2995, 53984|3525, 53989|3845, 53991|4254, 53994|4389, 53999|4534, 54009|4779, 54016|5129, 54029|5258, 54151|5565, 54200|5779, 54208|5945, 54211|6049, 54215|6155, 54217|6670, 54218|7005, 54221|7159, 54225|7243, 54227|7323, 54228|7493, 54232|7611, 54233|7733, 54239|9846, 54243|9957, pyeongchang, 
54244|2376, 54249|2535, 54251|2628, 54252|2721, 54254|2896, 54258|3019, 54267|3527, 54273|3949, 54276|4348, 54281|4442, 54285|4842, 54286|5039, 54292|5163, 54297|5297, 54299|5504, 54301|5866, 54302|6201, 54303|6535, 54304|6818, 54305|7104, 54308|7210, 54309|7409, 54317|9811, big+ben, 
54318|2343, 54323|2536, 54324|2633, 54326|2746, 54330|2895, 54336|3091, 54341|3436, 54346|3787, 54349|4109, 54357|4411, 54361|4562, 54364|4766, 54369|4871, 54375|4972, 54387|5119, 54409|5311, 54423|5440, 54452|5552, 54507|5768, 54571|5943, 54606|6053, 54646|6173, 54688|6288, 54705|6461, 54706|6824, 54707|6958, 54708|7351, 54709|7438, 54711|7625, 54721|10345, mirabell+gardens, 
54722|2347, 54727|2541, 54728|2642, 54730|2733, 54732|2885, 54740|3077, 54743|3305, 54745|3435, 54747|3658, 54750|3777, 54755|4371, 54764|4503, 54765|4633, 54771|4803, 54773|5027, 54782|5130, 54792|5225, 54856|5476, 54900|5631, 54937|5787, 54991|5930, 55061|6094, 55114|6299, 55115|6604, 55118|6698, 55121|6771, 55130|6868, 55131|6964, 55135|7061, 55137|7142, 55138|7248, 55139|9025, 55149|9875, peking, 
55151|3215, 55156|3356, 55157|3454, 55158|3567, 55161|3783, 55168|3962, 55171|4232, 55173|4394, 55178|4820, 55180|5050, 55192|5340, 55194|5594, 55200|5747, 55206|5842, 55220|6016, 55221|6179, 55252|6344, 55306|6631, 55358|6780, 55397|6904, 55418|7042, 55420|7141, 55422|7239, 55424|7622, 55426|8070, 55429|8183, 55432|8270, 55435|8391, 55439|8574, 55449|10827, burj+khalifa, 
55450|2355, 55452|2437, 55456|2563, 55457|2645, 55460|2854, 55468|3014, 55472|3444, 55473|3597, 55478|4244, 55479|4428, 55487|4639, 55489|4743, 55494|4886, 55504|5097, 55515|5242, 55577|5457, 55657|5661, 55715|5823, 55767|5983, 55796|6135, 55798|6532, 55802|6659, 55807|6755, 55809|6918, 55815|7057, 55816|7472, 55818|7550, 55822|7634, 55823|7705, 55827|7901, 55837|11270, singapore, 
55838|2226, 55840|2406, 55843|2493, 55845|2617, 55848|2758, 55853|2886, 55857|3104, 55860|3396, 55861|3535, 55865|4206, 55872|4395, 55873|4508, 55874|4600, 55875|4944, 55876|5037, 55879|5118, 55883|5204, 55884|5286, 55885|5380, 55887|5469, 55889|5945, 55890|6228, 55891|6618, 55898|6803, 55900|7163, 55901|7298, 55902|7399, 55908|7538, 55909|7651, 55915|7846, 55935|7938, 55947|8371, 55965|8631, 56079|8816, 56134|8961, 56138|9150, 56140|9294, 56150|10098, empire+state+building, 
56153|2280, 56156|2386, 56158|2486, 56159|2578, 56162|2826, 56166|2942, 56172|3300, 56174|3427, 56179|3885, 56185|4358, 56195|4635, 56197|4817, 56204|4948, 56227|5143, 56310|5381, 56361|5529, 56389|5726, 56399|5902, 56401|6435, 56403|6719, 56406|7017, 56413|7094, 56419|7177, 56420|7261, 56427|7356, 56429|7445, 56431|7738, 56432|8010, 56442|9722, pyeongchang, 
56445|2292, 56448|2405, 56450|2506, 56451|2615, 56453|2831, 56461|2992, 56467|3376, 56470|3787, 56473|4109, 56485|4361, 56487|4546, 56496|4753, 56501|4901, 56509|5063, 56520|5164, 56697|5480, 56799|5663, 56846|5800, 56847|5897, 56851|6277, 56852|6574, 56854|6904, 56856|6984, 56860|7066, 56861|7149, 56866|7239, 56867|7596, 56872|9711, 56877|9845, peking, 
56880|2301, 56883|2426, 56885|2517, 56886|2644, 56890|2914, 56897|3099, 56902|3418, 56909|3872, 56924|4460, 56931|4803, 56933|4953, 56942|5109, 56957|5276, 57076|5472, 57150|5601, 57203|5764, 57229|5908, 57233|6000, 57241|6117, 57242|6238, 57247|6375, 57249|6759, 57251|6858, 57252|7245, 57256|7328, 57260|7408, 57261|7485, 57265|7602, 57266|7724, 57276|9813, pyongyang, 
57277|2253, 57279|2339, 57282|2412, 57284|2548, 57285|2638, 57287|2795, 57289|2919, 57295|3173, 57298|3340, 57300|3565, 57303|3788, 57305|4093, 57306|4307, 57316|4589, 57320|5074, 57337|5313, 57341|5456, 57345|5565, 57363|5707, 57474|5880, 57562|6041, 57666|6187, 57685|6312, 57694|6417, 57695|6516, 57696|6933, 57697|7036, 57699|7259, 57702|7377, 57707|7495, 57709|7590, 57711|7680, 57716|7864, 57726|9853, the+great+wall+of+china, 
57727|2277, 57732|2393, 57734|2518, 57735|2626, 57738|2867, 57745|3085, 57750|3503, 57755|3992, 57760|4204, 57774|4498, 57778|4643, 57783|4765, 57789|4865, 57810|4975, 57812|5151, 57826|5311, 57838|5429, 57897|5558, 58070|5794, 58079|5991, 58111|6146, 58117|6300, 58122|6432, 58128|6657, 58129|7399, 58130|7485, 58132|7748, 58142|9798, mirabell+gardens, 
58143|2299, 58145|2405, 58148|2516, 58150|2614, 58151|2732, 58153|2840, 58156|2943, 58161|3198, 58164|3418, 58166|3555, 58170|4178, 58176|4309, 58177|4406, 58181|4497, 58185|4591, 58186|4678, 58187|4957, 58188|5334, 58189|5605, 58190|5704, 58192|6278, 58193|6376, 58195|6905, 58197|7183, 58202|7284, 58203|7427, 58204|7589, 58206|7691, 58207|7821, 58211|8067, 58221|8293, 58222|8548, 58242|8809, 58254|9127, 58401|9665, 58446|9879, 58447|9996, 58452|10350, 58457|10450, empire+state+building, 
58458|3654, 58460|3737, 58465|3882, 58466|3972, 58470|4308, 58476|4502, 58481|4763, 58482|4898, 58488|5229, 58493|5644, 58502|5856, 58503|5995, 58508|6162, 58509|6334, 58511|6535, 58525|6684, 58646|6984, 58732|7106, 58808|7251, 58849|7386, 58854|7504, 58855|7980, 58865|8075, 58871|8155, 58873|8249, 58881|8349, 58883|8524, 58884|9061, 58894|12463, peking, 
58895|2311, 58900|2400, 58902|2513, 58903|2619, 58905|2881, 58913|3189, 58915|3344, 58918|3508, 58921|3728, 58923|4104, 58929|4293, 58934|4471, 58935|4609, 58942|4780, 58949|4960, 58959|5093, 59103|5482, 59124|5637, 59131|5844, 59136|5964, 59139|6059, 59140|6162, 59142|6263, 59144|6384, 59146|6847, 59147|7223, 59148|7485, 59150|7573, 59154|7669, 59155|7753, 59159|8070, 59160|8168, 59165|9748, 59170|9865, sydney+harbour, 
59173|2344, 59176|2435, 59178|2522, 59179|2611, 59184|2981, 59191|3263, 59193|3467, 59194|3603, 59196|3843, 59199|4041, 59213|4485, 59214|4634, 59215|4712, 59220|4848, 59227|5014, 59252|5319, 59258|5566, 59268|5686, 59294|5832, 59412|5982, 59438|6133, 59443|6231, 59445|6441, 59446|6538, 59447|6632, 59450|7490, 59454|7586, 59455|7660, 59458|7840, 59459|7934, 59469|9779, petronas+towers, 
59470|2310, 59475|2406, 59477|2540, 59478|2660, 59480|2862, 59484|2963, 59493|3404, 59494|3566, 59497|3930, 59501|4318, 59512|4542, 59523|4771, 59524|4944, 59528|5151, 59540|5273, 59542|5471, 59553|5582, 59563|5704, 59632|5838, 59731|6008, 59798|6125, 59887|6252, 59892|6361, 59894|6455, 59899|6565, 59903|6664, 59904|6776, 59909|6882, 59911|7216, 59915|7430, 59920|7588, 59924|7831, 59934|9763, the+great+wall+of+china, 
59935|2313, 59940|2435, 59942|2541, 59943|2625, 59945|2760, 59947|2890, 59956|3142, 59958|3383, 59964|4025, 59975|4344, 59977|4456, 59978|4579, 59980|4682, 59985|5172, 59987|5472, 59988|5792, 59989|6039, 59992|6118, 59997|6220, 59999|6406, 60001|6729, 60002|7001, 60004|7090, 60005|7182, 60006|7298, 60014|9765, big+ben, 
60015|2269, 60017|2382, 60021|2493, 60022|2581, 60023|2722, 60026|2830, 60035|3197, 60038|3505, 60041|3929, 60042|4191, 60043|4288, 60048|4387, 60050|4475, 60051|4959, 60052|5048, 60054|5577, 60056|5677, 60060|6217, 60064|6315, 60065|6412, 60067|6504, 60069|6606, 60075|6736, 60077|6993, 60082|7124, 60086|7399, 60091|7658, 60117|7815, 60119|8040, 60129|8173, 60134|8513, 60287|8750, 60316|8945, 60321|9137, 60322|9340, 60323|9930, 60324|10176, 60333|10332, 60340|10625, empire+state+building, 
60343|2359, 60347|2437, 60348|2547, 60349|2663, 60351|2840, 60359|3044, 60362|3304, 60364|3458, 60369|4071, 60372|4224, 60379|4388, 60380|4581, 60381|4848, 60396|5259, 60399|5516, 60408|5616, 60424|5771, 60509|5911, 60588|6054, 60661|6183, 60732|6375, 60749|6509, 60751|6626, 60754|6724, 60758|6848, 60759|6936, 60763|7068, 60765|7158, 60769|7282, 60773|7386, 60774|7473, 60778|7638, 60788|9817, the+great+wall+of+china, 
60790|2332, 60792|2431, 60796|2530, 60797|2629, 60798|2764, 60802|2911, 60811|3319, 60813|3475, 60815|3624, 60816|3771, 60818|4024, 60821|4237, 60829|4428, 60833|4601, 60846|4863, 60850|5075, 60872|5200, 60910|5366, 61003|5545, 61086|5724, 61102|5846, 61116|5945, 61141|6057, 61147|6174, 61151|6308, 61153|6404, 61156|6962, 61161|7060, 61165|7164, 61167|7264, 61171|7512, 61181|9791, mt.+everest, 
61184|2357, 61188|2469, 61189|2558, 61190|2666, 61203|3168, 61204|3394, 61205|3520, 61209|3745, 61210|3963, 61211|4194, 61221|4428, 61224|4595, 61238|4838, 61260|5033, 61283|5145, 61398|5365, 61490|5598, 61524|5720, 61530|5822, 61531|6230, 61533|6593, 61536|6707, 61541|6839, 61545|6949, 61548|7044, 61551|7142, 61557|7258, 61561|7516, 61564|9728, 61573|9857, mt.+everest, 
61574|2287, 61576|2370, 61580|2501, 61581|2580, 61582|2699, 61584|2841, 61593|3037, 61598|3385, 61604|3776, 61605|4047, 61608|4240, 61620|4518, 61624|4662, 61628|4817, 61629|5058, 61644|5363, 61645|5495, 61647|5605, 61657|5706, 61668|5828, 61762|5976, 61916|6125, 61976|6250, 61996|6373, 61997|6477, 62001|6584, 62002|6995, 62003|7338, 62004|7459, 62005|7550, 62007|7729, 62017|9796, the+great+wall+of+china, 
62018|2224, 62023|2369, 62026|2470, 62027|2564, 62028|2688, 62030|2817, 62035|2973, 62042|3285, 62043|3448, 62048|3634, 62063|4341, 62072|4524, 62077|4712, 62085|4924, 62099|5052, 62150|5179, 62239|5365, 62272|5661, 62273|5784, 62278|6178, 62279|6267, 62281|6548, 62282|6853, 62283|7071, 62287|7148, 62292|7240, 62293|7353, 62296|7435, 62297|7525, 62307|9864, pyeongchang, 
62308|2408, 62313|2501, 62315|2610, 62316|2718, 62318|2888, 62321|3013, 62327|3337, 62331|3530, 62336|3948, 62345|4369, 62351|4581, 62352|4716, 62371|4966, 62377|5145, 62389|5262, 62474|5504, 62627|5815, 62673|6003, 62677|6108, 62678|6213, 62679|6320, 62680|6701, 62681|7093, 62682|7379, 62687|7458, 62688|7537, 62689|7627, 62692|7718, 62694|7816, 62704|9848, mt.+everest, 
62705|2351, 62707|2431, 62711|2528, 62713|2647, 62717|3018, 62723|3228, 62728|3518, 62734|4167, 62740|4382, 62744|4496, 62745|4597, 62753|4878, 62755|4982, 62760|5112, 62818|5558, 62870|5713, 62973|6004, 62978|6111, 62983|6219, 62986|6323, 62988|6424, 62991|6910, 62992|7323, 62993|7415, 62995|7500, 62999|7590, 63000|7689, 63004|7943, 63014|9860, burj+khalifa, 
63015|2305, 63017|2386, 63021|2488, 63023|2604, 63025|2818, 63030|3002, 63036|3216, 63038|3535, 63041|3694, 63043|3848, 63049|4334, 63051|4474, 63061|4640, 63063|4788, 63070|5304, 63072|5418, 63084|5529, 63108|5682, 63258|5849, 63328|6080, 63333|6188, 63334|6678, 63338|6758, 63347|6842, 63350|6927, 63353|7006, 63356|7086, 63359|7338, 63361|7421, 63362|7778, 63372|9850, cape+town, 
63373|2303, 63375|2409, 63379|2531, 63380|2627, 63381|2734, 63383|2883, 63387|3028, 63393|3297, 63395|3486, 63396|3636, 63397|3756, 63401|3889, 63404|4259, 63414|4470, 63422|4677, 63431|4865, 63453|5057, 63652|5336, 63726|5590, 63730|5744, 63733|5876, 63734|5973, 63738|6077, 63740|6595, 63741|6699, 63747|6822, 63749|6913, 63752|7000, 63755|7092, 63758|7200, 63762|7280, 63763|7361, 63767|7518, 63777|9810, pyongyang, 
63778|2308, 63783|2421, 63785|2538, 63786|2638, 63789|2862, 63798|3255, 63801|3457, 63806|3945, 63809|4217, 63817|4410, 63820|4579, 63822|4694, 63823|5033, 63831|5385, 63832|5551, 63840|5714, 63854|5861, 63953|6090, 64051|6270, 64056|6518, 64057|6620, 64058|6733, 64059|7399, 64060|7491, 64062|7918, 64067|9761, 64072|9883, acropolis+of+athens, 
64075|2353, 64079|2500, 64080|2608, 64081|2731, 64083|2842, 64087|2989, 64096|3462, 64098|3599, 64100|3695, 64101|3829, 64103|4267, 64108|4467, 64117|4636, 64121|4787, 64125|4923, 64146|5139, 64276|5471, 64315|5686, 64321|5840, 64325|5949, 64326|6045, 64327|6144, 64329|6549, 64330|6642, 64331|7129, 64332|7203, 64335|7285, 64340|7362, 64341|7453, 64342|7531, 64344|7622, 64348|8192, 64353|9807, 64358|9916, pyeongchang, 
64361|2362, 64365|2486, 64366|2578, 64367|2700, 64371|2961, 64380|3272, 64381|3474, 64382|3597, 64387|4196, 64388|4409, 64396|4579, 64401|4759, 64405|4923, 64413|5070, 64427|5236, 64434|5388, 64448|5554, 64535|5722, 64634|5854, 64670|5995, 64676|6125, 64680|6218, 64682|6696, 64684|6795, 64693|7441, 64694|7564, 64698|7791, 64703|9799, 64708|9899, taipei+101, 
64711|2332, 64714|2421, 64716|2531, 64717|2632, 64719|2793, 64727|3035, 64731|3390, 64732|3511, 64733|3702, 64736|3909, 64745|4272, 64753|4534, 64759|4692, 64777|4820, 64842|5125, 64899|5417, 64902|5559, 64903|5765, 64905|6199, 64907|6821, 64908|7213, 64910|7329, 64914|7419, 64919|7522, 64920|7619, 64925|7719, 64926|8090, 64936|10327, wencelas+square+prague, 
64937|2175, 64939|2258, 64943|2364, 64944|2466, 64945|2572, 64947|2684, 64951|2823, 64960|3224, 64966|3895, 64972|4231, 64980|4412, 64981|4498, 64988|4705, 64990|4800, 64991|4886, 64996|5034, 64998|5347, 65016|5452, 65019|5565, 65032|5676, 65036|5783, 65076|5883, 65193|6103, 65196|6253, 65204|6376, 65206|6674, 65209|7045, 65210|7292, 65211|7388, 65215|7919, 65225|9742, eiffel+tower, 
65228|2403, 65232|2561, 65233|2647, 65234|2799, 65237|2907, 65241|3032, 65249|3422, 65251|3560, 65256|3778, 65269|4478, 65271|4657, 65272|4767, 65288|5266, 65290|5412, 65292|5527, 65306|5686, 65315|5879, 65427|6072, 65485|6290, 65501|6453, 65505|6945, 65506|7058, 65507|7394, 65509|7483, 65512|7926, 65517|9776, 65522|9916, acropolis+of+athens, 
65523|2294, 65528|2422, 65530|2523, 65531|2625, 65533|2898, 65540|3055, 65545|3390, 65546|3526, 65548|3654, 65551|3799, 65553|4211, 65554|4319, 65557|4469, 65558|4587, 65567|4730, 65573|4862, 65588|4974, 65601|5176, 65624|5372, 65634|5494, 65724|5649, 65860|5900, 65869|6136, 65892|6263, 65903|6408, 65908|6850, 65910|7246, 65913|7372, 65914|7583, 65919|9827, 65924|9962, mirabell+gardens, 
65925|2233, 65927|2313, 65930|2411, 65932|2546, 65936|2794, 65939|2906, 65947|3299, 65948|3456, 65952|3723, 65953|3872, 65954|4076, 65968|4358, 65977|4524, 65983|4698, 65985|4859, 66006|5055, 66202|5386, 66234|5548, 66279|5713, 66285|5813, 66292|5921, 66295|6016, 66300|6162, 66302|6591, 66303|6944, 66304|7128, 66310|7223, 66312|7308, 66315|7496, 66317|7625, 66327|9708, pyongyang, 
66330|2344, 66333|2422, 66335|2548, 66336|2745, 66338|2879, 66340|2974, 66349|3260, 66352|3909, 66353|4086, 66366|4390, 66369|4601, 66373|4835, 66374|4933, 66386|5068, 66399|5207, 66458|5363, 66514|5746, 66519|5923, 66524|6124, 66526|6518, 66528|6624, 66529|7123, 66530|7275, 66533|7559, 66535|7846, 66540|9801, 66545|9968, wencelas+square+prague, 
66548|2309, 66551|2404, 66553|2511, 66554|2640, 66556|2787, 66559|2923, 66566|3121, 66569|3320, 66571|3473, 66572|3593, 66573|3944, 66576|4077, 66580|4178, 66582|4311, 66586|4399, 66590|4495, 66591|4574, 66592|4654, 66594|4743, 66596|4836, 66598|5386, 66599|5576, 66600|5676, 66601|6039, 66602|6407, 66603|6535, 66608|6992, 66609|7122, 66612|7531, 66616|7748, 66619|7863, 66626|8002, 66636|8118, 66647|8255, 66652|8525, 66661|8670, 66844|9046, 66850|9335, 66854|9507, 66864|10231, empire+state+building, 
66865|2391, 66870|2491, 66872|2628, 66873|2765, 66880|3015, 66884|3232, 66887|3440, 66888|3622, 66893|4004, 66896|4201, 66905|4417, 66912|4936, 66913|5103, 66915|5217, 66928|5329, 66945|5469, 67037|5617, 67170|5947, 67175|6073, 67184|6190, 67187|6741, 67189|7080, 67191|7162, 67192|7266, 67202|9850, cape+town, 
67204|2337, 67209|2424, 67211|2535, 67212|2747, 67214|2856, 67224|3165, 67226|3303, 67228|3436, 67236|4141, 67245|4297, 67250|4506, 67255|4864, 67263|5169, 67271|5330, 67284|5449, 67476|5753, 67548|5968, 67583|6115, 67612|6293, 67620|6799, 67623|6884, 67625|6967, 67632|7141, 67638|7226, 67639|7317, 67644|7413, 67645|7565, 67655|9721, peking, 
67656|2292, 67658|2379, 67662|2498, 67663|2591, 67664|2719, 67667|2879, 67677|3311, 67679|3484, 67680|3608, 67683|3711, 67684|3877, 67686|4330, 67691|4475, 67694|4592, 67701|4740, 67706|4876, 67712|5014, 67734|5229, 67760|5449, 67771|5580, 67804|5753, 67905|5914, 67925|6045, 67926|6149, 67927|6444, 67929|6722, 67934|6811, 67936|6905, 67942|7058, 67944|7311, 67947|7484, 67951|7575, 67953|7700, 67956|7880, 67957|7958, 67967|9833, burj+khalifa, 
67968|2284, 67970|2468, 67975|2615, 67976|2730, 67981|2933, 67988|3128, 67990|3377, 67992|3561, 67995|3713, 67998|4163, 68001|4413, 68004|4522, 68016|4730, 68023|4852, 68037|5033, 68060|5201, 68071|5373, 68102|5520, 68214|5666, 68220|5811, 68223|5907, 68228|6003, 68232|6132, 68236|6262, 68238|6349, 68240|6450, 68245|7059, 68246|7259, 68250|7356, 68254|7446, 68255|7530, 68260|7756, 68270|9861, burj+khalifa, 
68271|2255, 68272|2336, 68277|2495, 68278|2587, 68279|2689, 68289|3104, 68292|3267, 68293|3424, 68294|3524, 68299|3923, 68300|4214, 68308|4400, 68310|4607, 68311|4729, 68317|4900, 68328|5023, 68337|5249, 68344|5429, 68351|5540, 68354|5639, 68457|5795, 68570|5968, 68599|6124, 68626|6251, 68630|6346, 68633|6447, 68635|6551, 68637|7099, 68638|7226, 68641|7502, 68646|7616, 68647|7694, 68650|7869, 68651|7956, 68657|9835, 68661|9936, pyramids+of+giza, 
68664|2300, 68667|2389, 68668|2482, 68669|2572, 68670|2737, 68674|2880, 68684|3264, 68685|3436, 68688|3632, 68693|4168, 68705|4405, 68709|4568, 68714|4727, 68720|4863, 68721|5026, 68728|5138, 68744|5270, 68826|5414, 68928|5541, 68971|5722, 68974|5858, 68981|5984, 68985|6120, 68990|6235, 68993|6326, 68995|6413, 68997|6864, 69007|9771, cape+town, 
69008|2434, 69010|2540, 69013|2635, 69016|2748, 69020|2965, 69026|3163, 69029|3349, 69031|3504, 69034|3813, 69036|4003, 69039|4194, 69048|4422, 69055|4556, 69057|4701, 69062|4818, 69068|5080, 69076|5157, 69087|5257, 69138|5384, 69246|5586, 69272|5738, 69288|5889, 69293|6067, 69296|6632, 69300|6721, 69301|6790, 69305|6949, 69310|9794, 69315|9925, toronto+canada, 
69316|2339, 69321|2471, 69323|2587, 69324|2780, 69328|2961, 69337|3399, 69339|3548, 69341|3663, 69344|3782, 69346|4360, 69347|4492, 69348|4685, 69359|4832, 69367|5076, 69387|5252, 69432|5440, 69522|5613, 69558|5758, 69563|5858, 69564|5960, 69568|6082, 69572|6179, 69573|6278, 69575|6379, 69580|6476, 69581|6628, 69582|6785, 69585|6869, 69589|6952, 69590|7031, 69592|7203, 69596|7463, 69597|7855, 69607|9867, pyeongchang, 
69608|2348, 69610|2447, 69615|2621, 69616|2737, 69618|2921, 69626|3165, 69631|3498, 69636|3800, 69642|4338, 69647|4517, 69650|4756, 69654|4854, 69656|4964, 69666|5202, 69667|5529, 69679|5684, 69683|5805, 69728|5956, 69875|6151, 69877|6270, 69881|6397, 69882|6701, 69883|6824, 69884|7431, 69885|7523, 69888|7926, 69893|9804, 69898|9947, acropolis+of+athens, 
69904|2441, 69906|2578, 69907|2655, 69910|2934, 69918|3176, 69922|3413, 69927|4127, 69932|4352, 69941|4521, 69943|4644, 69948|4741, 69955|4904, 69962|5186, 69974|5325, 70064|5465, 70138|5763, 70171|5915, 70176|6015, 70178|6131, 70184|6234, 70186|6337, 70189|6436, 70191|6551, 70193|6893, 70197|7215, 70201|7310, 70202|7382, 70206|7539, 70211|9843, 70216|10015, toronto+canada, 
70217|2286, 70219|2368, 70223|2493, 70225|2616, 70229|2903, 70241|3309, 70242|3569, 70247|3720, 70250|4190, 70258|4333, 70264|4692, 70265|4877, 70280|5021, 70329|5193, 70426|5405, 70461|5607, 70471|5774, 70474|5886, 70475|6091, 70477|6602, 70478|6710, 70479|7041, 70484|7134, 70486|7220, 70489|7394, 70490|7495, 70500|9755, pyeongchang, 
70503|2364, 70508|2605, 70509|2765, 70515|3004, 70525|3477, 70528|3670, 70531|3796, 70533|4491, 70534|4670, 70547|4878, 70565|5094, 70583|5378, 70645|5581, 70796|5808, 70856|5950, 70866|6063, 70869|6501, 70870|6825, 70871|7128, 70872|7337, 70878|7432, 70880|7511, 70881|7591, 70882|7774, 70886|7985, 70891|9769, 70896|9870, mt.+everest, 
70902|2425, 70904|2566, 70905|2674, 70907|2795, 70912|2983, 70918|3314, 70920|3526, 70925|3890, 70928|4309, 70935|4446, 70936|4570, 70941|4778, 70945|4922, 70948|5065, 70959|5202, 70975|5361, 70977|5537, 70983|5657, 70993|5806, 71025|5939, 71150|6103, 71192|6261, 71195|6378, 71199|6480, 71200|7010, 71201|7283, 71202|7365, 71203|7460, 71204|7577, 71208|7920, 71218|9844, colosseum+rome, 
71224|2418, 71226|2544, 71227|2652, 71229|2879, 71237|3122, 71241|3434, 71242|3547, 71248|4163, 71258|4444, 71265|4578, 71270|4657, 71278|4810, 71280|4910, 71281|5012, 71286|5174, 71288|5492, 71302|5604, 71308|5786, 71316|5895, 71355|6046, 71476|6232, 71479|6345, 71483|6451, 71489|6552, 71491|6658, 71495|6761, 71497|6855, 71499|7105, 71500|7340, 71501|7456, 71502|7610, 71506|8136, 71516|9802, eiffel+tower, 
71519|2362, 71523|2498, 71524|2597, 71525|2732, 71527|2843, 71529|2968, 71538|3297, 71540|3544, 71545|3925, 71560|4432, 71564|4642, 71575|4861, 71577|5038, 71589|5162, 71603|5305, 71737|5480, 71791|5810, 71796|5959, 71801|6125, 71802|6360, 71805|6551, 71810|6650, 71811|6729, 71815|6843, 71816|6946, 71826|9801, toronto+canada, 
71827|3499, 71833|3680, 71834|3783, 71835|3877, 71840|4148, 71848|4445, 71849|4619, 71850|4757, 71855|5152, 71861|5364, 71871|5587, 71879|5875, 71881|6033, 71891|6157, 71953|6410, 72064|6653, 72071|6822, 72077|6950, 72078|7241, 72079|7338, 72081|7436, 72084|7972, 72085|8308, 72086|8463, 72087|8633, 72092|8727, 72094|8829, 72099|9226, 72109|11549, sydney+harbour, 
72110|2323, 72115|2417, 72117|2517, 72118|2609, 72120|2840, 72122|2960, 72133|3366, 72136|3560, 72138|3721, 72148|4298, 72154|4503, 72161|4751, 72162|4869, 72170|4998, 72171|5129, 72181|5390, 72193|5596, 72242|5745, 72397|5963, 72402|6160, 72405|6365, 72408|6486, 72409|6592, 72411|7050, 72412|7290, 72413|7386, 72414|7635, 72415|7727, 72420|9814, 72425|9919, colosseum+rome, 
72426|2361, 72431|2530, 72433|2695, 72434|2786, 72436|2915, 72440|3062, 72447|3423, 72449|3578, 72461|4455, 72466|4608, 72471|4727, 72472|4815, 72480|5076, 72486|5194, 72496|5295, 72498|5418, 72514|5764, 72520|5910, 72532|6095, 72593|6229, 72729|6403, 72732|6632, 72737|6727, 72738|6844, 72739|7583, 72740|7669, 72744|8244, 72754|9852, colosseum+rome, 
72755|2319, 72757|2403, 72760|2502, 72762|2598, 72763|2697, 72766|2881, 72767|2992, 72776|3215, 72778|3506, 72783|3762, 72786|4144, 72790|4285, 72794|4428, 72797|4674, 72803|4827, 72824|5092, 72836|5311, 72847|5483, 72870|5586, 72994|5772, 73077|5938, 73115|6108, 73118|6206, 73119|6302, 73120|6732, 73122|6831, 73123|6934, 73127|7430, 73132|7534, 73135|7696, 73136|7808, 73141|9806, 73146|9957, pyramids+of+giza, 
73149|2331, 73153|2473, 73154|2557, 73155|2665, 73157|2791, 73165|3039, 73169|3282, 73170|3501, 73176|3873, 73179|4209, 73187|4412, 73188|4652, 73203|5215, 73204|5327, 73209|5456, 73218|5593, 73237|5725, 73394|5901, 73422|6074, 73424|6198, 73427|6415, 73428|6510, 73429|6781, 73430|7084, 73432|7212, 73435|7410, 73440|9760, 73445|9935, acropolis+of+athens, 
73446|2273, 73448|2357, 73452|2480, 73453|2576, 73454|2676, 73456|2817, 73460|2984, 73468|3324, 73469|3444, 73472|3696, 73474|3821, 73484|4451, 73489|4620, 73492|4725, 73497|4838, 73502|4943, 73503|5107, 73510|5283, 73511|5425, 73513|5554, 73523|5666, 73528|5795, 73615|5940, 73688|6087, 73695|6235, 73700|6352, 73701|6464, 73703|6678, 73705|6774, 73707|7297, 73709|7388, 73711|7498, 73712|7722, 73715|8165, 73725|9795, eiffel+tower, 
73726|2536, 73731|2631, 73733|2715, 73735|2823, 73736|2949, 73747|3302, 73749|3667, 73751|3825, 73754|3980, 73756|4324, 73758|4452, 73759|4599, 73763|4716, 73769|4812, 73774|4937, 73780|5048, 73781|5191, 73790|5418, 73805|5542, 73811|5735, 73821|5859, 73863|5980, 73980|6261, 73982|6396, 73987|6490, 73988|6785, 73989|7218, 73990|7384, 73991|7478, 73996|8058, 74001|9777, 74006|9912, eiffel+tower, 
74007|2301, 74009|2405, 74013|2552, 74014|2641, 74015|2762, 74018|2898, 74025|3088, 74029|3398, 74030|3534, 74035|3824, 74045|4286, 74046|4420, 74055|4565, 74070|4762, 74083|5013, 74096|5184, 74209|5414, 74306|5582, 74328|5743, 74331|5866, 74333|5969, 74334|6358, 74335|6654, 74336|6968, 74337|7101, 74343|7270, 74345|7375, 74348|7575, 74349|7670, 74359|9897, taipei+101, 
74360|2317, 74365|2426, 74367|2536, 74368|2645, 74373|2941, 74382|3234, 74384|3478, 74385|3596, 74390|3806, 74391|4291, 74399|4468, 74402|4634, 74409|4773, 74416|4929, 74424|5185, 74428|5381, 74437|5479, 74441|5589, 74556|5749, 74673|5896, 74713|6068, 74714|6175, 74719|6492, 74721|6594, 74723|7108, 74724|7352, 74725|7438, 74731|7556, 74732|7639, 74736|7854, 74746|9827, pyramids+of+giza, 
74747|2428, 74752|2548, 74754|2694, 74755|2788, 74758|2988, 74767|3293, 74768|3495, 74770|3630, 74778|4348, 74783|4492, 74788|4621, 74795|4773, 74803|4933, 74805|5096, 74818|5234, 74820|5426, 74822|5550, 74834|5685, 74844|5785, 74964|5936, 75080|6146, 75102|6280, 75106|6389, 75107|6712, 75108|7054, 75109|7510, 75111|7616, 75115|7706, 75116|7792, 75119|8009, 75120|8109, 75126|9873, 75130|9997, pyramids+of+giza, 
75131|2279, 75133|2390, 75137|2523, 75138|2616, 75139|2755, 75142|2887, 75146|2997, 75152|3247, 75153|3417, 75154|3562, 75157|3778, 75159|4046, 75170|4539, 75180|4804, 75185|4975, 75193|5104, 75294|5434, 75304|5601, 75333|5757, 75336|5891, 75338|6009, 75339|6403, 75341|6523, 75343|6631, 37894|6723, 37900|6874, 37902|6983, 37908|7103, 37910|7189, 37913|7361, 37914|7441, 37919|9692, 37924|9802, pyongyang, 
37925|2308, 37930|2453, 37932|2594, 37933|2693, 37937|2960, 37945|3287, 37948|3614, 37953|3799, 37957|4249, 37965|4448, 37966|4537, 37973|4763, 37980|4872, 38015|5214, 38031|5433, 38145|5595, 38154|5727, 38177|5856, 38179|6253, 38182|6353, 38186|6658, 38190|6756, 38191|6850, 38196|6976, 38197|7233, 38198|7358, 38203|7450, 38205|7552, 38209|7849, 38219|9841, burj+khalifa, 
38221|2375, 38225|2460, 38227|2577, 38228|2664, 38234|3064, 38241|3312, 38242|3468, 38243|3624, 38245|3757, 38248|3929, 38253|4478, 38259|4618, 38262|4807, 38268|4906, 38281|5019, 38291|5202, 38306|5372, 38323|5488, 38361|5597, 38520|5780, 38617|6137, 38627|6302, 38633|6472, 38637|6645, 38639|6734, 38641|7044, 38642|7182, 38644|7424, 38645|7521, 38647|7691, 38648|7777, 38649|8296, 38655|9884, 38659|9981, mirabell+gardens, 
38660|2344, 38663|2433, 38667|2561, 38668|2653, 38669|2774, 38671|2914, 38679|3181, 38684|3389, 38687|3651, 38688|4034, 38697|4251, 38698|4388, 38701|4526, 38705|4648, 38713|4845, 38722|4987, 38725|5180, 38736|5339, 38770|5504, 38890|5635, 38966|5826, 38972|5948, 38977|6054, 38981|6146, 38984|6258, 38985|6795, 38988|7369, 38992|7482, 38993|7578, 38997|7850, 39002|9748, 39007|9868, taipei+101, 
39008|2346, 39013|2535, 39015|2640, 39016|2769, 39023|2999, 39029|3258, 39030|3406, 39031|3672, 39036|3850, 39039|4554, 39042|4695, 39047|4829, 39054|5048, 39073|5222, 39075|5458, 39094|5568, 39117|5684, 39319|6025, 39360|6184, 39372|6298, 39373|6401, 39374|6899, 39375|7011, 39376|7302, 39379|7483, 39384|7615, 39385|7716, 39389|7941, 39399|9885, pyramids+of+giza, 
39402|2377, 39408|2490, 39409|2599, 39410|2739, 39413|2885, 39417|3057, 39424|3379, 39425|3545, 39430|3975, 39433|4350, 39441|4553, 39442|4654, 39450|4794, 39473|4990, 39479|5238, 39482|5371, 39492|5487, 39503|5585, 39597|5751, 39661|5921, 39667|6078, 39668|6177, 39669|6455, 39670|6739, 39671|7110, 39673|7381, 39674|7493, 39676|7655, 39681|9764, 39686|9940, petronas+towers, 
39687|2307, 39689|2397, 39693|2537, 39694|2621, 39695|2741, 39697|2847, 39700|2954, 39707|3192, 39708|3412, 39710|3542, 39712|3682, 39715|3922, 39717|4233, 39720|4433, 39724|4578, 39728|4670, 39732|4775, 39738|4890, 39743|4983, 39757|5210, 39762|5375, 39773|5481, 39802|5604, 39844|5730, 39930|6009, 39973|6150, 40029|6302, 40066|6475, 40072|6616, 40073|6911, 40074|7319, 40075|7405, 40076|7809, 40077|7885, 40082|9754, 40087|9887, mirabell+gardens, 
40088|2532, 40090|2614, 40093|2730, 40095|2826, 40096|2940, 40100|3168, 40110|3526, 40112|3679, 40119|4376, 40130|4666, 40134|4824, 40141|5064, 40155|5248, 40156|5369, 40165|5473, 40173|5617, 40217|5751, 40329|5921, 40396|6060, 40405|6196, 40410|6306, 40411|6405, 40414|6498, 40416|6600, 40418|6795, 40420|7005, 40422|7568, 40428|7729, 40429|7876, 40433|8120, 40443|10066, taipei+101, 
40444|2343, 40446|2424, 40450|2573, 40452|2678, 40454|2872, 40462|3089, 40467|3426, 40472|3859, 40476|4280, 40481|4456, 40485|4588, 40491|4787, 40494|4891, 40512|5012, 40514|5221, 40529|5359, 40543|5461, 40665|5633, 40784|5882, 40820|6109, 40830|6282, 40831|6487, 40836|6723, 40840|7120, 40841|7251, 40842|7402, 40843|7490, 40845|7654, 40855|9799, mirabell+gardens, 
40858|2352, 40861|2424, 40864|2542, 40865|2645, 40866|2776, 40868|2877, 40878|3179, 40880|3402, 40881|3550, 40885|3747, 40887|4052, 40897|4278, 40898|4684, 40899|4823, 40907|5113, 40909|5235, 40923|5431, 40944|5561, 41110|5758, 41123|5922, 41128|6245, 41129|6554, 41131|6690, 41133|6812, 41134|6991, 41135|7105, 41136|7207, 41138|7488, 41148|9868, acropolis+of+athens, 
41149|2388, 41154|2599, 41156|2712, 41157|2892, 41161|3032, 41167|3299, 41170|3450, 41172|3579, 41177|4151, 41185|4472, 41187|4575, 41189|4716, 41194|4838, 41203|5045, 41212|5194, 41222|5343, 41233|5466, 41359|5630, 41454|5802, 41462|5910, 41465|6041, 41469|6189, 41470|6284, 41472|6742, 41473|7032, 41474|7353, 41481|7616, 41482|7756, 41486|7957, 41491|9774, 41496|9865, taipei+101, 
41497|2254, 41502|2497, 41504|2581, 41505|2696, 41507|2802, 41509|2910, 41518|3229, 41519|3434, 41520|3548, 41526|4053, 41533|4350, 41539|4488, 41540|4635, 41542|4764, 41545|4878, 41551|5059, 41575|5202, 41580|5446, 41589|5556, 41594|5673, 41627|5780, 41812|6008, 41838|6185, 41864|6321, 41867|6528, 41868|6626, 41870|6903, 41871|7037, 41872|7513, 41874|7599, 41878|7692, 41879|7774, 41882|7930, 41883|8028, 41893|9857, pyramids+of+giza, 
41894|2313, 41896|2406, 41900|2562, 41902|2663, 41904|2843, 41908|3012, 41915|3380, 41917|3506, 41920|3854, 41925|4110, 41932|4359, 41933|4467, 41938|4791, 41941|5013, 41943|5262, 41964|5410, 42021|5598, 42110|5753, 42168|5922, 42172|6033, 42176|6169, 42177|6416, 42178|6586, 42180|6675, 42185|6763, 42186|6837, 42190|7005, 42197|7092, 42199|7168, 42203|7375, 42213|9823, toronto+canada, 
42214|2301, 42216|2466, 42219|2565, 42221|2674, 42222|2789, 42232|3153, 42235|3442, 42237|3584, 42242|4071, 42250|4529, 42253|4675, 42256|4788, 42267|4959, 42275|5126, 42286|5309, 42343|5580, 42516|5837, 42521|5979, 42523|6129, 42526|6224, 42530|6319, 42531|6426, 42536|6531, 42538|6952, 42539|7254, 42540|7406, 42547|7567, 42548|7696, 42551|7791, 42552|7879, 42557|9747, 42562|9889, taipei+101, 
42563|7649, 42565|7733, 42568|7826, 42570|7924, 42571|8070, 42573|8218, 42581|8385, 42585|8672, 42586|8812, 42589|9143, 42591|9524, 42606|9771, 42609|9975, 42630|10200, 42640|10393, 42658|10512, 42703|10671, 42815|10842, 42916|11009, 42922|11117, 42928|11245, 42929|11683, 42933|11990, 42938|12113, 42941|12249, 42942|12404, 42943|12499, 42945|12593, 42949|12678, 42950|12768, 42951|12953, 42954|13035, 42964|15124, mt.+everest, 
42965|2255, 42967|2357, 42972|2501, 42973|2586, 42983|3026, 42987|3272, 42988|3389, 42991|3607, 42993|3868, 42996|4073, 43004|4303, 43008|4417, 43013|4499, 43019|4649, 43040|4893, 43043|5036, 43054|5168, 43058|5297, 43135|5440, 43221|5715, 43228|5834, 43229|6145, 43230|6260, 43231|6560, 43235|7140, 43238|7575, 43244|9789, 43248|9910, petronas+towers, 
43249|2363, 43251|2463, 43255|2603, 43256|2695, 43257|2786, 43259|2898, 43263|3021, 43269|3258, 43272|3498, 43277|3883, 43278|4326, 43287|4516, 43289|4653, 43299|4807, 43306|4915, 43309|5008, 43322|5279, 43330|5450, 43360|5558, 43371|5659, 43513|5864, 43602|6066, 43644|6257, 43649|6425, 43651|6918, 43652|7303, 43653|7500, 43655|7623, 43657|7780, 43667|9831, mirabell+gardens, 
43669|2347, 43673|2477, 43675|2588, 43676|2685, 43682|2992, 43691|3326, 43696|4001, 43706|4409, 43714|4668, 43718|4831, 43728|4992, 43744|5165, 43766|5299, 43932|5554, 43992|5752, 44036|5920, 44041|6065, 44046|6482, 44048|6585, 44050|6694, 44051|6922, 44054|7247, 44059|7366, 44060|7446, 44063|7639, 44064|7742, 44074|9876, mt.+everest, 
44075|2329, 44080|2547, 44082|2658, 44083|2749, 44085|2902, 44093|3167, 44098|3525, 44102|3827, 44104|4105, 44109|4265, 44116|4497, 44122|4641, 44129|4789, 44141|5065, 44156|5232, 44309|5477, 44312|5587, 44344|5745, 44354|5853, 44356|6397, 44358|6655, 44359|6997, 44362|7094, 44365|7161, 44367|7243, 44370|7398, 44371|7508, 44372|8560, 44375|8650, 44378|8748, 44380|8837, 44381|8930, 44391|9952, toronto+canada, 
44392|2355, 44397|2516, 44399|2620, 44400|2833, 44403|2948, 44406|3055, 44415|3423, 44420|4004, 44421|4301, 44426|4441, 44431|4611, 44435|4877, 44439|5029, 44448|5224, 44454|5390, 44465|5540, 44521|5697, 44613|5824, 44789|6052, 44799|6201, 44801|6306, 44806|6445, 44808|6545, 44812|6632, 44813|6717, 44815|7105, 44816|7262, 44821|9812, 44826|9934, cape+town, 
44827|2381, 44829|2469, 44833|2593, 44834|2683, 44835|2798, 44840|3039, 44845|3218, 44848|3431, 44850|3599, 44851|3721, 44855|3893, 44858|4226, 44867|4462, 44868|4617, 44884|4773, 44895|5045, 44912|5200, 44922|5310, 45098|5594, 45143|5757, 45174|5856, 45176|5960, 45182|6055, 45187|6150, 45189|6255, 45193|6376, 45194|6482, 45196|6864, 45197|6990, 45200|7195, 45206|7301, 45207|7397, 45208|7519, 45212|7640, 45217|9821, 45222|9972, mt.+everest, 
45225|2294, 45228|2378, 45230|2485, 45231|2580, 45233|2836, 45242|3101, 45246|3358, 45249|3598, 45251|3896, 45255|4225, 45264|4361, 45266|4518, 45272|4757, 45274|5043, 45286|5144, 45304|5273, 45418|5434, 45465|5574, 45497|5718, 45503|5845, 45507|6000, 45508|6144, 45509|6280, 45510|6474, 45516|6572, 45518|6679, 45523|6904, 45528|9668, 45533|9778, toronto+canada, 
45534|2442, 45539|2551, 45542|2648, 45544|2767, 45555|3102, 45557|3362, 45558|3516, 45565|3879, 45566|4119, 45575|4319, 45576|4432, 45583|4589, 45602|4859, 45617|5060, 45632|5207, 45822|5504, 45866|5682, 45904|5810, 45908|5924, 45911|6031, 45912|6371, 45913|6688, 45914|7030, 45915|7224, 45917|7312, 45921|7391, 45922|7490, 45926|7697, 45936|9829, mt.+everest, 
45937|2264, 45939|2349, 45943|2454, 45944|2620, 45945|2760, 45948|2892, 45956|3122, 45960|3430, 45966|4072, 45972|4235, 45974|4383, 45978|4511, 45982|4752, 45991|4928, 46009|5072, 46014|5257, 46016|5393, 46021|5516, 46032|5649, 46059|5771, 46201|6028, 46203|6192, 46209|6301, 46210|6817, 46212|7357, 46214|7816, 46224|10255, petronas+towers, 
46225|2391, 46227|2480, 46232|2614, 46233|2707, 46236|2945, 46243|3095, 46249|3524, 46252|3791, 46255|3954, 46267|4450, 46270|4591, 46280|5191, 46288|5296, 46305|5474, 46418|5635, 46464|5829, 46466|6252, 46471|6353, 46476|6461, 46480|6652, 46482|6754, 46484|7190, 46488|7276, 46493|7351, 46495|7439, 46500|7933, 46510|9859, sydney+harbour, 
46511|2326, 46513|2445, 46517|2533, 46518|2621, 46519|2700, 46520|2825, 46523|2960, 46530|3244, 46535|3477, 46536|3609, 46542|3966, 46548|4365, 46553|4566, 46561|4838, 46563|5014, 46575|5133, 46654|5340, 46733|5546, 46754|5694, 46757|5811, 46761|5914, 46762|6008, 46764|6509, 46766|6834, 46768|6937, 46769|7320, 46772|7601, 46775|7683, 46777|7758, 46783|8440, 46793|9941, sydney+harbour, 
46796|2331, 46799|2435, 46801|2550, 46802|2651, 46805|2875, 46809|3003, 46816|3438, 46817|3597, 46822|4234, 46829|4502, 46838|4674, 46845|4971, 46852|5166, 46860|5298, 46871|5418, 46924|5563, 47032|5733, 47046|5873, 47074|6028, 47076|6140, 47080|6407, 47084|6548, 47086|6655, 47096|6757, 47098|6856, 47100|6948, 47101|7031, 47104|7267, 47106|7352, 47107|7620, 47117|9842, toronto+canada, 
47118|2387, 47123|2492, 47124|2615, 47125|2701, 47126|2845, 47133|3109, 47139|3374, 47141|3509, 47144|3764, 47146|3900, 47147|4161, 47157|4427, 47161|4558, 47170|4740, 47178|5069, 47190|5196, 47219|5318, 47364|5661, 47395|5834, 47400|6101, 47403|6521, 47408|6607, 47410|6690, 47415|6947, 47425|9842, toronto+canada, 
47426|2354, 47431|2483, 47433|2603, 47434|2694, 47436|2840, 47440|2996, 47447|3334, 47449|3523, 47454|4230, 47459|4430, 47464|4567, 47465|4699, 47472|4834, 47481|5050, 47487|5125, 47504|5258, 47629|5446, 47665|5674, 47669|5800, 47674|6274, 47677|6624, 47678|6724, 47680|6823, 47681|6974, 47683|7229, 47685|7313, 47689|7403, 47690|7486, 47693|7820, 47695|7898, 47705|9800, sydney+harbour, 
47708|2393, 47711|2482, 47713|2605, 47714|2712, 47717|2981, 47729|3396, 47730|3578, 47732|3699, 47733|3801, 47736|4021, 47737|4171, 47743|4308, 47747|4463, 47755|4735, 47763|5012, 47780|5186, 47922|5514, 47947|5658, 47952|5776, 47957|6177, 47958|6270, 47959|6371, 47960|6491, 47961|7505, 47963|7596, 47966|7682, 47968|7761, 47973|8323, 47974|8467, 47984|9839, sydney+harbour, 
47985|2314, 47990|2540, 47992|2623, 47993|2730, 47995|2853, 47996|2938, 48003|3065, 48007|3450, 48008|3610, 48013|3773, 48019|4280, 48028|4485, 48029|4634, 48037|4807, 48039|5055, 48053|5185, 48153|5534, 48226|5683, 48235|5807, 48236|6291, 48238|6618, 48240|6734, 48242|7240, 48246|7615, 48249|7696, 48251|7778, 48252|7872, 48257|8142, 48267|9762, sydney+harbour, 
