||class android.net.TrafficStats:public static long android.net.TrafficStats.getTotalRxPackets()
122588|1, 122593|2229, 122594|2391, 122596|2494, 122599|2801, 122607|3141, 122609|3276, 122614|3554, 122620|4142, 122622|4237, 122623|4531, 122624|4627, 122625|4894, 122626|4976, 122627|5151, 122628|5241, 122630|5514, 122631|5599, 122636|5692, 122637|5792, 122639|5883, 122641|5977, 122642|6142, 122643|6423, 122644|6514, 122645|6787, 122646|6878, 122656|6971, 122659|7214, 122662|7611, 122667|7861, 122680|8147, 122699|8316, 122702|8492, 122709|8673, 122964|8973, 123076|9267, 123079|9497, 123082|9631, 123083|10182, 123087|10308, empire+state+building, 
123092|2410, 123093|2531, 123096|2625, 123100|2949, 123107|3211, 123109|3440, 123110|3551, 123119|4171, 123125|4447, 123128|4607, 123130|4766, 123145|5302, 123146|5528, 123155|5631, 123160|5745, 123325|5937, 123571|6115, 123818|6326, 123821|6441, 123827|6866, 123828|7118, 123829|7209, 123831|7304, 123837|7413, 123839|7531, 123844|7717, 123849|9898, the+great+wall+of+china, 
123850|2445, 123854|2565, 123856|2670, 123864|2998, 123871|3400, 123877|3599, 123882|3733, 123883|4233, 123891|4448, 123892|4560, 123893|4696, 123894|4794, 123908|5043, 123911|5300, 123914|5410, 123926|5567, 124012|5735, 124173|5885, 124313|6085, 124315|6221, 124316|6318, 124321|6525, 124322|6937, 124324|7086, 124326|7341, 124327|7441, 124329|7520, 124330|8041, 124335|9901, acropolis+of+athens, 
124336|2404, 124340|2505, 124341|2603, 124343|2708, 124344|3017, 124353|3353, 124354|3511, 124356|3642, 124365|4241, 124377|4487, 124379|4623, 124390|4868, 124403|5099, 124419|5386, 124427|5543, 124434|5675, 124617|5828, 124760|5964, 124764|6070, 124765|6268, 124770|6371, 124771|6476, 124773|6560, 124779|7555, 124780|7639, 124781|7732, 124786|8083, 124791|9847, petronas+towers, 
124796|2442, 124797|2566, 124800|2734, 124803|2981, 124812|3320, 124813|3444, 124814|3560, 124823|3834, 124830|4232, 124835|4428, 124838|4658, 124839|4789, 124841|5033, 124856|5305, 124858|5430, 124861|5567, 124966|5919, 125197|6145, 125258|6265, 125262|6368, 125263|6466, 125265|6879, 125266|6986, 125267|7267, 125268|7368, 125270|7451, 125271|7532, 125273|7647, 125278|9865, acropolis+of+athens, 
125280|2439, 125283|2560, 125284|2651, 125287|2797, 125297|3213, 125299|3432, 125301|3598, 125308|3925, 125316|4503, 125320|4600, 125325|4760, 125330|4924, 125346|5064, 125396|5241, 125564|5576, 125570|5772, 125573|6253, 125574|6350, 125575|6508, 125576|6849, 125578|6957, 125580|7145, 125581|7445, 125582|7545, 125584|7737, 125589|9944, wencelas+square+prague, 
125590|2355, 125594|2439, 125597|2628, 125599|2960, 125606|3219, 125610|3471, 125617|3764, 125620|4331, 125629|4513, 125631|4671, 125635|4773, 125636|4921, 125647|5099, 125707|5243, 125789|5494, 125868|5747, 125876|5885, 125882|6058, 125884|6288, 125885|6612, 125887|6718, 125888|6935, 125889|7036, 125890|7288, 125891|7454, 125893|7574, 125894|7695, 125896|7866, 125901|9902, 125903|11047, wencelas+square+prague, 
125904|2373, 125908|2463, 125909|2595, 125912|2703, 125922|3083, 125925|3296, 125927|3458, 125936|3747, 125938|4171, 125946|4329, 125949|4474, 125950|4581, 125951|4723, 125971|4920, 125988|5180, 125999|5449, 126005|5570, 126143|5710, 126327|5894, 126330|6009, 126332|6099, 126336|6202, 126337|6408, 126339|6530, 126341|6639, 126342|6736, 126343|7120, 126344|7258, 126346|7402, 126348|7492, 126351|7689, 126352|7779, 126353|8035, 126354|8114, 126355|8228, 126360|10000, petronas+towers, 
126362|2428, 126365|2536, 126366|2619, 126369|2731, 126379|3117, 126381|3360, 126383|3509, 126393|3950, 126394|4143, 126399|4296, 126402|4425, 126406|4566, 126407|4685, 126414|4812, 126424|4969, 126438|5113, 126456|5632, 126502|5829, 126594|5952, 126664|6079, 126705|6172, 126768|6279, 126864|6481, 126878|6587, 126880|7406, 126884|7491, 126885|7571, 126894|8154, 126895|9282, 126896|9369, 126900|9478, 126904|9656, 126909|9900, big+ben, 
126910|2362, 126914|2451, 126915|2591, 126918|2680, 126921|2943, 126928|3128, 126930|3387, 126932|3529, 126940|3867, 126947|4478, 126954|4671, 126957|4973, 126970|5136, 127104|5381, 127240|5616, 127319|5763, 127408|5880, 127481|6012, 127484|6107, 127489|6210, 127490|6313, 127492|6447, 127497|6578, 127499|6700, 127503|6825, 127504|7020, 127506|7117, 127508|7216, 127512|7301, 127513|7384, 127516|7466, 127518|7550, 127523|8000, 127527|9925, 127528|10033, singapore, 
127529|2418, 127533|2505, 127534|2613, 127535|2706, 127537|2847, 127540|2984, 127547|3281, 127551|3576, 127562|4140, 127567|4523, 127568|4641, 127569|4753, 127583|4939, 127585|5032, 127589|5149, 127593|5369, 127596|5722, 127600|5809, 127671|5929, 127710|6140, 127715|6267, 127727|6352, 127735|6451, 127737|6549, 127738|6629, 127739|6739, 127744|9761, big+ben, 
127745|7392, 127749|7534, 127754|7674, 127762|7861, 127765|8174, 127768|8345, 127773|8509, 127775|9136, 127780|9296, 127788|9433, 127789|9543, 127804|9689, 127922|10140, 128029|10306, 128030|10440, 128034|10588, 128038|10776, 128039|11036, 128041|11152, 128042|11236, 128043|11631, 128044|11731, 128045|11973, 128047|12139, 128049|12230, 128051|12446, 128056|14739, wencelas+square+prague, 
128057|2435, 128061|2550, 128062|2646, 128065|2771, 128068|2934, 128075|3151, 128078|3369, 128080|3479, 128083|3988, 128091|4489, 128103|4734, 128111|5065, 128129|5289, 128216|5447, 128325|5587, 128420|5725, 128563|5906, 128666|6068, 128673|6171, 128675|6269, 128676|6378, 128677|6599, 128678|6711, 128679|6924, 128680|7035, 128682|7235, 128687|7331, 128688|7413, 128690|7493, 128693|7573, 128697|7704, 128702|9894, pyongyang, 
128703|2386, 128707|2485, 128710|2726, 128711|2991, 128719|3290, 128724|3515, 128729|3650, 128732|4258, 128737|4454, 128738|4572, 128744|4699, 128748|4807, 128756|5006, 128763|5138, 128776|5277, 128781|5445, 128791|5579, 128823|5708, 128902|5832, 128981|5952, 129183|6137, 129235|6304, 129240|6407, 129244|6510, 129245|6610, 129247|6711, 129251|6810, 129252|7098, 129254|7251, 129259|7686, 129260|7794, 129261|7882, 129263|8054, 129266|8153, 129271|9876, taipei+101, 
129275|2529, 129276|2619, 129277|2709, 129280|2825, 129282|2938, 129290|3158, 129294|3454, 129302|3740, 129304|4335, 129313|4596, 129315|4741, 129321|4877, 129332|5260, 129339|5376, 129597|5625, 129737|5799, 129865|5924, 129868|6026, 129873|6146, 129874|6252, 129875|6345, 129876|6481, 129877|6601, 129879|6873, 129881|6950, 129889|7036, 129891|7110, 129893|7186, 129902|7273, 129904|7367, 129905|7447, 129906|7883, 129908|7963, 129909|8212, 129914|9813, pyongyang, 
129915|2601, 129919|2717, 129921|2867, 129924|2971, 129934|3232, 129936|3560, 129937|3689, 129938|3820, 129949|4290, 129952|4483, 129956|4608, 129957|4720, 129960|4869, 129962|4993, 129974|5676, 130015|5827, 130175|5995, 130179|6132, 130180|6230, 130181|6737, 130182|6813, 130183|6887, 130184|6977, 130185|7235, 130187|7324, 130191|9755, big+ben, 
130192|2510, 130196|2651, 130200|2816, 130203|2960, 130210|3140, 130214|3492, 130222|3747, 130231|4398, 130233|4540, 130235|4657, 130240|4771, 130263|4870, 130265|5162, 130271|5275, 130278|5426, 130329|5627, 130448|5859, 130535|6045, 130587|6136, 130642|6240, 130668|6331, 130702|6444, 130706|6713, 130707|6817, 130710|7262, 130716|7365, 130719|7446, 130720|7681, 130721|7757, 130727|7931, 130729|8518, 130733|8636, 130734|8840, 130739|9969, big+ben, 
130741|2320, 130745|2477, 130747|2605, 130754|3005, 130758|3273, 130760|3477, 130769|3860, 130770|4294, 130777|4441, 130779|4521, 130780|4654, 130788|4836, 130790|4944, 130809|5108, 130825|5310, 130837|5626, 130850|5742, 130983|5920, 131132|6079, 131198|6184, 131235|6300, 131237|6416, 131239|6548, 131241|7310, 131245|7922, 131246|8032, 131251|11021, colosseum+rome, 
131253|2402, 131257|2538, 131258|2627, 131261|2751, 131263|2895, 131271|3081, 131273|3398, 131275|3546, 131284|4154, 131289|4473, 131297|4647, 131298|4823, 131313|5169, 131316|5426, 131325|5540, 131445|5725, 131753|5905, 131969|6079, 131981|6223, 131987|6791, 131992|6925, 131997|7070, 131998|7181, 131999|7285, 132006|7395, 132007|7492, 132008|7574, 132010|7666, 132014|7786, 132019|9904, the+great+wall+of+china, 
132020|2582, 132024|2665, 132026|2783, 132030|2964, 132040|3325, 132042|3451, 132050|3772, 132055|4348, 132062|4572, 132072|4768, 132075|4929, 132080|5102, 132099|5313, 132285|5536, 132493|5778, 132597|5958, 132611|6055, 132614|6296, 132616|6472, 132618|6644, 132619|6808, 132624|6901, 132625|6993, 132626|7065, 132628|7142, 132631|7229, 132636|9862, singapore, 
132638|2362, 132642|2475, 132645|2596, 132646|2875, 132652|3027, 132657|3357, 132659|3528, 132667|3888, 132674|4432, 132678|4653, 132686|4814, 132699|5137, 132765|5308, 132964|5576, 133128|5808, 133214|5953, 133223|6083, 133229|6200, 133230|6296, 133231|6723, 133233|6846, 133234|6960, 133241|7258, 133243|7371, 133244|7451, 133249|7527, 133254|9843, singapore, 
133259|2496, 133261|2676, 133267|2810, 133273|2961, 133277|3248, 133279|3472, 133283|3766, 133285|4011, 133291|4201, 133296|4354, 133297|4506, 133298|4657, 133302|4781, 133307|5019, 133313|5178, 133344|5336, 133347|5694, 133365|5870, 133369|5981, 133507|6151, 133623|6256, 133697|6388, 133705|6472, 133707|6555, 133709|6846, 133710|7009, 133715|9788, petronas+towers, 
133720|2344, 133721|2551, 133724|2648, 133727|2924, 133735|3157, 133736|3327, 133738|3463, 133746|3654, 133747|4127, 133754|4342, 133755|4497, 133762|4666, 133774|4976, 133852|5153, 134162|5396, 134245|5568, 134287|5770, 134298|5873, 134299|5979, 134305|6090, 134307|6486, 134308|6588, 134311|6712, 134313|7044, 134317|7140, 134318|7218, 134319|7298, 134324|7378, 134329|9931, singapore, 
134330|2486, 134334|2592, 134335|2684, 134338|2822, 134348|3313, 134350|3476, 134352|3628, 134361|4177, 134366|4451, 134367|4565, 134369|4685, 134371|4822, 134383|5042, 134401|5195, 134415|5664, 134416|5791, 134419|5926, 134431|6022, 134451|6160, 134606|6366, 134754|6535, 134797|6644, 134833|6776, 134835|7639, 134839|8218, 134844|9920, colosseum+rome, 
134846|2664, 134849|2800, 134859|2973, 134869|3301, 134871|3569, 134879|3919, 134891|4396, 134895|4592, 134906|4815, 134908|4997, 134920|5122, 135005|5347, 135144|5579, 135233|5718, 135307|5826, 135380|5937, 135467|6092, 135529|6206, 135553|6363, 135561|6603, 135564|7064, 135572|7153, 135574|7231, 135579|7354, 135585|7454, 135586|9937, 135590|10023, peking, 
135595|2481, 135596|2580, 135599|2676, 135602|3029, 135609|3267, 135611|3515, 135613|3658, 135621|4210, 135628|4629, 135632|5013, 135639|5208, 135651|5510, 135657|5611, 135903|5867, 136182|6073, 136277|6274, 136281|6400, 136285|6900, 136290|6994, 136294|7070, 136298|7165, 136305|7255, 136309|7344, 136310|7882, 136315|9803, peking, 
136316|2444, 136320|2550, 136321|2633, 136324|2770, 136334|3222, 136337|3490, 136338|3609, 136346|3993, 136354|4538, 136358|4658, 136369|4871, 136370|5016, 136373|5165, 136423|5371, 136591|5591, 136758|5775, 136833|5911, 136838|6466, 136839|6557, 136840|6774, 136841|6868, 136842|7067, 136844|7145, 136852|7233, 136854|7315, 136857|7396, 136861|7471, 136863|7561, 136868|7768, 136870|7849, 136871|7938, 136876|9851, 136877|10274, cape+town, 
136878|2411, 136882|2514, 136883|2628, 136886|2759, 136888|3009, 136898|3397, 136900|3592, 136911|4249, 136913|4473, 136921|4634, 136924|4755, 136925|4890, 136941|5123, 136942|5279, 136956|5478, 136957|5607, 136973|5764, 136980|5873, 137128|5997, 137296|6132, 137304|6250, 137307|6351, 137311|6462, 137312|6862, 137314|6961, 137316|7311, 137320|7594, 137323|7888, 137326|9783, 137328|9898, petronas+towers, 
137329|2437, 137333|2533, 137334|2620, 137336|2722, 137345|3105, 137349|3519, 137357|3956, 137359|4359, 137363|4511, 137366|4673, 137368|4820, 137384|5340, 137386|5483, 137396|5579, 137400|5696, 137525|5846, 137732|5981, 137982|6147, 138055|6273, 138059|6373, 138063|6479, 138064|6582, 138066|7125, 138067|7459, 138071|7550, 138072|7625, 138073|7704, 138075|7869, 138078|7983, 138083|9828, the+great+wall+of+china, 
138084|2342, 138088|2470, 138089|2562, 138092|2697, 138094|2910, 138103|3230, 138104|3382, 138105|3497, 138110|3592, 138113|3708, 138116|4276, 138125|4438, 138126|4561, 138135|4875, 138141|5134, 138154|5256, 138185|5446, 138404|5658, 138479|5847, 138483|5944, 138484|6051, 138486|6522, 138487|6632, 138490|6864, 138492|6987, 138493|7136, 138497|7236, 138498|7321, 138499|7404, 138503|7770, 138506|7858, 138511|9855, sydney+harbour, 
138516|2432, 138517|2546, 138520|2642, 138530|3269, 138533|3427, 138534|3562, 138542|3967, 138548|4328, 138551|4448, 138552|4632, 138558|4750, 138570|5152, 138588|5398, 138737|5606, 138826|5731, 138895|5860, 138900|6154, 138904|6237, 138905|6350, 138911|6484, 138913|6798, 138918|6878, 138919|7029, 138921|7119, 138924|7206, 138929|7686, 138930|7804, 138935|10011, pyeongchang, 
138936|2308, 138940|2430, 138941|2534, 138944|2651, 138945|2898, 138955|3275, 138957|3464, 138968|4018, 138974|4345, 138982|4610, 138985|4831, 138991|5030, 139014|5203, 139019|5427, 139029|5531, 139031|5638, 139185|5838, 139332|6041, 139391|6146, 139466|6256, 139545|6397, 139552|6505, 139554|6810, 139555|7155, 139560|7620, 139561|7786, 139562|7863, 139564|7950, 139567|8046, 139572|9910, pyramids+of+giza, 
139577|2377, 139578|2495, 139580|2586, 139582|2949, 139589|3195, 139593|3451, 139598|3679, 139603|4158, 139609|4391, 139617|4581, 139620|4740, 139627|4914, 139630|5190, 139644|5315, 139744|5462, 139897|5602, 140061|5778, 140142|5947, 140159|6078, 140164|6377, 140168|6477, 140170|6577, 140175|6712, 140176|6991, 140177|7087, 140178|7282, 140180|7404, 140183|7485, 140184|7562, 140185|7645, 140187|7747, 140190|7844, 140195|9890, singapore, 
140196|2474, 140201|2612, 140204|2724, 140208|3006, 140216|3337, 140218|3511, 140227|3763, 140235|4524, 140241|4685, 140242|4794, 140244|4930, 140262|5121, 140275|5306, 140278|5440, 140289|5541, 140291|5649, 140498|5843, 140710|6012, 140742|6150, 140802|6361, 140807|6458, 140808|6560, 140809|6660, 140810|6978, 140811|7089, 140812|7212, 140813|7766, 140817|7844, 140818|7940, 140819|8029, 140821|8134, 140824|8248, 140829|9961, pyramids+of+giza, 
140830|2346, 140834|2447, 140835|2549, 140837|2659, 140838|2861, 140840|3012, 140847|3234, 140850|3563, 140858|3726, 140859|4233, 140864|4440, 140871|4754, 140876|4934, 140879|5112, 140891|5227, 140994|5392, 141159|5559, 141396|5822, 141425|5932, 141432|6035, 141433|6126, 141436|6580, 141440|6671, 141441|6756, 141444|6849, 141449|6927, 141453|7009, 141454|7088, 141457|7166, 141460|7266, 141465|7358, 141466|7431, 141467|7547, 141472|9860, pyongyang, 
141473|2404, 141478|2547, 141480|2730, 141482|2880, 141486|2986, 141492|3208, 141496|3525, 141501|3880, 141506|4348, 141507|4431, 141508|4535, 141510|4627, 141512|4756, 141513|4832, 141517|4920, 141519|5011, 141521|5100, 141522|5363, 141523|5455, 141524|5725, 141526|5816, 141527|5907, 141530|6402, 141531|6521, 141543|7711, 141546|8236, 141547|8353, 141552|8532, 141585|8800, 141590|9215, 141599|9492, 141763|9705, 141944|9960, 141968|10164, 141970|10297, 141975|10729, empire+state+building, 
141976|2372, 141978|2460, 141981|2568, 141982|2659, 141985|2776, 141989|3045, 141994|3307, 141997|3466, 141998|3576, 142003|3909, 142008|4220, 142010|4321, 142011|4500, 142012|4587, 142014|5125, 142016|5221, 142017|5304, 142019|5750, 142021|5849, 142022|5947, 142025|6434, 142027|6534, 142029|6623, 142033|6711, 142034|6812, 142036|6906, 142038|7008, 142050|7640, 142053|8228, 142058|8562, 142090|8805, 142100|9295, 142147|9560, 142467|9878, 142473|10207, 142478|10639, empire+state+building, 
142479|2377, 142483|2466, 142484|2599, 142486|2694, 142487|2943, 142495|3202, 142499|3365, 142507|3982, 142515|4399, 142520|4543, 142524|4652, 142531|4824, 142578|5009, 142653|5242, 142739|5445, 142757|5583, 142758|5766, 142763|6050, 142764|6197, 142765|6389, 142766|6511, 142771|6613, 142773|6717, 142777|6814, 142778|6944, 142780|7443, 142782|7630, 142787|9903, wencelas+square+prague, 
142792|2415, 142793|2515, 142796|2611, 142806|3120, 142808|3361, 142810|3485, 142819|3994, 142826|4345, 142828|4492, 142830|4618, 142836|4780, 142837|4968, 142846|5073, 142854|5171, 142902|5272, 142974|5412, 143289|5644, 143461|5798, 143482|5929, 143483|6171, 143492|6360, 143494|6500, 143499|6584, 143503|6679, 143505|6757, 143507|6840, 143511|6927, 143516|7533, 143521|9836, peking, 
143522|2638, 143526|2755, 143529|2878, 143536|3041, 143539|3196, 143543|3477, 143549|3672, 143554|4232, 143556|4354, 143558|4519, 143561|4653, 143566|4756, 143572|4873, 143579|4987, 143597|5137, 143598|5270, 143614|5438, 143669|5576, 143682|5675, 143901|5842, 144092|5993, 144154|6177, 144163|6377, 144164|6525, 144169|6811, 144171|7018, 144173|7138, 144174|7266, 144176|7411, 144178|7511, 144180|7622, 144185|10016, mirabell+gardens, 
144186|2331, 144190|2418, 144191|2528, 144194|2651, 144197|2948, 144208|3342, 144213|3609, 144217|3888, 144222|4238, 144229|4470, 144237|4617, 144238|4761, 144239|4867, 144240|5086, 144254|5242, 144255|5387, 144258|5561, 144270|5690, 144328|5861, 144606|6067, 144656|6237, 144662|6537, 144664|7373, 144666|7567, 144671|9875, acropolis+of+athens, 
144672|2330, 144674|2407, 144677|2516, 144680|2624, 144681|2960, 144692|3417, 144693|3539, 144698|3749, 144702|4010, 144705|4340, 144716|4575, 144720|4724, 144729|4838, 144739|4950, 144740|5075, 144753|5274, 144756|5458, 144760|5570, 144769|5689, 144820|5806, 144932|5971, 145052|6121, 145088|6237, 145091|6330, 145093|6433, 145094|6643, 145099|6747, 145100|6861, 145105|6970, 145107|7131, 145109|7495, 145110|7607, 145114|7969, 145119|9877, eiffel+tower, 
145124|2455, 145128|2650, 145138|3047, 145141|3316, 145142|3496, 145150|3798, 145160|4409, 145162|4644, 145169|4780, 145170|4881, 145193|5038, 145198|5154, 145204|5318, 145216|5454, 145484|5802, 145573|5989, 145629|6075, 145635|6194, 145636|6568, 145637|6669, 145639|6798, 145643|7309, 145644|7401, 145646|7493, 145656|8146, 145661|9947, big+ben, 
145663|2408, 145666|2518, 145667|2604, 145670|2760, 145680|3152, 145682|3332, 145684|3560, 145689|3673, 145693|3832, 145698|4385, 145703|4561, 145709|4667, 145710|4775, 145718|4895, 145727|5004, 145729|5144, 145730|5388, 145746|5552, 145747|5654, 145758|5764, 145762|5873, 145972|6032, 146074|6164, 146081|6291, 146086|6391, 146087|6491, 146093|6600, 146094|6726, 146096|7660, 146100|7933, 146105|9900, eiffel+tower, 
146106|2378, 146110|2501, 146111|2587, 146113|2675, 146116|2981, 146122|3262, 146126|3492, 146127|3617, 146136|3988, 146137|4291, 146147|4503, 146151|4634, 146157|4888, 146164|5076, 146165|5216, 146176|5311, 146181|5432, 146377|5641, 146541|5840, 146635|6156, 146639|6285, 146640|6493, 146641|6588, 146646|6778, 146649|6867, 146651|6947, 146655|7046, 146658|7142, 146663|10010, cape+town, 
146664|2542, 146668|2681, 146671|2817, 146672|2940, 146680|3171, 146683|3485, 146684|3613, 146692|3740, 146694|4326, 146699|4511, 146701|4821, 146708|5122, 146709|5232, 146724|5350, 146791|5514, 147160|5805, 147244|6013, 147245|6112, 147249|6223, 147252|6708, 147254|6802, 147256|6905, 147260|7008, 147261|7101, 147264|7177, 147267|7263, 147272|9913, singapore, 
147273|2341, 147277|2428, 147278|2549, 147281|2659, 147284|2915, 147291|3075, 147293|3317, 147294|3472, 147295|3611, 147303|3862, 147315|4555, 147316|4710, 147318|4944, 147332|5150, 147343|5477, 147400|5642, 147592|5855, 147681|5993, 147838|6202, 147986|6374, 148008|6477, 148013|6592, 148017|7148, 148020|7633, 148025|7727, 148027|7839, 148032|8090, 148033|8528, 148038|8624, 148039|8743, 148042|8870, 148047|9831, the+great+wall+of+china, 
148048|2425, 148052|2540, 148053|2654, 148056|2797, 148058|2950, 148067|3322, 148069|3472, 148074|3654, 148078|3821, 148081|4649, 148086|4772, 148091|4925, 148096|5071, 148111|5434, 148126|5572, 148137|5806, 148160|5952, 148526|6247, 148527|6373, 148531|6473, 148532|6773, 148533|6876, 148534|7097, 148539|7263, 148542|7404, 148547|7493, 148548|7576, 148554|8014, 148555|8108, 148557|8199, 148558|8303, 148563|9773, colosseum+rome, 
148568|2429, 148569|2553, 148571|2672, 148572|2896, 148580|3160, 148581|3340, 148583|3507, 148585|3631, 148595|4273, 148604|4539, 148609|4706, 148612|4883, 148621|5411, 148623|5615, 148641|5774, 148718|5901, 148890|6078, 149072|6260, 149086|6458, 149093|6552, 149094|6735, 149096|6822, 149102|6901, 149104|7011, 149105|7079, 149106|7153, 149110|7239, 149115|9998, cape+town, 
149116|2407, 149120|2508, 149121|2598, 149123|2697, 149127|2997, 149134|3376, 149136|3501, 149141|3901, 149146|4377, 149147|4468, 149148|4547, 149149|4737, 149150|4835, 149151|5104, 149152|5187, 149154|5460, 149156|5548, 149160|5633, 149162|5726, 149164|5824, 149166|6403, 149168|6498, 149170|6589, 149171|6683, 149173|7048, 149174|7308, 149185|7465, 149187|8022, 149188|8101, 149189|8224, 149194|8460, 149225|8647, 149235|9137, 149602|9775, 149608|9979, 149613|10597, empire+state+building, 
149614|2364, 149618|2482, 149619|2579, 149622|2698, 149624|2984, 149632|3259, 149635|3471, 149636|3565, 149645|3929, 149650|4263, 149651|4402, 149655|4543, 149658|4683, 149662|4831, 149678|4953, 149684|5206, 149700|5333, 149712|5750, 149743|5895, 150047|6105, 150104|6262, 150107|6358, 150108|6544, 150112|6636, 150114|7114, 150115|7283, 150118|7509, 150122|8058, 150127|9876, colosseum+rome, 
150128|2468, 150132|2567, 150133|2666, 150136|2799, 150138|2900, 150146|3263, 150150|3491, 150157|3824, 150166|4346, 150170|4486, 150179|4719, 150196|4922, 150203|5089, 150338|5333, 150417|5557, 150423|5708, 150424|5969, 150425|6088, 150426|6291, 150427|6396, 150428|6623, 150430|6740, 150432|7432, 150434|7527, 150439|9936, wencelas+square+prague, 
150444|2378, 150445|2473, 150448|2558, 150451|2918, 150458|3158, 150460|3327, 150462|3540, 150469|4139, 150474|4452, 150479|4574, 150481|4802, 150486|4932, 150498|5121, 150533|5345, 150561|5519, 150609|5670, 150766|5887, 150843|6046, 150851|6176, 150855|6331, 150857|6777, 150858|6877, 150859|7110, 150860|7225, 150861|7407, 150865|7503, 150869|7625, 150870|7704, 150874|7889, 150875|7979, 150880|9866, burj+khalifa, 
150885|2336, 150886|2457, 150888|2550, 150889|2915, 150900|3286, 150905|3571, 150910|3685, 150912|4419, 150918|4575, 150924|4764, 150925|4919, 150928|5062, 150946|5224, 151146|5427, 151256|5672, 151264|5864, 151270|6365, 151272|6473, 151275|7023, 151276|7267, 151279|7346, 151282|7427, 151283|7514, 151285|7605, 151288|7688, 151292|7962, 151297|9896, pyeongchang, 
151302|2394, 151303|2525, 151304|2616, 151307|2720, 151310|3004, 151318|3378, 151324|3852, 151334|4208, 151336|4355, 151339|4561, 151340|4656, 151346|4836, 151348|4937, 151362|5094, 151378|5263, 151382|5516, 151390|5640, 151406|5777, 151643|6058, 151781|6246, 151788|6366, 151790|6469, 151795|6577, 151796|6694, 151797|7171, 151800|7294, 151802|7409, 151806|7765, 151811|9934, colosseum+rome, 
151813|2315, 151817|2439, 151820|2524, 151822|2913, 151831|3310, 151833|3476, 151843|3779, 151845|4236, 151850|4351, 151854|4550, 151855|4666, 151857|4785, 151858|4888, 151871|5466, 151877|5715, 151898|5838, 151899|5939, 151900|6030, 151902|6303, 151903|6581, 151904|6658, 151905|6899, 151906|6986, 151908|7261, 151909|7584, 151910|7665, 151911|7922, 151915|9922, big+ben, 
151916|2329, 151921|2479, 151923|2662, 151925|2911, 151936|3339, 151943|3626, 151945|3872, 151950|4358, 151954|4503, 151955|4593, 151958|4712, 151960|4844, 151965|4957, 151991|5253, 152074|5461, 152188|5613, 152203|5780, 152205|6243, 152207|6461, 152209|6771, 152215|7218, 152218|7351, 152224|7442, 152226|7630, 152228|7729, 152229|8042, 152234|9901, wencelas+square+prague, 
152239|2509, 152240|2603, 152242|2687, 152244|2983, 152252|3314, 152255|3456, 152271|4379, 152276|4525, 152283|4613, 152284|4701, 152290|4827, 152298|4952, 152301|5091, 152304|5403, 152318|5511, 152324|5737, 152332|5849, 152423|5986, 152599|6229, 152649|6385, 152654|6488, 152655|6903, 152657|7392, 152661|7840, 152666|9978, eiffel+tower, 
152671|2432, 152675|2620, 152685|3315, 152687|3489, 152689|3619, 152694|3856, 152697|4067, 152698|4249, 152706|4468, 152709|4589, 152720|4819, 152740|5064, 152754|5237, 152761|5361, 152962|5546, 153193|5818, 153203|5926, 153205|6020, 153206|6115, 153209|6217, 153211|6739, 153213|7339, 153217|7488, 153218|7588, 153220|7686, 153223|7781, 153228|9939, taipei+101, 
153233|2430, 153234|2527, 153237|2776, 153239|2870, 153241|2961, 153250|3334, 153251|3530, 153256|3663, 153258|3844, 153260|4299, 153263|4579, 153266|4740, 153276|4965, 153279|5091, 153304|5358, 153347|5496, 153356|5632, 153435|5777, 153545|5927, 153604|6045, 153638|6170, 153642|6266, 153643|6362, 153648|6466, 153649|6758, 153651|6883, 153652|6975, 153654|7445, 153657|7549, 153663|7650, 153665|7747, 153670|7930, 153675|9882, burj+khalifa, 
153678|2430, 153680|2543, 153681|2627, 153684|2766, 153687|2998, 153698|3456, 153704|3753, 153707|3936, 153714|4371, 153720|4527, 153721|4655, 153724|4773, 153729|4892, 153741|5007, 153754|5190, 153795|5367, 153806|5492, 153926|5765, 153987|5892, 154081|6024, 154084|6165, 154094|6262, 154095|6358, 154100|6457, 154101|6545, 154102|6675, 154103|7574, 154108|7678, 154109|7791, 154110|7884, 154115|8060, 154120|9945, burj+khalifa, 
154125|2498, 154126|2633, 154129|2741, 154131|3059, 154140|3373, 154141|3532, 154143|3628, 154151|3935, 154160|4508, 154161|4657, 154168|4898, 154169|5132, 154172|5254, 154180|5377, 154251|5618, 154359|5808, 154429|5938, 154500|6043, 154604|6212, 154682|6367, 154726|6506, 154766|6630, 154796|6726, 154821|6824, 154822|6926, 154826|7005, 154827|7089, 154828|7165, 154829|7581, 154830|7681, 154835|9861, peking, 
154837|2399, 154840|2506, 154844|2606, 154847|2991, 154854|3300, 154855|3442, 154857|3685, 154865|3996, 154870|4271, 154872|4451, 154875|4565, 154881|4716, 154889|4879, 154890|5178, 154901|5297, 155007|5506, 155179|5719, 155326|5913, 155352|6064, 155357|6289, 155359|6612, 155368|6701, 155370|6787, 155373|6865, 155379|6953, 155385|7472, 155387|7815, 155388|7908, 155393|9828, cape+town, 
155394|2323, 155398|2415, 155399|2527, 155402|2615, 155411|3136, 155414|3323, 155418|3864, 155420|3962, 155428|4264, 155433|4472, 155441|4629, 155443|4784, 155448|4893, 155459|5000, 155461|5167, 155478|5695, 155481|5917, 155490|6023, 155542|6135, 155738|6326, 155808|6492, 155814|6598, 155815|6900, 155816|6996, 155818|7475, 155821|7571, 155825|7864, 155830|9943, eiffel+tower, 
155832|2468, 155836|2581, 155837|2669, 155840|2832, 155843|2962, 155850|3225, 155852|3486, 155854|3756, 155862|3936, 155863|4655, 155866|4813, 155876|5050, 155881|5194, 155891|5321, 155933|5495, 156181|5713, 156305|5853, 156420|5971, 156434|6099, 156438|6186, 156440|6752, 156441|6842, 156447|7082, 156450|7166, 156452|7243, 156454|7331, 156455|7416, 156457|7686, 156460|7764, 156461|8021, 156466|9997, pyongyang, 
156467|1384, 156468|2376, 156472|2482, 156473|2578, 156476|2673, 156479|2962, 156489|3430, 156491|3585, 156500|4209, 156505|4397, 156511|4561, 156516|4769, 156518|4930, 156528|5042, 156535|5160, 156828|5418, 156962|5544, 156998|5698, 157047|5886, 157056|6021, 157057|6130, 157063|6273, 157066|6905, 157069|7098, 157073|7176, 157074|7254, 157076|7330, 157081|7457, 157086|9808, singapore, 
157087|2533, 157091|2621, 157092|2706, 157095|2836, 157108|3498, 157116|3835, 157117|4386, 157122|4527, 157132|4768, 157133|4973, 157137|5126, 157147|5253, 157345|5546, 157413|5720, 157464|5942, 157472|6049, 157478|6153, 157479|6251, 157480|6669, 157481|6780, 157482|7002, 157483|7088, 157488|7241, 157491|7323, 157494|7481, 157499|7589, 157500|7724, 157505|9957, pyeongchang, 
157510|2498, 157511|2627, 157514|2716, 157517|3016, 157528|3460, 157539|3943, 157540|4344, 157545|4439, 157546|4559, 157550|4838, 157551|4936, 157552|5034, 157554|5160, 157558|5269, 157564|5498, 157565|5859, 157566|5952, 157568|6200, 157570|6533, 157571|6817, 157572|6894, 157573|7097, 157574|7201, 157576|7291, 157577|7398, 157581|9794, big+ben, 
157586|2536, 157587|2744, 157592|2889, 157600|3057, 157604|3570, 157613|3783, 157620|4363, 157626|4554, 157628|4651, 157629|4756, 157634|4871, 157637|4971, 157658|5100, 157669|5306, 157688|5435, 157736|5551, 157821|5745, 157939|5925, 158034|6053, 158112|6171, 158195|6286, 158230|6454, 158234|6598, 158236|6811, 158237|6951, 158239|7438, 158241|7615, 158242|10341, 158246|10463, mirabell+gardens, 
158248|2540, 158251|2635, 158252|2732, 158254|2865, 158257|3037, 158264|3242, 158266|3430, 158267|3549, 158275|3774, 158286|4500, 158287|4629, 158293|4800, 158295|5027, 158299|5130, 158309|5226, 158421|5430, 158444|5579, 158567|5784, 158650|5906, 158796|6080, 158931|6292, 158932|6415, 158936|6694, 158938|6772, 158947|6867, 158948|6952, 158952|7043, 158954|7142, 158955|7241, 158956|9152, 158961|9861, peking, 
158966|3353, 158967|3453, 158970|3564, 158972|3782, 158980|3947, 158982|4195, 158984|4375, 158992|4797, 159000|5283, 159004|5450, 159011|5741, 159013|5838, 159036|5975, 159037|6171, 159081|6314, 159138|6588, 159264|6776, 159330|6891, 159370|7025, 159381|7137, 159383|7234, 159384|7620, 159385|7707, 159388|8049, 159389|8177, 159394|8265, 159396|8381, 159397|8480, 159402|8571, 159407|10825, burj+khalifa, 
159408|2437, 159412|2563, 159413|2644, 159416|2851, 159420|3005, 159426|3251, 159428|3432, 159430|3585, 159439|4140, 159444|4636, 159447|4740, 159453|4865, 159459|5078, 159466|5225, 159511|5418, 159690|5628, 159805|5805, 159918|5957, 159991|6132, 159994|6221, 159999|6633, 160005|6753, 160006|6909, 160011|7052, 160012|7196, 160013|7551, 160017|7635, 160018|7706, 160019|7792, 160024|7880, 160025|11218, 160029|11398, singapore, 
160030|2400, 160034|2487, 160035|2603, 160038|2753, 160042|2878, 160048|3031, 160050|3386, 160052|3528, 160058|4200, 160063|4369, 160066|4493, 160068|4598, 160069|4683, 160070|4943, 160072|5034, 160073|5116, 160077|5203, 160078|5285, 160080|5374, 160082|5468, 160083|5552, 160084|5941, 160085|6036, 160086|6222, 160087|6314, 160089|6616, 160102|6759, 160105|7296, 160110|7531, 160111|7647, 160123|7844, 160136|7935, 160143|8120, 160146|8286, 160153|8556, 160338|8784, 160520|8939, 160526|9266, 160531|10093, empire+state+building, 
160536|2381, 160537|2487, 160539|2577, 160540|2824, 160542|2937, 160548|3266, 160551|3425, 160552|3550, 160560|3867, 160573|4622, 160574|4792, 160577|4935, 160592|5085, 160737|5380, 160843|5522, 160905|5720, 160912|5898, 160916|5998, 160919|6431, 160920|6718, 160921|6846, 160925|7095, 160932|7177, 160934|7261, 160938|7356, 160945|7446, 160946|7738, 160947|7829, 160948|8003, 160953|9870, pyeongchang, 
160958|2406, 160959|2508, 160962|2609, 160965|2958, 160976|3324, 160981|3773, 160984|4039, 160989|4340, 160997|4515, 161004|4749, 161008|4895, 161013|5049, 161023|5152, 161281|5456, 161546|5651, 161643|5774, 161650|5894, 161652|6271, 161655|6381, 161656|6571, 161657|6659, 161658|6904, 161659|6984, 161663|7066, 161664|7149, 161666|7238, 161670|7310, 161671|7587, 161676|9831, peking, 
161677|2300, 161681|2410, 161682|2516, 161684|2634, 161686|2906, 161693|3078, 161696|3400, 161698|3581, 161706|3856, 161708|4022, 161710|4309, 161721|4647, 161728|4798, 161729|4934, 161732|5101, 161748|5275, 161970|5472, 162098|5600, 162194|5747, 162273|5910, 162277|5999, 162281|6097, 162286|6224, 162289|6373, 162292|6476, 162293|6761, 162295|6851, 162296|6963, 162298|7331, 162303|7411, 162304|7488, 162306|7598, 162309|7726, 162314|9928, pyongyang, 
162316|2416, 162319|2547, 162322|2640, 162323|2901, 162331|3064, 162335|3554, 162340|3784, 162343|4077, 162349|4562, 162352|4724, 162354|5029, 162372|5309, 162375|5455, 162377|5549, 162387|5691, 162520|5857, 162751|6037, 162966|6186, 163031|6311, 163043|6413, 163047|6513, 163048|6929, 163050|7032, 163051|7258, 163053|7371, 163058|7483, 163059|7589, 163061|7677, 163063|7755, 163066|7859, 163069|7954, 163074|9853, the+great+wall+of+china, 
163076|2388, 163079|2493, 163083|2609, 163089|3073, 163096|3494, 163097|3612, 163106|3988, 163107|4194, 163119|4492, 163126|4642, 163129|4762, 163134|4864, 163161|4971, 163163|5100, 163169|5305, 163184|5420, 163277|5555, 163601|5781, 163658|5988, 163700|6092, 163723|6296, 163730|6412, 163734|6622, 163737|6778, 163739|7484, 163741|7746, 163746|9948, mirabell+gardens, 
163751|2514, 163752|2615, 163755|2698, 163757|2943, 163764|3165, 163766|3410, 163767|3549, 163768|3654, 163774|4168, 163779|4301, 163780|4404, 163783|4495, 163787|4589, 163788|4676, 163789|4776, 163790|4955, 163791|5048, 163792|5333, 163793|5416, 163794|5604, 163796|5703, 163797|5799, 163799|6275, 163800|6373, 163802|6474, 163803|6904, 163805|6995, 163807|7267, 163818|7416, 163819|7577, 163821|7817, 163822|7916, 163824|8066, 163829|8273, 163840|8522, 163860|8803, 164002|9492, 164240|9839, 164243|9987, 164248|10448, empire+state+building, 
164249|3737, 164253|3877, 164256|3970, 164263|4477, 164268|4753, 164269|4892, 164270|4997, 164278|5221, 164289|5845, 164291|5989, 164292|6151, 164299|6329, 164306|6668, 164321|6809, 164653|7089, 164831|7247, 164933|7379, 164937|7499, 164941|7620, 164949|8073, 164952|8154, 164957|8238, 164964|8337, 164968|8440, 164970|8523, 164971|9053, 164976|12451, peking, 
164978|2400, 164981|2495, 164984|2610, 164993|3141, 164997|3492, 165002|3725, 165005|4069, 165010|4288, 165014|4466, 165016|4602, 165024|4756, 165027|4951, 165036|5085, 165115|5256, 165356|5635, 165361|5842, 165365|5956, 165366|6051, 165372|6159, 165374|6257, 165375|6362, 165376|6485, 165377|6847, 165379|6943, 165380|7189, 165381|7572, 165385|7667, 165386|7753, 165387|7825, 165394|8152, 165399|9865, sydney+harbour, 
165400|2332, 165404|2433, 165406|2604, 165408|2736, 165410|2979, 165417|3212, 165419|3458, 165420|3586, 165421|3726, 165425|3838, 165430|3967, 165436|4389, 165444|4616, 165445|4710, 165447|4844, 165453|5011, 165482|5289, 165484|5447, 165496|5676, 165518|5825, 165709|5969, 165825|6128, 165832|6227, 165833|6329, 165834|6435, 165836|6534, 165837|6627, 165842|7584, 165843|7660, 165844|7744, 165849|7923, 165854|9885, petronas+towers, 
165859|2405, 165860|2533, 165863|2638, 165866|2954, 165875|3379, 165878|3549, 165883|3927, 165887|4290, 165896|4535, 165902|4662, 165909|4937, 165912|5134, 165925|5269, 165931|5578, 165938|5700, 166021|5824, 166249|5999, 166385|6118, 166535|6245, 166594|6358, 166599|6563, 166603|6659, 166604|6772, 166610|6876, 166612|7214, 166618|7583, 166620|7678, 166625|7828, 166630|9932, the+great+wall+of+china, 
166635|2420, 166636|2539, 166638|2748, 166639|2890, 166647|3067, 166651|3379, 166652|3503, 166663|3967, 166671|4335, 166675|4456, 166679|4680, 166685|5159, 166686|5470, 166687|5566, 166689|5792, 166691|6119, 166695|6206, 166696|6298, 166699|6409, 166700|6723, 166701|6812, 166702|6998, 166703|7087, 166705|7182, 166706|7285, 166710|9871, big+ben, 
166711|2373, 166715|2490, 166716|2579, 166719|2704, 166725|3009, 166733|3477, 166739|4185, 166740|4285, 166741|4383, 166745|4473, 166747|4566, 166749|4958, 166750|5046, 166751|5127, 166753|5573, 166755|5674, 166756|5770, 166757|6215, 166762|6312, 166763|6410, 166765|6501, 166767|6600, 166780|6730, 166782|6991, 166784|7121, 166787|7252, 166788|7368, 166793|7613, 166807|7810, 166825|7910, 166835|8169, 166837|8510, 167112|8747, 167202|8932, 167208|9323, 167210|10095, 167215|10317, 167222|10713, empire+state+building, 
167223|2359, 167227|2435, 167228|2547, 167231|2646, 167235|2998, 167243|3290, 167245|3453, 167255|4027, 167261|4373, 167264|4568, 167266|4817, 167281|5240, 167282|5392, 167288|5613, 167298|5746, 167439|5903, 167603|6042, 167751|6177, 167920|6364, 167945|6485, 167955|6616, 167956|6721, 167960|6840, 167961|6929, 167967|7062, 167969|7156, 167971|7267, 167975|7382, 167976|7469, 167977|7549, 167979|7636, 167982|7738, 167987|9923, the+great+wall+of+china, 
167989|2428, 167993|2530, 167994|2620, 167996|2761, 167997|2903, 168006|3263, 168008|3459, 168009|3619, 168014|3761, 168017|3977, 168025|4418, 168030|4582, 168044|4828, 168046|5057, 168069|5193, 168078|5309, 168269|5530, 168448|5703, 168497|5839, 168511|5941, 168564|6053, 168569|6153, 168570|6281, 168576|6401, 168578|6960, 168580|7059, 168587|7154, 168588|7264, 168589|7342, 168591|7510, 168594|7601, 168599|9785, mt.+everest, 
168600|2357, 168604|2459, 168605|2554, 168608|2642, 168618|3163, 168620|3359, 168622|3517, 168630|3743, 168637|4383, 168640|4571, 168654|4755, 168668|5001, 168683|5128, 168824|5312, 169094|5594, 169148|5715, 169163|5821, 169164|5913, 169166|6227, 169168|6588, 169170|6700, 169174|6836, 169177|6948, 169182|7042, 169184|7140, 169189|7248, 169190|7338, 169191|7424, 169196|7515, 169201|9845, mt.+everest, 
169202|2370, 169206|2482, 169207|2580, 169209|2693, 169214|2996, 169221|3368, 169223|3521, 169231|3767, 169240|4432, 169245|4651, 169250|4809, 169252|5006, 169269|5490, 169270|5600, 169273|5700, 169282|5817, 169431|5969, 169711|6107, 169872|6232, 169928|6364, 169939|6472, 169944|6579, 169945|6988, 169946|7120, 169947|7311, 169949|7545, 169951|7726, 169956|9902, the+great+wall+of+china, 
169961|2341, 169962|2469, 169963|2562, 169966|2676, 169969|2937, 169977|3240, 169979|3443, 169987|3816, 169994|4288, 170007|4521, 170012|4712, 170016|4909, 170026|5051, 170082|5175, 170276|5367, 170338|5558, 170347|5785, 170348|6176, 170353|6269, 170355|6551, 170356|6855, 170357|6927, 170359|7151, 170365|7237, 170367|7356, 170369|7435, 170370|7518, 170375|9858, pyeongchang, 
170380|2499, 170383|2710, 170384|3010, 170392|3243, 170397|3521, 170405|3886, 170409|4363, 170416|4527, 170418|4704, 170434|4925, 170448|5137, 170451|5251, 170492|5407, 170841|5722, 170957|5971, 170962|6102, 170964|6207, 170966|6313, 170967|6405, 170968|6694, 170969|6791, 170970|7069, 170972|7454, 170975|7534, 170976|7621, 170977|7711, 170983|7804, 170988|9939, mt.+everest, 
170989|2430, 170993|2521, 170994|2640, 170997|2750, 170999|2998, 171007|3220, 171009|3451, 171011|3629, 171020|4086, 171022|4360, 171026|4482, 171028|4598, 171029|4693, 171034|4876, 171038|4980, 171049|5097, 171123|5525, 171167|5673, 171389|5981, 171406|6110, 171411|6214, 171413|6317, 171417|6421, 171419|6900, 171420|7009, 171421|7316, 171426|7585, 171427|7684, 171428|7768, 171430|7943, 171433|8028, 171438|9857, burj+khalifa, 
171439|2387, 171443|2488, 171446|2600, 171448|2966, 171455|3203, 171459|3518, 171464|3689, 171467|3845, 171468|4327, 171473|4473, 171480|4639, 171484|4786, 171485|4893, 171493|5303, 171501|5525, 171517|5676, 171736|5824, 171950|6044, 171958|6181, 171962|6282, 171965|6759, 171971|6843, 171976|6928, 171979|7003, 171985|7086, 171990|7423, 171991|7761, 171996|9851, cape+town, 
171997|2408, 172001|2506, 172002|2625, 172005|2730, 172008|2994, 172015|3264, 172017|3443, 172019|3622, 172027|3870, 172033|4412, 172046|4657, 172052|4853, 172057|4979, 172270|5243, 172583|5565, 172598|5724, 172603|5865, 172606|5970, 172610|6076, 172611|6179, 172613|6594, 172615|6693, 172620|6817, 172621|6910, 172623|6998, 172627|7084, 172629|7200, 172633|7279, 172634|7361, 172635|7431, 172637|7512, 172640|7610, 172645|9949, pyongyang, 
172650|2420, 172651|2537, 172654|2619, 172656|2860, 172658|2989, 172668|3449, 172677|3936, 172685|4406, 172688|4558, 172692|4691, 172693|5028, 172709|5380, 172711|5519, 172715|5713, 172729|5854, 172758|6004, 173114|6262, 173119|6512, 173120|6614, 173122|6723, 173123|7489, 173124|7568, 173126|7915, 173131|9879, acropolis+of+athens, 
173136|2458, 173137|2608, 173140|2718, 173142|2982, 173152|3442, 173156|3589, 173161|3825, 173165|4447, 173167|4626, 173177|4783, 173178|4921, 173192|5130, 173441|5465, 173507|5633, 173515|5837, 173520|5948, 173521|6041, 173522|6143, 173523|6547, 173525|6640, 173526|6734, 173529|7204, 173530|7284, 173533|7362, 173536|7453, 173537|7531, 173542|7620, 173546|8189, 173551|9916, pyeongchang, 
173552|2363, 173556|2464, 173557|2567, 173560|2682, 173562|2953, 173570|3197, 173572|3467, 173574|3594, 173584|4395, 173587|4554, 173594|4751, 173599|4906, 173603|5053, 173626|5221, 173629|5384, 173638|5525, 173757|5707, 173903|5810, 174078|5988, 174079|6115, 174086|6214, 174090|6302, 174092|6693, 174094|6790, 174098|7388, 174102|7557, 174103|7655, 174108|7772, 174113|9891, taipei+101, 
174118|2420, 174122|2622, 174127|2989, 174133|3386, 174135|3509, 174137|3699, 174143|4245, 174155|4455, 174158|4671, 174172|4813, 174245|5075, 174399|5393, 174404|5685, 174407|6195, 174409|6806, 174410|6948, 174414|7327, 174416|7417, 174422|7518, 174423|7616, 174425|7716, 174429|7797, 174430|8079, 174435|10315, wencelas+square+prague, 
174436|2288, 174440|2374, 174441|2491, 174444|2599, 174446|2836, 174453|3054, 174457|3369, 174468|3915, 174470|4247, 174478|4421, 174479|4525, 174481|4608, 174488|4731, 174489|4826, 174490|4912, 174501|5056, 174502|5195, 174503|5374, 174518|5478, 174522|5589, 174529|5701, 174535|5809, 174570|5908, 174833|6117, 174850|6278, 174855|6403, 174859|6496, 174860|6700, 174861|6804, 174863|7069, 174864|7221, 174866|7416, 174870|7946, 174875|9860, eiffel+tower, 
174880|2521, 174881|2645, 174884|2798, 174886|2907, 174888|3024, 174896|3320, 174898|3549, 174899|3673, 174908|3775, 174913|4422, 174922|4633, 174924|4763, 174943|5190, 174946|5410, 174947|5515, 174960|5685, 174963|5878, 175157|6055, 175312|6285, 175344|6453, 175350|7051, 175352|7483, 175354|7564, 175357|7918, 175362|9914, acropolis+of+athens, 
175367|2410, 175369|2604, 175371|2756, 175374|3022, 175383|3375, 175385|3520, 175389|3648, 175394|3799, 175395|4317, 175398|4464, 175400|4588, 175406|4723, 175412|4860, 175429|4975, 175443|5172, 175458|5370, 175470|5494, 175611|5634, 175850|5854, 175945|6100, 175975|6264, 176011|6408, 176017|6850, 176020|7245, 176022|7362, 176024|7492, 176026|7661, 176031|9962, mirabell+gardens, 
176036|2400, 176037|2546, 176038|2648, 176041|2792, 176043|2905, 176050|3250, 176054|3447, 176062|3711, 176072|4351, 176077|4514, 176089|4686, 176090|4830, 176102|4991, 176270|5233, 176519|5526, 176634|5710, 176640|5813, 176645|5919, 176649|6015, 176652|6157, 176656|6260, 176657|6582, 176658|6696, 176659|6942, 176660|7040, 176666|7222, 176667|7303, 176669|7397, 176671|7484, 176675|7624, 176680|9838, pyongyang, 
176685|2421, 176686|2548, 176687|2636, 176689|2744, 176690|2970, 176698|3216, 176701|3402, 176703|3906, 176705|4045, 176717|4365, 176723|4594, 176728|4828, 176734|5059, 176749|5205, 176854|5361, 176968|5732, 176972|5916, 176978|6095, 176979|6518, 176981|6622, 176982|6721, 176984|7244, 176985|7554, 176987|7660, 176989|7846, 176994|9963, wencelas+square+prague, 
176995|2310, 176999|2405, 177000|2512, 177003|2623, 177005|2920, 177012|3077, 177016|3315, 177021|3577, 177023|4075, 177027|4163, 177030|4310, 177031|4399, 177036|4494, 177038|4572, 177039|4655, 177040|4743, 177042|4836, 177043|4929, 177046|5478, 177048|5576, 177049|5676, 177050|5760, 177052|6126, 177053|6394, 177055|6495, 177066|7117, 177069|7528, 177071|7743, 177075|7863, 177087|7984, 177089|8115, 177107|8240, 177109|8506, 177119|8668, 177248|8945, 177486|9306, 177490|9487, 177492|9631, 177497|10333, empire+state+building, 
177499|2477, 177502|2612, 177506|2735, 177508|2915, 177516|3223, 177518|3432, 177520|3617, 177528|3987, 177534|4362, 177539|4524, 177547|4873, 177549|5214, 177553|5324, 177573|5465, 177685|5606, 178006|5896, 178014|6067, 178020|6190, 178024|6293, 178026|6741, 178027|6821, 178029|7079, 178030|7161, 178032|7258, 178037|9822, cape+town, 
178038|2336, 178040|2424, 178043|2535, 178044|2617, 178047|2747, 178057|3106, 178060|3292, 178061|3434, 178062|3542, 178072|3996, 178076|4292, 178083|4487, 178085|4651, 178098|5146, 178101|5326, 178112|5444, 178196|5598, 178620|5948, 178668|6110, 178741|6287, 178742|6792, 178752|6882, 178753|6966, 178754|7044, 178757|7138, 178765|7225, 178767|7304, 178769|7399, 178774|7520, 178779|9712, peking, 
178780|2378, 178784|2481, 178785|2590, 178787|2718, 178797|3210, 178799|3448, 178801|3595, 178804|3707, 178809|3852, 178814|4471, 178815|4586, 178821|4727, 178827|4874, 178838|5005, 178856|5201, 178898|5406, 178910|5571, 178960|5738, 179124|5875, 179191|6033, 179195|6145, 179196|6438, 179197|6526, 179198|6719, 179200|6807, 179204|6903, 179206|7031, 179211|7199, 179213|7401, 179214|7482, 179218|7573, 179220|7689, 179221|7795, 179226|7954, 179231|9832, burj+khalifa, 
179232|2467, 179236|2614, 179238|2730, 179243|2930, 179250|3114, 179252|3365, 179255|3547, 179261|3705, 179267|4399, 179268|4516, 179278|4725, 179289|4839, 179304|5016, 179346|5193, 179357|5345, 179405|5512, 179568|5660, 179633|5808, 179639|5999, 179643|6128, 179645|6250, 179650|6347, 179651|6445, 179652|6553, 179655|6968, 179657|7156, 179659|7355, 179664|7442, 179665|7527, 179666|7618, 179669|7747, 179674|9841, burj+khalifa, 
179679|2488, 179680|2581, 179683|2686, 179686|2983, 179693|3262, 179694|3412, 179696|3517, 179705|3887, 179710|4390, 179715|4570, 179722|4887, 179723|5000, 179746|5241, 179749|5428, 179758|5525, 179760|5640, 179928|5786, 180118|5959, 180208|6117, 180274|6251, 180276|6345, 180281|6446, 180283|6550, 180284|6654, 180286|7086, 180288|7225, 180289|7496, 180294|7618, 180295|7696, 180296|7779, 180298|7865, 180301|7956, 180306|9933, pyramids+of+giza, 
180307|2301, 180311|2388, 180312|2569, 180314|2714, 180315|2880, 180325|3246, 180327|3436, 180332|3631, 180335|4163, 180344|4391, 180349|4524, 180355|4725, 180362|4857, 180363|5024, 180368|5137, 180377|5265, 180510|5413, 180728|5540, 180821|5720, 180824|5837, 180831|5983, 180834|6118, 180838|6228, 180840|6326, 180843|6413, 180844|6498, 180845|6829, 180846|6957, 180851|9917, cape+town, 
180852|2540, 180856|2635, 180858|2744, 180860|2946, 180863|3072, 180869|3341, 180871|3498, 180873|3601, 180878|3810, 180881|3980, 180882|4177, 180887|4377, 180897|4552, 180899|4695, 180905|4812, 180908|5075, 180913|5156, 180923|5256, 180946|5347, 181226|5584, 181249|5725, 181296|5885, 181307|6057, 181312|6719, 181313|6789, 181314|6867, 181316|6947, 181319|7028, 181324|9924, toronto+canada, 
181326|2468, 181330|2587, 181333|2780, 181334|2927, 181342|3190, 181346|3544, 181350|3660, 181355|3774, 181357|4471, 181358|4635, 181364|4803, 181371|5060, 181390|5249, 181431|5423, 181641|5595, 181704|5753, 181711|5854, 181713|5954, 181715|6074, 181720|6174, 181721|6274, 181724|6375, 181725|6467, 181731|6623, 181732|6862, 181738|6947, 181739|7029, 181740|7109, 181743|7201, 181744|7282, 181745|7461, 181749|7537, 181750|7854, 181755|9865, pyeongchang, 
181756|2447, 181761|2617, 181763|2726, 181770|3125, 181775|3463, 181776|3638, 181785|3773, 181787|4324, 181792|4491, 181794|4638, 181795|4751, 181800|4852, 181801|4952, 181818|5141, 181819|5382, 181823|5674, 181832|5790, 181863|5918, 182120|6114, 182214|6258, 182219|6393, 182220|6489, 182221|6695, 182223|6812, 182224|7521, 182225|7601, 182227|7920, 182228|8019, 182233|9946, acropolis+of+athens, 
182235|2440, 182239|2578, 182241|2655, 182242|2757, 182251|3159, 182253|3406, 182255|3531, 182264|4044, 182266|4345, 182272|4502, 182277|4642, 182279|4738, 182288|4895, 182289|5033, 182292|5179, 182302|5324, 182383|5443, 182606|5752, 182671|5900, 182677|6008, 182683|6129, 182685|6231, 182689|6336, 182690|6429, 182695|6548, 182697|6889, 182699|7208, 182703|7310, 182704|7384, 182705|7460, 182707|7540, 182710|7631, 182715|9999, toronto+canada, 
182716|2370, 182720|2481, 182721|2616, 182724|2732, 182734|3233, 182738|3570, 182746|3702, 182747|4179, 182752|4330, 182756|4487, 182763|4691, 182765|4878, 182770|5016, 182822|5181, 183031|5347, 183097|5591, 183103|5764, 183111|5886, 183112|6092, 183113|6187, 183115|6601, 183116|6691, 183117|6868, 183119|7136, 183122|7222, 183124|7311, 183126|7392, 183129|7493, 183134|9886, pyeongchang, 
183135|2364, 183139|2511, 183143|2732, 183146|3004, 183157|3472, 183162|3659, 183165|3780, 183167|4642, 183170|4834, 183189|5084, 183202|5280, 183240|5509, 183507|5751, 183691|5946, 183715|6058, 183716|6159, 183718|6499, 183719|6589, 183720|6820, 183721|6912, 183722|7124, 183723|7239, 183729|7430, 183731|7511, 183733|7589, 183734|7675, 183736|7767, 183740|7975, 183745|9870, mt.+everest, 
183747|2422, 183751|2565, 183754|2669, 183757|2953, 183765|3267, 183768|3515, 183777|3870, 183782|4440, 183787|4569, 183790|4775, 183795|4919, 183797|5043, 183802|5199, 183831|5357, 183834|5536, 183836|5652, 183845|5779, 183882|5936, 184115|6093, 184236|6245, 184239|6376, 184240|6479, 184244|6581, 184246|7009, 184247|7284, 184248|7365, 184249|7457, 184251|7567, 184255|7921, 184260|9836, colosseum+rome, 
184265|2417, 184266|2543, 184268|2649, 184277|3082, 184279|3382, 184280|3540, 184281|3649, 184290|4018, 184297|4431, 184303|4575, 184308|4654, 184313|4804, 184317|4906, 184319|5008, 184329|5159, 184345|5598, 184346|5782, 184356|5892, 184366|6002, 184672|6229, 184675|6340, 184676|6432, 184680|6546, 184685|6656, 184687|6759, 184691|6846, 184692|6965, 184693|7094, 184695|7272, 184697|7562, 184701|8134, 184706|9939, eiffel+tower, 
184711|2453, 184712|2593, 184715|2720, 184717|2966, 184726|3262, 184728|3539, 184736|3896, 184743|4400, 184751|4639, 184763|4856, 184764|5017, 184769|5158, 184783|5302, 184933|5432, 185120|5792, 185151|5946, 185158|6121, 185160|6456, 185161|6548, 185166|6649, 185168|6730, 185170|6829, 185175|6941, 185180|9773, toronto+canada, 
185185|3676, 185186|3784, 185189|3873, 185199|4416, 185201|4617, 185203|4750, 185211|5126, 185212|5335, 185221|5553, 185226|5731, 185233|5863, 185235|6029, 185245|6155, 185301|6404, 185566|6633, 185571|6804, 185576|6941, 185580|7034, 185581|7338, 185584|7433, 185586|7966, 185587|8069, 185589|8299, 185590|8462, 185594|8725, 185596|8826, 185597|8906, 185601|9226, 185606|11549, sydney+harbour, 
185608|2423, 185611|2515, 185612|2594, 185614|2711, 185615|2965, 185623|3269, 185632|3560, 185636|3713, 185638|4231, 185648|4492, 185650|4597, 185651|4723, 185657|4871, 185672|4999, 185674|5130, 185688|5335, 185700|5570, 185734|5736, 186083|5937, 186098|6131, 186102|6490, 186105|6596, 186107|7203, 186109|7388, 186113|7729, 186118|9996, colosseum+rome, 
186120|2528, 186124|2693, 186127|2782, 186129|3046, 186138|3399, 186140|3577, 186141|3680, 186153|4434, 186159|4600, 186165|4726, 186169|4815, 186175|5071, 186179|5192, 186182|5293, 186198|5417, 186199|5530, 186215|5752, 186228|6092, 186284|6210, 186616|6390, 186617|6515, 186620|6631, 186624|6730, 186626|6839, 186627|7670, 186628|7749, 186632|8241, 186637|9989, colosseum+rome, 
186638|2403, 186642|2496, 186643|2596, 186646|2686, 186649|2985, 186656|3182, 186658|3360, 186660|3498, 186669|3756, 186674|4278, 186678|4404, 186679|4548, 186681|4668, 186688|4819, 186710|5004, 186717|5303, 186729|5450, 186756|5581, 186987|5761, 187158|5916, 187237|6101, 187240|6197, 187245|6297, 187246|6727, 187248|6828, 187250|6929, 187252|7414, 187256|7529, 187257|7611, 187258|7694, 187263|7802, 187268|9942, pyramids+of+giza, 
187273|2419, 187274|2555, 187276|2657, 187282|3008, 187286|3226, 187289|3482, 187301|4185, 187306|4410, 187308|4518, 187310|4642, 187311|4782, 187327|5207, 187328|5323, 187329|5443, 187340|5577, 187347|5695, 187601|5876, 187729|6069, 187731|6196, 187736|6504, 187737|6767, 187738|6877, 187741|7211, 187742|7298, 187745|7399, 187750|9925, acropolis+of+athens, 
187751|2357, 187755|2462, 187756|2574, 187759|2664, 187761|2936, 187768|3306, 187772|3439, 187777|3693, 187781|3958, 187784|4415, 187795|4620, 187801|4835, 187803|4943, 187811|5065, 187813|5253, 187827|5388, 187829|5528, 187839|5664, 187842|5793, 187971|5938, 188156|6071, 188161|6232, 188166|6342, 188170|6460, 188171|6673, 188173|6770, 188174|6869, 188175|7292, 188177|7387, 188178|7498, 188180|7591, 188181|7713, 188186|8161, 188191|9922, eiffel+tower, 
188193|2630, 188196|2710, 188198|2818, 188200|2947, 188209|3231, 188212|3485, 188213|3646, 188218|3800, 188223|3977, 188225|4447, 188227|4574, 188230|4713, 188234|4806, 188241|4933, 188248|5042, 188251|5148, 188258|5397, 188274|5536, 188275|5643, 188277|5729, 188286|5854, 188327|5967, 188602|6232, 188608|6486, 188609|6579, 188611|6884, 188612|7185, 188613|7476, 188614|7562, 188619|8150, 188624|9907, eiffel+tower, 
188625|2390, 188629|2530, 188630|2641, 188633|2759, 188635|2897, 188642|3059, 188645|3385, 188647|3530, 188655|3815, 188661|4233, 188664|4420, 188668|4558, 188682|4727, 188699|5010, 188707|5121, 188862|5385, 189048|5555, 189154|5734, 189157|5851, 189162|5967, 189164|6357, 189165|6654, 189166|6748, 189167|6964, 189169|7090, 189173|7269, 189175|7375, 189176|7476, 189181|7669, 189186|10025, taipei+101, 
189190|2419, 189192|2536, 189195|2638, 189196|2926, 189204|3135, 189207|3473, 189209|3594, 189218|3803, 189223|4463, 189229|4627, 189232|4762, 189240|4924, 189261|5107, 189262|5377, 189272|5473, 189274|5585, 189398|5722, 189706|5878, 189784|6051, 189791|6172, 189794|6487, 189798|6588, 189800|7101, 189801|7434, 189806|7551, 189807|7637, 189808|7725, 189813|7835, 189818|9918, pyramids+of+giza, 
189819|2519, 189824|2691, 189827|2786, 189837|3210, 189839|3469, 189841|3732, 189850|4322, 189856|4487, 189859|4618, 189865|4769, 189869|4913, 189874|5091, 189897|5231, 189899|5396, 189911|5676, 189915|5781, 190089|5925, 190355|6128, 190420|6274, 190427|6383, 190429|6708, 190430|7037, 190431|7612, 190435|7704, 190436|7780, 190437|7875, 190439|8004, 190442|8103, 190447|9985, pyramids+of+giza, 
190452|2495, 190453|2615, 190456|2749, 190458|2883, 190460|2973, 190466|3176, 190468|3408, 190470|3559, 190478|3934, 190483|4505, 190497|4792, 190498|4973, 190514|5098, 190775|5406, 190920|5596, 191048|5753, 191049|5886, 191057|6008, 191061|6103, 191062|6400, 191065|6522, 191069|6627, 191070|6718, 191072|6864, 191078|6979, 191080|7097, 191084|7190, 191085|7267, 191088|7361, 191091|7442, 191096|9801, pyongyang, 
191101|2441, 191102|2558, 191104|2692, 191113|3220, 191117|3607, 191125|3795, 191126|4245, 191134|4430, 191135|4536, 191141|4758, 191154|4868, 191171|5166, 191220|5371, 191339|5575, 191454|5719, 191494|5851, 191497|5946, 191503|6349, 191505|6656, 191509|6754, 191510|6845, 191516|6962, 191517|7352, 191519|7447, 191523|7545, 191524|7642, 191526|7835, 191529|7935, 191534|9839, burj+khalifa, 
191536|2458, 191539|2575, 191540|2662, 191542|2771, 191544|3058, 191551|3301, 191553|3438, 191555|3616, 191559|3735, 191564|3911, 191565|4473, 191570|4615, 191572|4695, 191574|4805, 191579|4904, 191592|5015, 191610|5154, 191619|5321, 191647|5486, 191705|5593, 192002|5776, 192166|6100, 192177|6297, 192182|6465, 192185|6633, 192189|6733, 192190|7039, 192192|7173, 192193|7296, 192197|7519, 192199|7690, 192200|7776, 192201|7853, 192202|8290, 192203|8404, 192208|9977, mirabell+gardens, 
192210|2444, 192214|2561, 192215|2664, 192217|2772, 192226|3135, 192228|3386, 192230|3504, 192235|3639, 192244|4261, 192246|4392, 192248|4535, 192250|4625, 192256|4830, 192275|4995, 192276|5187, 192288|5346, 192295|5474, 192511|5624, 192726|5813, 192731|5955, 192735|6062, 192740|6146, 192744|6246, 192746|6362, 192747|6795, 192748|7377, 192752|7491, 192753|7588, 192754|7676, 192759|7855, 192764|9876, taipei+101, 
192769|2530, 192770|2637, 192772|2768, 192774|2984, 192781|3248, 192784|3401, 192786|3653, 192795|3839, 192798|4691, 192802|4794, 192809|5032, 192831|5207, 192832|5356, 192842|5564, 192867|5677, 193228|5966, 193350|6168, 193366|6293, 193368|6396, 193369|6495, 193372|7008, 193373|7296, 193374|7388, 193380|7604, 193381|7704, 193382|7796, 193387|7900, 193392|9861, pyramids+of+giza, 
193393|2377, 193397|2474, 193398|2576, 193402|2724, 193404|2883, 193408|3011, 193414|3329, 193416|3530, 193424|3925, 193431|4553, 193434|4645, 193437|4774, 193446|4937, 193473|5229, 193482|5479, 193489|5582, 193680|5747, 193815|5900, 193819|6069, 193823|6175, 193825|6453, 193826|6737, 193827|6832, 193829|7104, 193830|7363, 193832|7493, 193834|7755, 193839|9905, petronas+towers, 
193840|2397, 193844|2537, 193845|2621, 193847|2734, 193848|2953, 193856|3129, 193858|3407, 193864|3680, 193869|3876, 193873|4426, 193876|4576, 193880|4664, 193882|4774, 193888|4890, 193900|4977, 193914|5139, 193918|5373, 193925|5482, 193953|5587, 194012|5730, 194172|5961, 194301|6147, 194383|6290, 194481|6475, 194489|6599, 194490|6900, 194491|7405, 194492|7492, 194495|7886, 194500|9873, mirabell+gardens, 
194501|2660, 194505|2774, 194506|2869, 194509|2962, 194520|3525, 194521|3721, 194523|3836, 194533|4372, 194539|4707, 194544|4838, 194546|4960, 194549|5108, 194561|5276, 194573|5415, 194576|5515, 194586|5650, 194616|5781, 194851|5952, 195023|6100, 195028|6240, 195036|6350, 195037|6451, 195039|6537, 195043|6647, 195045|6936, 195047|7051, 195048|7599, 195053|7741, 195054|7907, 195055|8036, 195057|8164, 195060|8250, 195065|10212, taipei+101, 
195067|2424, 195070|2562, 195071|2655, 195074|2847, 195077|3058, 195083|3287, 195088|3596, 195097|3844, 195098|4274, 195103|4425, 195108|4586, 195109|4667, 195110|4782, 195117|4890, 195135|5006, 195142|5207, 195153|5353, 195162|5451, 195312|5610, 195639|5869, 195674|6057, 195713|6250, 195715|6471, 195719|6713, 195721|6836, 195723|7093, 195726|7235, 195727|7486, 195728|7569, 195730|7653, 195735|9906, mirabell+gardens, 
195739|2424, 195741|2542, 195742|2644, 195745|2770, 195754|3150, 195756|3347, 195762|3704, 195767|4051, 195769|4175, 195776|4420, 195777|4682, 195779|4786, 195793|5069, 195795|5225, 195806|5419, 195813|5557, 196011|5700, 196194|5916, 196198|6244, 196199|6342, 196200|6554, 196202|6687, 196204|6798, 196206|6973, 196207|7193, 196208|7303, 196210|7564, 196215|9868, acropolis+of+athens, 
196216|2577, 196220|2691, 196223|2806, 196224|3024, 196232|3298, 196233|3434, 196235|3576, 196236|3673, 196252|4463, 196253|4572, 196256|4716, 196258|4830, 196268|5020, 196284|5191, 196294|5328, 196300|5464, 196487|5613, 196733|5786, 196741|5908, 196746|6038, 196748|6188, 196752|6283, 196754|6740, 196755|7032, 196756|7151, 196762|7593, 196764|7737, 196769|7946, 196774|9863, taipei+101, 
196779|2476, 196780|2593, 196782|2687, 196783|2922, 196792|3203, 196793|3407, 196795|3554, 196806|4008, 196807|4349, 196815|4497, 196816|4635, 196819|4765, 196820|4887, 196826|5052, 196839|5185, 196856|5428, 196859|5566, 196867|5682, 196901|5790, 197250|6006, 197312|6177, 197381|6323, 197382|6533, 197386|6634, 197387|6914, 197389|7041, 197390|7612, 197394|7703, 197395|7786, 197396|7855, 197398|7941, 197401|8035, 197406|9987, pyramids+of+giza, 
197407|2400, 197411|2547, 197412|2646, 197414|2831, 197417|3008, 197426|3331, 197427|3491, 197428|3605, 197431|3843, 197436|4019, 197441|4291, 197446|4461, 197455|4973, 197456|5252, 197466|5402, 197499|5566, 197718|5749, 197849|5899, 197852|6029, 197858|6164, 197859|6412, 197860|6500, 197861|6675, 197867|6761, 197868|6836, 197869|6917, 197872|7001, 197877|7091, 197880|7166, 197881|7250, 197886|7370, 197891|9795, toronto+canada, 
197892|2477, 197896|2568, 197897|2687, 197900|2773, 197904|3068, 197912|3448, 197914|3699, 197922|4313, 197927|4539, 197930|4686, 197932|4796, 197942|4963, 197956|5114, 197968|5298, 197975|5502, 198361|5755, 198415|5970, 198418|6129, 198419|6234, 198423|6328, 198424|6434, 198427|6542, 198429|6663, 198430|6961, 198431|7055, 198433|7376, 198439|7545, 198441|7704, 198443|7799, 198446|7889, 198451|9879, taipei+101, 
198452|7755, 198456|7841, 198459|8085, 198462|8381, 198470|8680, 198472|8828, 198477|9157, 198480|9477, 198482|9735, 198496|9994, 198515|10214, 198530|10398, 198537|10531, 198567|10657, 198797|10862, 198975|11000, 199030|11136, 199036|11253, 199038|11368, 199039|11700, 199040|11792, 199041|12010, 199046|12130, 199049|12254, 199052|12423, 199053|12614, 199057|12700, 199058|12787, 199059|12881, 199064|13057, 199069|15240, mt.+everest, 
199070|2356, 199074|2500, 199075|2585, 199077|2718, 199080|3008, 199087|3262, 199090|3379, 199095|3580, 199099|3813, 199105|4258, 199110|4417, 199114|4497, 199120|4645, 199135|4818, 199147|5027, 199151|5146, 199161|5295, 199276|5429, 199486|5705, 199490|5834, 199494|5922, 199496|6252, 199497|6349, 199498|6446, 199500|6646, 199502|7139, 199505|7231, 199508|7575, 199513|9908, petronas+towers, 
199514|2462, 199518|2600, 199519|2689, 199522|2776, 199526|3018, 199532|3246, 199534|3443, 199536|3685, 199545|3875, 199550|4487, 199554|4631, 199556|4775, 199565|4907, 199569|5003, 199592|5232, 199601|5445, 199636|5548, 199665|5653, 199872|5836, 200088|6034, 200145|6251, 200156|6379, 200158|6911, 200159|7012, 200161|7291, 200164|7608, 200166|7776, 200171|9790, mirabell+gardens, 
200176|2477, 200177|2588, 200180|2684, 200192|3305, 200194|3466, 200204|3976, 200208|4382, 200218|4659, 200224|4786, 200234|4985, 200251|5162, 200267|5292, 200525|5535, 200675|5728, 200758|5918, 200766|6062, 200768|6173, 200772|6479, 200774|6583, 200776|6692, 200777|6788, 200779|7052, 200785|7365, 200786|7447, 200787|7538, 200792|7736, 200797|9875, mt.+everest, 
200801|2545, 200802|2657, 200805|2740, 200809|3085, 200816|3387, 200818|3658, 200823|3795, 200826|4013, 200828|4260, 200837|4486, 200839|4603, 200848|4780, 200850|4911, 200854|5061, 200869|5224, 201165|5466, 201168|5585, 201232|5739, 201243|5852, 201246|6394, 201247|6652, 201248|6788, 201249|6994, 201252|7160, 201255|7241, 201256|7317, 201258|7394, 201261|7505, 201262|8647, 201267|8743, 201271|8928, 201276|9842, toronto+canada, 
201281|2504, 201282|2618, 201283|2698, 201285|2830, 201289|3045, 201297|3395, 201299|3610, 201308|3992, 201310|4423, 201316|4583, 201318|4724, 201319|4872, 201324|5002, 201333|5201, 201336|5369, 201346|5517, 201360|5653, 201549|5821, 201791|6032, 201796|6194, 201803|6298, 201808|6441, 201809|6541, 201811|6628, 201815|6714, 201816|7095, 201818|7220, 201823|9927, cape+town, 
201824|2469, 201828|2584, 201829|2682, 201831|2790, 201832|2978, 201838|3196, 201842|3411, 201843|3594, 201844|3714, 201852|3873, 201853|4220, 201859|4425, 201862|4612, 201865|4751, 201882|5007, 201906|5188, 201915|5307, 202178|5553, 202330|5753, 202386|5851, 202396|5959, 202400|6051, 202403|6147, 202407|6253, 202408|6371, 202412|6480, 202415|6984, 202422|7291, 202423|7386, 202425|7485, 202430|7632, 202435|9964, mt.+everest, 
202436|2293, 202440|2377, 202441|2475, 202444|2574, 202452|3029, 202458|3335, 202463|3584, 202466|3860, 202474|4359, 202478|4498, 202479|4618, 202485|4752, 202486|5035, 202492|5144, 202505|5272, 202723|5433, 202804|5567, 202876|5710, 202885|5843, 202889|5977, 202890|6124, 202893|6279, 202900|6570, 202901|6662, 202902|6761, 202908|6894, 202913|9778, toronto+canada, 
202915|2549, 202918|2640, 202921|2749, 202924|2956, 202932|3340, 202934|3507, 202942|3805, 202948|4316, 202951|4428, 202954|4570, 202972|4758, 202989|5056, 203004|5200, 203341|5461, 203427|5673, 203494|5808, 203499|5922, 203504|6028, 203505|6156, 203506|6364, 203507|6462, 203508|6682, 203509|6786, 203510|7019, 203511|7310, 203515|7390, 203516|7486, 203517|7601, 203519|7692, 203522|7786, 203527|9823, mt.+everest, 
203528|2356, 203532|2446, 203533|2627, 203536|2755, 203540|3019, 203548|3402, 203550|3540, 203561|4000, 203562|4230, 203567|4387, 203570|4514, 203572|4618, 203573|4732, 203580|4914, 203602|5070, 203608|5220, 203611|5397, 203614|5521, 203623|5650, 203656|5774, 203954|5988, 203962|6304, 203964|6950, 203966|7459, 203968|7819, 203973|10364, petronas+towers, 
203974|2478, 203978|2598, 203982|2704, 203984|2943, 203988|3050, 203997|3491, 204002|3786, 204005|3950, 204012|4392, 204019|4592, 204030|5184, 204033|5293, 204046|5473, 204220|5631, 204361|5795, 204362|5954, 204368|6353, 204372|6459, 204373|6545, 204379|6650, 204381|6752, 204385|7277, 204390|7349, 204393|7432, 204394|7542, 204401|7933, 204406|9853, sydney+harbour, 
204407|2444, 204409|2524, 204412|2620, 204413|2700, 204416|2813, 204426|3198, 204429|3453, 204431|3593, 204439|3963, 204440|4335, 204449|4564, 204458|4820, 204467|5124, 204482|5271, 204738|5526, 204798|5684, 204802|5808, 204803|5904, 204807|6004, 204809|6508, 204810|6599, 204811|6828, 204813|6932, 204814|7028, 204815|7283, 204820|7681, 204821|7847, 204822|7931, 204830|8438, 204835|9927, sydney+harbour, 
204840|2435, 204841|2552, 204844|2636, 204846|2874, 204848|2989, 204856|3262, 204858|3583, 204868|4172, 204869|4472, 204879|4670, 204881|4774, 204887|4953, 204892|5156, 204896|5297, 204906|5413, 204952|5549, 205209|5731, 205211|5852, 205276|6015, 205286|6128, 205287|6400, 205292|6536, 205294|6644, 205301|6749, 205305|6855, 205306|6942, 205310|7029, 205311|7266, 205316|7350, 205317|7596, 205322|9837, toronto+canada, 
205324|2472, 205327|2608, 205328|2700, 205330|2832, 205332|3051, 205340|3340, 205342|3501, 205343|3627, 205348|3739, 205351|3890, 205356|4357, 205362|4552, 205368|4736, 205373|4927, 205375|5064, 205387|5184, 205396|5292, 205691|5541, 205766|5830, 205771|6088, 205772|6518, 205777|6603, 205779|6688, 205781|6764, 205782|6844, 205788|6937, 205793|9971, toronto+canada, 
205798|2470, 205799|2599, 205802|2685, 205805|2988, 205812|3280, 205815|3512, 205824|4215, 205830|4567, 205833|4690, 205840|4831, 205846|5034, 205849|5125, 205861|5246, 206015|5421, 206180|5668, 206182|5800, 206185|5895, 206191|6273, 206193|6597, 206195|6720, 206196|6820, 206199|6966, 206200|7218, 206201|7315, 206205|7402, 206206|7485, 206207|7577, 206210|7818, 206213|7898, 206216|9770, 206218|9904, sydney+harbour, 
206223|2479, 206224|2604, 206226|2711, 206227|2975, 206237|3367, 206240|3569, 206245|3697, 206248|3972, 206253|4294, 206256|4453, 206257|4592, 206265|4735, 206266|4885, 206269|5011, 206283|5152, 206497|5421, 206603|5655, 206608|5759, 206609|5875, 206614|6179, 206615|6267, 206616|6368, 206618|6484, 206619|7594, 206623|7682, 206624|7762, 206625|7917, 206633|8462, 206638|9836, sydney+harbour, 
206643|2519, 206644|2622, 206647|2714, 206649|2933, 206655|3062, 206659|3415, 206661|3597, 206669|3766, 206670|4268, 206681|4467, 206684|4627, 206692|4800, 206693|4915, 206702|5177, 206805|5478, 207020|5676, 207033|5801, 207036|5901, 207037|6287, 207038|6387, 207039|6592, 207041|6722, 207042|6825, 207043|7234, 207044|7374, 207046|7611, 207051|7694, 207052|7776, 207054|7862, 207061|8137, 207062|9759, 207066|9869, sydney+harbour, 
