||class android.net.TrafficStats:public static long android.net.TrafficStats.getMobileRxPackets()
122561|1, 122566|2229, 122567|2391, 122569|2494, 122572|2800, 122580|3140, 122582|3268, 122587|3552, 122593|4142, 122595|4237, 122596|4531, 122597|4628, 122598|4893, 122599|4976, 122600|5151, 122601|5239, 122603|5515, 122604|5599, 122609|5692, 122610|5792, 122612|5883, 122614|5976, 122615|6142, 122616|6421, 122617|6515, 122618|6787, 122619|6879, 122629|6971, 122632|7210, 122635|7611, 122640|7861, 122652|8147, 122672|8316, 122675|8492, 122682|8660, 122937|8971, 123049|9267, 123052|9495, 123055|9631, 123056|10182, 123060|10308, empire+state+building, 
123065|2410, 123066|2531, 123069|2624, 123073|2946, 123080|3210, 123082|3439, 123083|3550, 123092|4169, 123098|4447, 123101|4606, 123103|4750, 123118|5301, 123119|5528, 123128|5631, 123133|5745, 123298|5937, 123544|6112, 123791|6326, 123794|6440, 123800|6864, 123801|7118, 123802|7208, 123804|7304, 123810|7410, 123812|7531, 123817|7717, 123822|9898, the+great+wall+of+china, 
123823|2444, 123827|2563, 123829|2668, 123837|2993, 123844|3396, 123850|3593, 123855|3732, 123856|4231, 123864|4425, 123865|4559, 123866|4695, 123867|4793, 123881|5042, 123884|5299, 123887|5408, 123899|5566, 123983|5734, 124146|5884, 124286|6084, 124288|6220, 124289|6317, 124294|6524, 124295|6936, 124297|7085, 124299|7340, 124300|7440, 124302|7520, 124307|9900, acropolis+of+athens, 
124308|2404, 124312|2505, 124313|2603, 124315|2707, 124316|3016, 124325|3348, 124326|3510, 124328|3637, 124337|4240, 124349|4487, 124351|4623, 124360|4868, 124375|5096, 124391|5386, 124399|5543, 124406|5675, 124588|5828, 124732|5964, 124736|6069, 124737|6267, 124742|6371, 124743|6476, 124745|6559, 124751|7555, 124752|7639, 124753|7732, 124758|8082, 124763|9847, petronas+towers, 
124768|2442, 124769|2565, 124772|2734, 124775|2981, 124784|3320, 124785|3443, 124786|3560, 124795|3834, 124802|4231, 124807|4427, 124810|4658, 124811|4789, 124813|5031, 124828|5304, 124830|5429, 124833|5567, 124938|5918, 125169|6144, 125230|6264, 125234|6367, 125235|6467, 125237|6879, 125238|6986, 125239|7267, 125240|7368, 125242|7451, 125243|7532, 125245|7646, 125250|9865, acropolis+of+athens, 
125252|2438, 125255|2559, 125256|2650, 125259|2796, 125269|3211, 125271|3432, 125273|3597, 125276|3915, 125280|4233, 125288|4499, 125292|4599, 125297|4759, 125302|4923, 125318|5063, 125368|5239, 125536|5575, 125542|5770, 125545|6252, 125546|6349, 125547|6506, 125548|6848, 125550|6956, 125552|7141, 125553|7444, 125554|7544, 125556|7736, 125561|9941, wencelas+square+prague, 
125562|2354, 125566|2438, 125569|2627, 125571|2958, 125578|3202, 125582|3469, 125589|3763, 125592|4317, 125601|4503, 125603|4670, 125607|4771, 125608|4919, 125619|5097, 125673|5242, 125761|5492, 125840|5739, 125848|5879, 125854|6055, 125856|6287, 125857|6610, 125859|6717, 125860|6933, 125861|7035, 125862|7285, 125863|7453, 125865|7573, 125866|7695, 125868|7865, 125873|9901, 125875|11047, wencelas+square+prague, 
125876|2373, 125880|2460, 125881|2595, 125884|2703, 125894|3082, 125897|3296, 125899|3458, 125908|3747, 125910|4169, 125918|4322, 125921|4473, 125922|4581, 125923|4723, 125943|4919, 125960|5151, 125971|5447, 125977|5571, 126113|5709, 126299|5894, 126302|6008, 126304|6098, 126308|6201, 126309|6407, 126311|6529, 126313|6639, 126314|6736, 126315|7119, 126316|7257, 126318|7402, 126320|7492, 126323|7687, 126324|7779, 126325|8035, 126326|8114, 126327|8229, 126332|10000, petronas+towers, 
126334|2428, 126337|2536, 126338|2619, 126341|2731, 126351|3074, 126353|3358, 126355|3509, 126365|3937, 126366|4141, 126371|4295, 126374|4424, 126378|4566, 126379|4684, 126386|4812, 126396|4969, 126410|5113, 126427|5632, 126474|5829, 126565|5952, 126635|6079, 126677|6171, 126734|6269, 126834|6481, 126850|6587, 126852|7406, 126855|7491, 126857|7572, 126866|8153, 126867|9280, 126868|9369, 126872|9478, 126876|9656, 126881|9894, big+ben, 
126882|2362, 126886|2448, 126887|2591, 126890|2680, 126893|2942, 126900|3128, 126902|3387, 126904|3529, 126912|3845, 126919|4476, 126926|4671, 126929|4972, 126942|5136, 127076|5380, 127212|5616, 127291|5763, 127380|5879, 127453|6012, 127456|6107, 127461|6210, 127462|6314, 127464|6446, 127469|6578, 127471|6698, 127475|6824, 127476|7020, 127478|7117, 127480|7216, 127484|7301, 127485|7385, 127488|7465, 127490|7550, 127495|8000, 127499|9925, 127500|10033, singapore, 
127501|2417, 127505|2504, 127506|2612, 127507|2704, 127509|2838, 127512|2983, 127519|3278, 127523|3575, 127534|4137, 127539|4520, 127540|4639, 127541|4752, 127555|4925, 127557|5030, 127561|5148, 127565|5368, 127568|5721, 127572|5808, 127643|5928, 127682|6136, 127687|6266, 127699|6351, 127707|6450, 127709|6548, 127710|6628, 127711|6738, 127716|9754, big+ben, 
127717|7391, 127721|7533, 127726|7672, 127734|7860, 127737|8169, 127740|8344, 127745|8507, 127747|9135, 127752|9295, 127760|9432, 127761|9542, 127776|9685, 127894|10138, 128001|10304, 128002|10439, 128006|10587, 128010|10774, 128011|11035, 128013|11150, 128014|11235, 128015|11628, 128016|11728, 128017|11972, 128019|12138, 128021|12229, 128023|12444, 128028|14738, wencelas+square+prague, 
128029|2435, 128033|2550, 128034|2645, 128037|2771, 128040|2932, 128047|3141, 128050|3368, 128052|3479, 128055|3986, 128063|4489, 128075|4711, 128083|5065, 128101|5289, 128188|5447, 128297|5587, 128392|5724, 128535|5905, 128638|6067, 128645|6171, 128647|6269, 128648|6376, 128649|6600, 128650|6710, 128651|6923, 128652|7035, 128654|7235, 128659|7331, 128660|7413, 128662|7493, 128665|7573, 128669|7700, 128674|9893, pyongyang, 
128675|2386, 128679|2485, 128682|2725, 128683|2991, 128691|3287, 128696|3512, 128701|3649, 128704|4255, 128709|4453, 128710|4572, 128716|4698, 128720|4804, 128728|5000, 128735|5137, 128748|5277, 128753|5445, 128763|5579, 128795|5708, 128874|5832, 128953|5952, 129155|6132, 129207|6303, 129212|6406, 129216|6509, 129217|6610, 129219|6711, 129223|6810, 129224|7098, 129226|7251, 129231|7685, 129232|7794, 129233|7882, 129235|8054, 129238|8153, 129243|9873, taipei+101, 
129247|2529, 129248|2618, 129249|2709, 129252|2825, 129254|2935, 129262|3154, 129266|3453, 129274|3739, 129276|4334, 129285|4596, 129287|4741, 129293|4876, 129303|5259, 129311|5376, 129569|5624, 129708|5795, 129837|5924, 129840|6026, 129845|6145, 129846|6252, 129847|6344, 129848|6480, 129849|6600, 129851|6873, 129853|6950, 129861|7037, 129863|7111, 129865|7186, 129874|7273, 129876|7367, 129877|7448, 129878|7882, 129880|7963, 129881|8209, 129886|9812, pyongyang, 
129887|2601, 129891|2716, 129893|2867, 129896|2972, 129906|3232, 129908|3559, 129909|3688, 129910|3820, 129921|4290, 129924|4482, 129928|4606, 129929|4720, 129932|4866, 129934|4993, 129946|5675, 129987|5824, 130147|5993, 130151|6131, 130152|6230, 130153|6737, 130154|6813, 130155|6887, 130156|6977, 130157|7233, 130159|7323, 130163|9755, big+ben, 
130164|2510, 130168|2651, 130172|2817, 130175|2961, 130182|3140, 130186|3490, 130194|3744, 130203|4398, 130205|4540, 130207|4656, 130212|4771, 130235|4870, 130237|5146, 130243|5275, 130250|5424, 130301|5627, 130420|5859, 130506|6043, 130559|6135, 130614|6241, 130640|6331, 130674|6444, 130678|6713, 130679|6816, 130682|7263, 130688|7365, 130691|7446, 130692|7682, 130693|7757, 130699|7931, 130701|8518, 130705|8636, 130706|8839, 130711|9968, big+ben, 
130713|2320, 130717|2474, 130719|2603, 130723|2987, 130730|3273, 130732|3475, 130741|3860, 130742|4293, 130749|4441, 130751|4521, 130752|4654, 130760|4836, 130762|4943, 130781|5108, 130797|5287, 130809|5626, 130821|5741, 130954|5919, 131100|6076, 131170|6183, 131207|6300, 131209|6416, 131211|6546, 131213|7310, 131217|7920, 131218|8032, 131223|11020, colosseum+rome, 
131225|2401, 131229|2537, 131230|2626, 131233|2750, 131235|2894, 131243|3079, 131245|3397, 131247|3544, 131256|4153, 131261|4471, 131269|4645, 131270|4797, 131285|5168, 131288|5425, 131297|5538, 131417|5719, 131721|5899, 131941|6075, 131953|6222, 131959|6790, 131964|6924, 131969|7068, 131970|7179, 131971|7284, 131978|7394, 131979|7491, 131980|7574, 131982|7663, 131986|7785, 131991|9902, the+great+wall+of+china, 
131992|2582, 131996|2665, 131998|2783, 132002|2953, 132012|3325, 132014|3450, 132022|3757, 132027|4347, 132034|4571, 132044|4767, 132047|4929, 132052|5102, 132071|5296, 132257|5536, 132465|5777, 132569|5957, 132583|6053, 132586|6296, 132588|6473, 132590|6644, 132591|6808, 132596|6900, 132597|6993, 132598|7065, 132600|7142, 132603|7230, 132608|9863, singapore, 
132610|2362, 132614|2474, 132617|2596, 132618|2875, 132624|3021, 132629|3356, 132631|3527, 132639|3888, 132646|4431, 132650|4652, 132658|4814, 132671|5136, 132737|5308, 132936|5576, 133100|5808, 133186|5954, 133195|6083, 133201|6200, 133202|6294, 133203|6723, 133205|6844, 133206|6961, 133213|7258, 133215|7370, 133216|7451, 133221|7526, 133226|9843, singapore, 
133231|2495, 133233|2676, 133239|2810, 133245|2961, 133249|3248, 133251|3472, 133255|3765, 133257|4011, 133263|4192, 133268|4354, 133269|4504, 133270|4654, 133274|4781, 133279|5018, 133285|5177, 133316|5336, 133319|5693, 133337|5870, 133341|5981, 133479|6150, 133594|6256, 133669|6387, 133677|6472, 133679|6554, 133681|6845, 133682|7008, 133687|9775, petronas+towers, 
133692|2343, 133693|2550, 133696|2644, 133698|2914, 133707|3156, 133708|3326, 133710|3462, 133718|3653, 133719|4124, 133726|4340, 133727|4496, 133734|4665, 133746|4973, 133824|5151, 134134|5392, 134213|5565, 134259|5767, 134270|5872, 134271|5978, 134277|6089, 134278|6484, 134280|6587, 134283|6710, 134285|7042, 134289|7139, 134290|7218, 134291|7297, 134296|7377, 134301|9930, singapore, 
134302|2486, 134306|2591, 134307|2684, 134310|2822, 134320|3298, 134322|3476, 134324|3628, 134333|4178, 134338|4447, 134339|4565, 134341|4685, 134343|4822, 134355|5042, 134372|5193, 134373|5391, 134387|5664, 134388|5791, 134391|5925, 134403|6021, 134423|6157, 134578|6362, 134725|6534, 134769|6644, 134805|6776, 134807|7639, 134811|8218, 134816|9919, colosseum+rome, 
134818|2664, 134821|2800, 134831|2972, 134841|3301, 134843|3568, 134851|3919, 134863|4395, 134867|4590, 134878|4801, 134880|4997, 134892|5121, 134976|5330, 135116|5578, 135205|5718, 135279|5825, 135352|5937, 135439|6091, 135501|6206, 135525|6361, 135533|6603, 135535|7064, 135544|7153, 135546|7232, 135551|7354, 135557|7455, 135558|9936, 135562|10023, peking, 
135567|2480, 135568|2580, 135571|2676, 135574|3029, 135581|3267, 135583|3515, 135585|3658, 135593|4210, 135600|4629, 135604|4995, 135610|5208, 135611|5400, 135623|5510, 135629|5611, 135873|5864, 136152|6072, 136249|6274, 136253|6399, 136257|6900, 136262|6995, 136266|7070, 136270|7165, 136277|7255, 136281|7344, 136282|7882, 136287|9803, peking, 
136288|2446, 136292|2552, 136293|2634, 136296|2772, 136306|3223, 136309|3487, 136310|3611, 136318|3995, 136326|4530, 136330|4660, 136341|4873, 136342|5015, 136345|5164, 136394|5372, 136563|5592, 136730|5777, 136805|5913, 136810|6468, 136811|6559, 136812|6776, 136813|6870, 136814|7068, 136816|7147, 136824|7236, 136826|7317, 136829|7398, 136833|7473, 136835|7563, 136840|7770, 136842|7850, 136843|7939, 136848|9853, 136849|10276, cape+town, 
136850|2411, 136854|2514, 136855|2627, 136858|2759, 136860|3009, 136870|3396, 136872|3592, 136883|4249, 136885|4473, 136893|4634, 136896|4755, 136897|4882, 136913|5123, 136914|5277, 136928|5478, 136929|5607, 136945|5764, 136952|5873, 137100|5997, 137265|6131, 137276|6250, 137279|6351, 137283|6461, 137284|6861, 137286|6961, 137288|7297, 137292|7594, 137295|7888, 137298|9782, 137300|9897, petronas+towers, 
137301|2437, 137305|2533, 137306|2620, 137308|2722, 137317|3047, 137321|3507, 137329|3956, 137331|4359, 137335|4511, 137338|4673, 137340|4812, 137356|5339, 137358|5482, 137368|5578, 137372|5696, 137495|5845, 137681|5980, 137954|6147, 138027|6273, 138031|6373, 138035|6479, 138036|6582, 138038|7125, 138039|7460, 138043|7550, 138044|7625, 138045|7704, 138047|7869, 138050|7983, 138055|9827, the+great+wall+of+china, 
138056|2341, 138060|2470, 138061|2562, 138064|2697, 138066|2910, 138075|3225, 138076|3382, 138077|3496, 138082|3592, 138085|3707, 138088|4275, 138097|4438, 138098|4560, 138107|4875, 138113|5133, 138126|5256, 138157|5445, 138376|5654, 138451|5845, 138455|5944, 138456|6051, 138458|6522, 138459|6632, 138462|6863, 138464|6987, 138465|7136, 138469|7237, 138470|7320, 138471|7405, 138475|7770, 138478|7858, 138483|9855, sydney+harbour, 
138488|2431, 138489|2546, 138492|2642, 138502|3261, 138505|3424, 138506|3562, 138514|3965, 138520|4321, 138523|4448, 138524|4631, 138530|4750, 138542|5152, 138557|5366, 138709|5605, 138796|5727, 138867|5860, 138872|6152, 138876|6237, 138877|6350, 138883|6484, 138885|6795, 138890|6878, 138891|7029, 138893|7119, 138896|7206, 138901|7686, 138902|7804, 138907|10012, pyeongchang, 
138908|2308, 138912|2428, 138913|2534, 138916|2649, 138917|2898, 138927|3249, 138929|3460, 138940|4018, 138946|4345, 138954|4610, 138957|4831, 138963|5029, 138986|5202, 138991|5427, 139001|5531, 139003|5638, 139146|5836, 139301|6040, 139362|6146, 139438|6255, 139517|6397, 139524|6504, 139526|6810, 139527|7153, 139532|7619, 139533|7785, 139534|7864, 139536|7950, 139539|8045, 139544|9910, pyramids+of+giza, 
139549|2374, 139550|2495, 139552|2586, 139554|2947, 139561|3187, 139565|3450, 139570|3678, 139574|4116, 139581|4389, 139587|4573, 139592|4739, 139599|4912, 139602|5189, 139616|5314, 139704|5460, 139869|5601, 140033|5771, 140114|5946, 140131|6078, 140136|6377, 140140|6477, 140142|6577, 140147|6710, 140148|6991, 140149|7086, 140150|7280, 140152|7404, 140155|7485, 140156|7562, 140157|7645, 140159|7747, 140162|7844, 140167|9890, singapore, 
140168|2473, 140173|2611, 140176|2723, 140180|3005, 140188|3336, 140190|3510, 140199|3761, 140207|4522, 140213|4684, 140214|4792, 140216|4928, 140234|5120, 140247|5299, 140250|5438, 140261|5540, 140263|5648, 140470|5842, 140682|6011, 140713|6149, 140774|6359, 140779|6457, 140780|6558, 140781|6659, 140782|6977, 140783|7089, 140784|7211, 140785|7765, 140789|7842, 140790|7939, 140791|8028, 140793|8132, 140796|8247, 140801|9957, pyramids+of+giza, 
140802|2346, 140806|2447, 140807|2549, 140809|2659, 140810|2861, 140812|3012, 140819|3234, 140822|3563, 140830|3726, 140831|4233, 140836|4440, 140843|4754, 140848|4934, 140851|5111, 140863|5227, 140964|5388, 141131|5557, 141366|5821, 141397|5933, 141404|6035, 141405|6126, 141408|6580, 141412|6671, 141413|6756, 141416|6848, 141421|6927, 141425|7007, 141426|7087, 141429|7166, 141432|7266, 141437|7358, 141438|7431, 141439|7547, 141444|9860, pyongyang, 
141445|2404, 141450|2547, 141452|2730, 141454|2880, 141458|2985, 141464|3207, 141468|3518, 141473|3880, 141478|4347, 141479|4432, 141480|4535, 141482|4627, 141484|4756, 141485|4832, 141489|4920, 141491|5010, 141493|5101, 141494|5361, 141495|5455, 141496|5725, 141498|5816, 141499|5907, 141502|6402, 141503|6520, 141515|7711, 141518|8236, 141519|8352, 141524|8525, 141557|8783, 141561|9215, 141571|9489, 141735|9705, 141906|9933, 141940|10161, 141942|10297, 141947|10730, empire+state+building, 
141948|2372, 141950|2460, 141953|2568, 141954|2659, 141957|2775, 141961|3045, 141966|3307, 141969|3466, 141970|3576, 141975|3907, 141980|4220, 141982|4321, 141983|4498, 141984|4587, 141986|5125, 141988|5221, 141989|5304, 141991|5749, 141993|5849, 141994|5948, 141997|6435, 141999|6534, 142001|6623, 142005|6711, 142006|6812, 142008|6906, 142010|7006, 142022|7639, 142025|8227, 142030|8560, 142062|8789, 142072|9295, 142118|9560, 142439|9877, 142445|10207, 142450|10639, empire+state+building, 
142451|2377, 142455|2463, 142456|2599, 142458|2693, 142459|2943, 142467|3171, 142470|3364, 142471|3487, 142479|3982, 142487|4399, 142492|4543, 142496|4650, 142503|4824, 142550|5009, 142625|5241, 142711|5444, 142729|5583, 142730|5765, 142735|6049, 142736|6196, 142737|6389, 142738|6510, 142743|6613, 142745|6716, 142749|6813, 142750|6941, 142752|7443, 142754|7629, 142759|9903, wencelas+square+prague, 
142764|2415, 142765|2515, 142768|2611, 142778|3120, 142780|3360, 142782|3484, 142791|3994, 142798|4345, 142800|4492, 142802|4618, 142808|4780, 142809|4968, 142818|5073, 142826|5171, 142871|5270, 142946|5411, 143258|5644, 143433|5797, 143454|5929, 143455|6171, 143464|6361, 143466|6499, 143471|6584, 143475|6675, 143477|6757, 143479|6840, 143483|6927, 143488|7532, 143493|9836, peking, 
143494|2639, 143498|2755, 143501|2878, 143508|3041, 143511|3196, 143515|3477, 143521|3672, 143526|4230, 143528|4354, 143530|4519, 143533|4653, 143538|4756, 143544|4873, 143551|4987, 143569|5135, 143570|5268, 143586|5438, 143641|5569, 143654|5674, 143873|5842, 144064|5972, 144126|6176, 144135|6377, 144136|6525, 144141|6810, 144142|7018, 144145|7137, 144146|7266, 144148|7408, 144150|7511, 144152|7622, 144157|10015, mirabell+gardens, 
144158|2330, 144162|2416, 144163|2527, 144166|2650, 144169|2947, 144180|3341, 144185|3596, 144189|3886, 144194|4236, 144201|4467, 144209|4615, 144210|4755, 144211|4866, 144212|5085, 144226|5241, 144227|5386, 144230|5560, 144242|5688, 144299|5860, 144578|6064, 144628|6236, 144633|6536, 144634|6680, 144636|7372, 144638|7566, 144643|9873, acropolis+of+athens, 
144644|2330, 144646|2406, 144649|2516, 144652|2624, 144653|2960, 144664|3409, 144665|3539, 144670|3749, 144674|4003, 144677|4338, 144688|4575, 144692|4724, 144701|4838, 144711|4950, 144712|5075, 144724|5273, 144728|5458, 144732|5570, 144741|5689, 144791|5806, 144903|5970, 145023|6120, 145060|6236, 145063|6330, 145065|6433, 145066|6643, 145071|6746, 145072|6861, 145077|6970, 145079|7130, 145081|7494, 145082|7607, 145086|7969, 145091|9877, eiffel+tower, 
145096|2449, 145098|2648, 145100|2808, 145110|3024, 145113|3315, 145114|3495, 145122|3798, 145131|4408, 145132|4517, 145134|4644, 145141|4779, 145142|4881, 145165|5038, 145170|5154, 145176|5317, 145188|5452, 145456|5801, 145545|5990, 145600|6075, 145607|6194, 145608|6568, 145609|6669, 145611|6798, 145615|7309, 145616|7402, 145618|7494, 145625|8146, 145628|8278, 145633|9937, big+ben, 
145635|2408, 145638|2518, 145639|2604, 145642|2760, 145652|3133, 145654|3328, 145656|3559, 145661|3673, 145665|3832, 145670|4384, 145675|4560, 145681|4667, 145682|4775, 145690|4894, 145696|5004, 145701|5143, 145702|5387, 145718|5552, 145719|5654, 145730|5754, 145734|5873, 145944|6031, 146046|6163, 146053|6291, 146058|6391, 146059|6491, 146065|6600, 146066|6725, 146068|7660, 146072|7933, 146077|9900, eiffel+tower, 
146078|2377, 146082|2484, 146083|2586, 146085|2673, 146087|2969, 146094|3256, 146098|3489, 146099|3615, 146108|3966, 146109|4285, 146119|4501, 146123|4633, 146129|4881, 146136|5074, 146137|5214, 146148|5310, 146153|5431, 146347|5639, 146513|5838, 146607|6153, 146611|6284, 146612|6488, 146613|6586, 146618|6777, 146621|6866, 146623|6946, 146627|7044, 146630|7140, 146635|10009, cape+town, 
146636|2542, 146640|2674, 146643|2811, 146644|2940, 146652|3170, 146655|3485, 146656|3612, 146664|3740, 146666|4317, 146671|4510, 146673|4820, 146680|5118, 146681|5231, 146696|5342, 146763|5513, 147132|5803, 147216|6013, 147217|6112, 147221|6223, 147224|6707, 147226|6802, 147228|6904, 147232|7007, 147233|7101, 147234|7177, 147239|7263, 147244|9913, singapore, 
147245|2340, 147249|2427, 147250|2544, 147253|2657, 147256|2914, 147263|3073, 147265|3316, 147266|3471, 147267|3609, 147275|3861, 147287|4533, 147288|4709, 147290|4942, 147304|5149, 147314|5476, 147366|5630, 147562|5854, 147653|5991, 147809|6200, 147958|6373, 147980|6476, 147985|6590, 147989|7147, 147992|7631, 147997|7726, 147999|7838, 148004|8089, 148005|8528, 148010|8623, 148011|8742, 148014|8869, 148019|9807, the+great+wall+of+china, 
148020|2425, 148024|2540, 148025|2654, 148028|2797, 148030|2950, 148038|3318, 148041|3467, 148046|3654, 148050|3820, 148053|4649, 148058|4772, 148063|4922, 148068|5066, 148083|5428, 148098|5572, 148109|5803, 148128|5951, 148498|6247, 148499|6372, 148503|6473, 148504|6774, 148505|6875, 148506|7097, 148511|7263, 148514|7404, 148519|7494, 148520|7576, 148526|8011, 148527|8106, 148529|8199, 148530|8302, 148535|9773, colosseum+rome, 
148540|2429, 148541|2554, 148543|2672, 148544|2895, 148552|3156, 148553|3339, 148555|3507, 148557|3631, 148566|4134, 148576|4539, 148581|4704, 148584|4881, 148593|5410, 148595|5615, 148613|5774, 148690|5901, 148862|6078, 149029|6236, 149058|6456, 149065|6552, 149066|6735, 149068|6821, 149074|6901, 149076|7010, 149077|7080, 149078|7153, 149082|7239, 149087|9997, cape+town, 
149088|2407, 149092|2508, 149093|2597, 149095|2697, 149099|2995, 149106|3375, 149108|3499, 149113|3901, 149118|4376, 149119|4469, 149120|4547, 149122|4835, 149123|5105, 149124|5187, 149126|5460, 149128|5548, 149132|5634, 149134|5726, 149136|5824, 149138|6403, 149140|6498, 149142|6590, 149143|6681, 149145|7047, 149146|7307, 149157|7464, 149159|8022, 149160|8101, 149161|8223, 149166|8460, 149197|8647, 149207|9136, 149574|9774, 149580|9978, 149585|10590, empire+state+building, 
149586|2364, 149590|2482, 149591|2579, 149594|2697, 149596|2984, 149604|3259, 149607|3470, 149608|3565, 149617|3924, 149621|4250, 149623|4402, 149627|4544, 149630|4681, 149634|4830, 149650|4944, 149656|5206, 149672|5333, 149684|5750, 149715|5895, 149997|6092, 150076|6261, 150079|6358, 150080|6544, 150084|6636, 150086|7114, 150087|7283, 150090|7508, 150094|8058, 150099|9876, colosseum+rome, 
150100|2468, 150104|2567, 150105|2665, 150108|2798, 150110|2900, 150118|3241, 150122|3489, 150129|3824, 150138|4345, 150142|4484, 150151|4716, 150168|4920, 150175|5078, 150310|5333, 150389|5556, 150395|5708, 150396|5966, 150397|6088, 150398|6288, 150399|6396, 150400|6624, 150402|6738, 150404|7431, 150406|7527, 150411|9935, wencelas+square+prague, 
150416|2378, 150417|2473, 150420|2558, 150423|2918, 150430|3153, 150432|3326, 150434|3540, 150441|4139, 150446|4451, 150451|4574, 150453|4801, 150458|4932, 150470|5120, 150503|5344, 150533|5518, 150581|5669, 150738|5887, 150815|6046, 150823|6177, 150827|6331, 150829|6777, 150830|6877, 150831|7110, 150832|7224, 150833|7407, 150836|7501, 150841|7625, 150842|7704, 150846|7889, 150847|7980, 150852|9866, burj+khalifa, 
150857|2319, 150858|2456, 150860|2549, 150861|2914, 150872|3275, 150877|3570, 150882|3683, 150884|4418, 150890|4574, 150896|4760, 150897|4917, 150900|5060, 150918|5221, 151118|5425, 151228|5668, 151236|5863, 151242|6363, 151244|6473, 151247|7022, 151248|7266, 151251|7345, 151254|7426, 151255|7513, 151257|7604, 151260|7687, 151264|7960, 151269|9895, pyeongchang, 
151274|2393, 151275|2524, 151276|2614, 151279|2718, 151282|3002, 151290|3377, 151296|3850, 151306|4207, 151308|4354, 151311|4560, 151312|4655, 151318|4835, 151320|4936, 151334|5088, 151350|5261, 151354|5515, 151362|5638, 151376|5776, 151615|6057, 151753|6245, 151760|6365, 151762|6466, 151767|6576, 151768|6692, 151769|7170, 151772|7292, 151774|7408, 151778|7764, 151783|9931, colosseum+rome, 
151784|2314, 151789|2439, 151792|2524, 151794|2913, 151803|3310, 151805|3475, 151815|3778, 151816|4226, 151821|4351, 151826|4549, 151827|4667, 151829|4785, 151830|4888, 151843|5465, 151849|5714, 151870|5838, 151871|5939, 151872|6030, 151874|6303, 151875|6581, 151876|6658, 151877|6899, 151878|6986, 151880|7261, 151881|7585, 151882|7665, 151883|7921, 151887|9922, big+ben, 
151888|2329, 151893|2476, 151895|2661, 151897|2910, 151908|3319, 151915|3623, 151917|3871, 151922|4356, 151926|4502, 151927|4590, 151930|4711, 151932|4843, 151937|4955, 151963|5227, 152046|5452, 152160|5612, 152175|5779, 152177|6241, 152179|6460, 152181|6770, 152187|7204, 152190|7349, 152196|7441, 152198|7629, 152200|7728, 152201|8039, 152206|9883, wencelas+square+prague, 
152211|2507, 152212|2602, 152214|2686, 152216|2981, 152224|3313, 152227|3454, 152243|4377, 152248|4524, 152255|4612, 152256|4699, 152262|4826, 152270|4951, 152273|5084, 152276|5402, 152290|5509, 152296|5736, 152304|5847, 152395|5985, 152571|6227, 152621|6384, 152626|6486, 152627|6901, 152629|7391, 152633|7839, 152638|9976, eiffel+tower, 
152643|2432, 152647|2620, 152657|3315, 152659|3485, 152661|3618, 152666|3855, 152669|4063, 152670|4249, 152677|4467, 152681|4589, 152692|4815, 152712|5064, 152726|5236, 152733|5361, 152934|5545, 153165|5817, 153175|5925, 153177|6020, 153178|6114, 153181|6217, 153183|6738, 153185|7338, 153189|7488, 153190|7587, 153192|7685, 153195|7781, 153200|9939, taipei+101, 
153205|2430, 153206|2527, 153209|2776, 153211|2870, 153213|2961, 153222|3333, 153223|3529, 153228|3663, 153230|3840, 153232|4298, 153235|4578, 153238|4721, 153248|4965, 153251|5089, 153276|5358, 153319|5495, 153328|5632, 153407|5777, 153516|5927, 153574|6044, 153610|6171, 153614|6266, 153615|6362, 153620|6466, 153621|6758, 153623|6883, 153624|6976, 153626|7445, 153629|7549, 153635|7650, 153637|7746, 153642|7930, 153647|9882, burj+khalifa, 
153650|2430, 153652|2543, 153653|2627, 153656|2766, 153659|2998, 153670|3454, 153676|3753, 153679|3936, 153686|4367, 153692|4527, 153693|4655, 153696|4772, 153701|4892, 153713|5007, 153726|5190, 153767|5367, 153778|5492, 153898|5765, 153958|5892, 154053|6024, 154056|6164, 154066|6262, 154067|6356, 154072|6457, 154073|6545, 154074|6673, 154075|7574, 154080|7678, 154081|7791, 154082|7884, 154087|8060, 154092|9945, burj+khalifa, 
154097|2497, 154098|2632, 154101|2741, 154103|3059, 154112|3372, 154113|3527, 154115|3628, 154123|3932, 154132|4508, 154133|4656, 154140|4897, 154141|5129, 154144|5254, 154152|5376, 154223|5618, 154331|5808, 154401|5937, 154470|6042, 154576|6211, 154654|6366, 154698|6506, 154738|6629, 154768|6726, 154793|6824, 154794|6926, 154798|7006, 154799|7090, 154800|7165, 154801|7580, 154802|7681, 154807|9861, peking, 
154809|2399, 154812|2506, 154816|2606, 154819|2991, 154826|3298, 154827|3441, 154829|3677, 154837|3992, 154842|4271, 154844|4451, 154847|4565, 154853|4716, 154861|4878, 154862|5177, 154873|5296, 154979|5506, 155151|5718, 155298|5913, 155324|6064, 155329|6289, 155331|6612, 155340|6701, 155342|6788, 155345|6865, 155351|6953, 155357|7472, 155359|7815, 155360|7908, 155365|9828, cape+town, 
155366|2323, 155370|2415, 155371|2527, 155374|2615, 155383|3095, 155386|3323, 155390|3864, 155392|3962, 155400|4264, 155405|4471, 155413|4629, 155415|4782, 155420|4893, 155431|5000, 155433|5167, 155450|5695, 155453|5917, 155462|6023, 155514|6135, 155708|6325, 155780|6491, 155786|6598, 155787|6900, 155788|6996, 155790|7475, 155793|7570, 155797|7864, 155802|9941, eiffel+tower, 
155804|2468, 155808|2580, 155809|2669, 155812|2832, 155815|2962, 155822|3223, 155824|3486, 155826|3752, 155834|3936, 155835|4655, 155838|4812, 155848|5049, 155853|5194, 155863|5321, 155905|5494, 156151|5712, 156277|5853, 156391|5971, 156406|6093, 156410|6186, 156412|6752, 156413|6842, 156419|7081, 156422|7166, 156424|7243, 156426|7331, 156427|7416, 156429|7686, 156432|7764, 156433|8020, 156438|9997, pyongyang, 
156439|1384, 156440|2376, 156444|2482, 156445|2578, 156448|2673, 156451|2962, 156461|3429, 156463|3585, 156472|4115, 156477|4396, 156483|4561, 156488|4769, 156490|4929, 156500|5041, 156507|5159, 156800|5418, 156930|5542, 156970|5697, 157019|5884, 157028|6021, 157029|6130, 157035|6273, 157038|6905, 157041|7098, 157045|7176, 157046|7254, 157048|7330, 157053|7457, 157058|9806, singapore, 
157059|2533, 157063|2621, 157064|2706, 157067|2819, 157080|3495, 157088|3835, 157089|4386, 157094|4526, 157104|4749, 157105|4952, 157109|5126, 157119|5253, 157317|5545, 157385|5719, 157436|5942, 157444|6050, 157450|6153, 157451|6251, 157452|6669, 157453|6780, 157454|7002, 157455|7088, 157460|7241, 157463|7323, 157466|7482, 157471|7589, 157472|7722, 157477|9958, pyeongchang, 
157482|2498, 157483|2627, 157486|2716, 157489|3016, 157500|3457, 157511|3943, 157512|4331, 157517|4439, 157518|4559, 157522|4838, 157523|4936, 157524|5033, 157526|5160, 157530|5269, 157536|5498, 157537|5859, 157538|5951, 157540|6200, 157542|6533, 157543|6817, 157544|6894, 157545|7094, 157546|7201, 157548|7290, 157549|7398, 157553|9793, big+ben, 
157556|2536, 157558|2629, 157559|2730, 157564|2889, 157572|3057, 157576|3570, 157585|3783, 157592|4363, 157598|4553, 157600|4651, 157601|4755, 157606|4870, 157609|4971, 157630|5100, 157641|5271, 157660|5433, 157706|5551, 157792|5740, 157911|5925, 158006|6051, 158084|6170, 158167|6286, 158202|6451, 158206|6598, 158208|6810, 158209|6949, 158211|7438, 158213|7614, 158214|10341, 158218|10463, mirabell+gardens, 
158220|2540, 158223|2635, 158224|2731, 158226|2865, 158229|3035, 158236|3242, 158238|3430, 158239|3549, 158247|3774, 158258|4489, 158259|4629, 158265|4799, 158267|5016, 158271|5131, 158281|5226, 158393|5408, 158416|5578, 158539|5784, 158622|5905, 158768|6080, 158903|6292, 158904|6415, 158908|6693, 158910|6772, 158919|6867, 158920|6952, 158924|7043, 158926|7142, 158927|7240, 158928|9152, 158933|9859, peking, 
158938|3336, 158939|3453, 158942|3563, 158944|3781, 158952|3901, 158954|4194, 158956|4375, 158964|4796, 158972|5282, 158976|5450, 158983|5741, 158985|5838, 159008|5958, 159009|6170, 159053|6305, 159106|6559, 159236|6776, 159302|6891, 159342|7024, 159353|7136, 159355|7234, 159356|7619, 159357|7706, 159360|8048, 159361|8177, 159366|8265, 159368|8379, 159369|8480, 159374|8571, 159379|10825, burj+khalifa, 
159380|2437, 159384|2563, 159385|2643, 159388|2851, 159392|3005, 159398|3250, 159400|3432, 159402|3585, 159411|4129, 159416|4634, 159419|4740, 159425|4865, 159431|5078, 159438|5225, 159483|5407, 159656|5627, 159777|5805, 159873|5947, 159963|6132, 159966|6220, 159971|6633, 159974|6753, 159978|6908, 159983|7052, 159984|7196, 159985|7551, 159989|7636, 159990|7706, 159991|7792, 159996|7877, 159997|11218, 160001|11398, singapore, 
160002|2401, 160006|2486, 160007|2603, 160010|2753, 160014|2875, 160020|3031, 160022|3386, 160024|3519, 160030|4192, 160035|4369, 160038|4491, 160040|4598, 160041|4683, 160042|4943, 160044|5034, 160045|5117, 160049|5203, 160050|5285, 160052|5373, 160054|5468, 160055|5551, 160056|5941, 160057|6035, 160058|6221, 160059|6314, 160061|6614, 160074|6758, 160077|7295, 160082|7531, 160083|7647, 160095|7842, 160108|7935, 160115|8120, 160117|8275, 160125|8533, 160310|8784, 160492|8933, 160498|9266, 160503|10094, empire+state+building, 
160508|2381, 160509|2486, 160511|2577, 160512|2824, 160514|2937, 160520|3250, 160523|3423, 160524|3550, 160532|3867, 160545|4621, 160546|4791, 160549|4935, 160564|5084, 160709|5380, 160815|5520, 160877|5709, 160884|5897, 160888|5998, 160890|6432, 160891|6527, 160892|6717, 160893|6845, 160897|7095, 160904|7177, 160906|7261, 160910|7357, 160917|7446, 160918|7739, 160919|7829, 160920|8002, 160925|9870, pyeongchang, 
160930|2406, 160931|2508, 160934|2609, 160937|2947, 160948|3323, 160953|3773, 160956|4039, 160961|4338, 160969|4514, 160976|4749, 160980|4894, 160985|5049, 160995|5152, 161041|5267, 161518|5649, 161615|5774, 161622|5893, 161624|6271, 161627|6379, 161628|6569, 161629|6660, 161630|6904, 161631|6984, 161635|7067, 161636|7150, 161638|7238, 161642|7310, 161643|7586, 161648|9831, peking, 
161649|2287, 161653|2409, 161654|2515, 161656|2633, 161658|2905, 161665|3070, 161668|3398, 161670|3580, 161678|3855, 161680|4020, 161682|4306, 161693|4646, 161700|4796, 161701|4933, 161704|5098, 161719|5273, 161942|5471, 162062|5598, 162164|5745, 162245|5908, 162249|5996, 162253|6097, 162258|6223, 162261|6372, 162264|6475, 162265|6760, 162267|6850, 162268|6962, 162270|7331, 162275|7411, 162276|7487, 162278|7596, 162281|7724, 162286|9926, pyongyang, 
162288|2416, 162291|2547, 162294|2640, 162295|2901, 162303|3063, 162307|3554, 162312|3784, 162315|4077, 162321|4557, 162324|4723, 162326|5028, 162344|5308, 162347|5455, 162349|5549, 162359|5691, 162490|5857, 162719|6037, 162935|6185, 163003|6311, 163015|6412, 163019|6513, 163020|6929, 163022|7032, 163023|7258, 163025|7369, 163030|7483, 163031|7589, 163033|7672, 163035|7755, 163038|7859, 163041|7954, 163046|9853, the+great+wall+of+china, 
163048|2387, 163051|2491, 163055|2608, 163061|3070, 163068|3493, 163069|3611, 163078|3980, 163079|4192, 163091|4491, 163098|4641, 163101|4761, 163106|4863, 163133|4970, 163135|5089, 163141|5304, 163156|5418, 163249|5554, 163573|5776, 163630|5984, 163666|6091, 163695|6295, 163702|6411, 163706|6617, 163709|6777, 163710|7483, 163711|7573, 163713|7745, 163718|9947, mirabell+gardens, 
163723|2514, 163724|2615, 163727|2697, 163729|2943, 163736|3165, 163738|3410, 163739|3548, 163740|3654, 163746|4168, 163751|4300, 163752|4403, 163755|4495, 163759|4589, 163760|4676, 163761|4776, 163762|4955, 163763|5048, 163764|5332, 163765|5415, 163766|5604, 163768|5703, 163769|5799, 163771|6275, 163772|6370, 163774|6474, 163775|6904, 163777|6995, 163779|7266, 163790|7413, 163791|7577, 163793|7817, 163794|7916, 163796|8066, 163801|8263, 163812|8522, 163832|8803, 163966|9492, 164212|9838, 164215|9987, 164220|10448, empire+state+building, 
164221|3737, 164225|3877, 164228|3970, 164235|4471, 164240|4752, 164241|4892, 164242|4996, 164250|5221, 164261|5845, 164263|5989, 164264|6151, 164271|6328, 164278|6668, 164293|6809, 164602|7074, 164803|7246, 164905|7379, 164909|7488, 164913|7620, 164921|8073, 164924|8154, 164929|8238, 164936|8338, 164940|8440, 164942|8523, 164943|9053, 164948|12451, peking, 
164950|2400, 164953|2495, 164956|2610, 164965|3092, 164969|3486, 164974|3725, 164977|4058, 164981|4286, 164986|4466, 164988|4602, 164996|4730, 164999|4951, 165008|5083, 165081|5256, 165328|5634, 165333|5842, 165337|5956, 165338|6050, 165344|6159, 165346|6257, 165347|6361, 165348|6485, 165349|6846, 165351|6941, 165352|7188, 165353|7572, 165357|7667, 165358|7754, 165359|7826, 165366|8151, 165371|9864, sydney+harbour, 
165372|2332, 165376|2433, 165378|2604, 165380|2736, 165382|2979, 165389|3212, 165391|3458, 165392|3585, 165393|3726, 165397|3838, 165402|3967, 165408|4373, 165416|4616, 165417|4710, 165419|4843, 165425|5011, 165454|5286, 165456|5447, 165468|5675, 165489|5825, 165681|5969, 165797|6128, 165804|6226, 165805|6329, 165806|6434, 165808|6534, 165809|6626, 165814|7584, 165815|7661, 165816|7744, 165821|7922, 165826|9885, petronas+towers, 
165831|2405, 165832|2533, 165835|2637, 165838|2953, 165847|3379, 165850|3549, 165859|4286, 165868|4535, 165874|4662, 165881|4937, 165884|5133, 165897|5267, 165903|5578, 165910|5700, 165993|5822, 166221|5999, 166356|6118, 166507|6245, 166566|6358, 166571|6563, 166575|6659, 166576|6770, 166582|6876, 166584|7214, 166590|7581, 166592|7678, 166597|7828, 166602|9932, the+great+wall+of+china, 
166607|2420, 166608|2539, 166610|2748, 166611|2888, 166619|3045, 166623|3379, 166624|3503, 166635|3967, 166643|4335, 166647|4456, 166651|4679, 166657|5159, 166658|5470, 166659|5566, 166661|5792, 166663|6119, 166667|6207, 166668|6299, 166671|6408, 166672|6723, 166673|6812, 166674|6997, 166675|7087, 166677|7182, 166678|7285, 166682|9868, big+ben, 
166683|2373, 166687|2490, 166688|2578, 166691|2704, 166697|3008, 166705|3475, 166711|4184, 166712|4285, 166713|4382, 166717|4473, 166719|4566, 166721|4958, 166722|5047, 166723|5127, 166725|5572, 166727|5674, 166728|5770, 166729|6214, 166734|6312, 166735|6410, 166737|6501, 166739|6598, 166752|6730, 166754|6991, 166756|7121, 166759|7252, 166760|7367, 166765|7612, 166779|7810, 166797|7910, 166807|8170, 166809|8510, 167083|8747, 167174|8932, 167180|9321, 167182|10093, 167187|10317, 167194|10714, empire+state+building, 
167195|2361, 167199|2437, 167200|2549, 167203|2648, 167207|2999, 167215|3292, 167217|3455, 167227|4029, 167233|4373, 167236|4564, 167238|4818, 167253|5242, 167254|5394, 167260|5615, 167270|5749, 167411|5905, 167575|6043, 167723|6179, 167892|6366, 167917|6487, 167927|6617, 167928|6723, 167932|6842, 167933|6931, 167939|7064, 167941|7158, 167943|7269, 167947|7384, 167948|7472, 167949|7552, 167951|7637, 167954|7739, 167959|9924, the+great+wall+of+china, 
167961|2428, 167965|2530, 167966|2620, 167968|2760, 167969|2902, 167977|3262, 167980|3457, 167981|3619, 167986|3751, 167989|3977, 167997|4417, 168002|4582, 168016|4827, 168018|5056, 168041|5192, 168050|5308, 168241|5529, 168419|5702, 168469|5838, 168482|5941, 168536|6053, 168541|6153, 168542|6281, 168548|6401, 168550|6960, 168552|7058, 168559|7153, 168560|7264, 168561|7341, 168563|7510, 168566|7601, 168571|9785, mt.+everest, 
168572|2357, 168576|2459, 168577|2554, 168580|2642, 168590|3163, 168592|3354, 168594|3516, 168602|3743, 168609|4382, 168612|4571, 168626|4752, 168640|4989, 168655|5126, 168795|5285, 169066|5594, 169117|5715, 169135|5821, 169136|5913, 169138|6227, 169140|6588, 169142|6699, 169146|6834, 169149|6948, 169154|7040, 169156|7140, 169161|7248, 169162|7338, 169163|7425, 169168|7514, 169173|9845, mt.+everest, 
169174|2370, 169178|2482, 169179|2580, 169181|2693, 169185|2994, 169193|3367, 169195|3520, 169203|3766, 169212|4432, 169217|4650, 169222|4808, 169224|5005, 169241|5490, 169242|5600, 169245|5700, 169254|5817, 169403|5964, 169679|6106, 169844|6232, 169900|6364, 169911|6472, 169916|6578, 169917|6987, 169918|7118, 169919|7311, 169921|7544, 169923|7725, 169928|9902, the+great+wall+of+china, 
169933|2341, 169934|2469, 169935|2562, 169938|2676, 169941|2934, 169949|3238, 169951|3443, 169959|3815, 169965|4283, 169979|4520, 169984|4711, 169987|4909, 169998|5051, 170054|5173, 170248|5366, 170310|5557, 170319|5784, 170320|6176, 170325|6270, 170327|6551, 170328|6855, 170329|6927, 170331|7151, 170337|7236, 170339|7356, 170341|7433, 170342|7517, 170347|9826, pyeongchang, 
170352|2500, 170355|2710, 170356|3010, 170364|3242, 170369|3521, 170377|3885, 170381|4361, 170388|4526, 170390|4703, 170406|4925, 170420|5135, 170423|5251, 170461|5401, 170813|5711, 170929|5963, 170934|6102, 170936|6207, 170938|6313, 170939|6405, 170940|6693, 170941|6791, 170942|7067, 170944|7455, 170947|7534, 170948|7621, 170949|7710, 170955|7804, 170960|9939, mt.+everest, 
170961|2430, 170965|2521, 170966|2640, 170969|2750, 170971|2997, 170979|3212, 170981|3444, 170983|3629, 170992|4064, 170994|4360, 170998|4482, 171000|4598, 171001|4693, 171006|4876, 171010|4980, 171021|5097, 171093|5524, 171138|5669, 171361|5978, 171378|6110, 171383|6214, 171385|6308, 171389|6421, 171391|6900, 171392|7008, 171393|7316, 171398|7584, 171399|7684, 171400|7768, 171402|7943, 171405|8028, 171410|9857, burj+khalifa, 
171411|2387, 171415|2487, 171418|2600, 171420|2966, 171427|3199, 171431|3516, 171436|3688, 171439|3844, 171440|4326, 171445|4472, 171452|4639, 171456|4786, 171457|4892, 171465|5303, 171472|5525, 171489|5676, 171706|5824, 171922|6044, 171930|6181, 171934|6281, 171937|6760, 171943|6844, 171948|6928, 171951|7003, 171957|7086, 171962|7423, 171963|7760, 171968|9850, cape+town, 
171969|2408, 171973|2507, 171974|2625, 171977|2730, 171980|2994, 171987|3264, 171989|3442, 171991|3620, 171999|3856, 172005|4407, 172018|4634, 172024|4853, 172029|4979, 172238|5243, 172555|5565, 172570|5724, 172575|5865, 172578|5970, 172582|6073, 172583|6179, 172585|6593, 172587|6691, 172592|6816, 172593|6910, 172595|6997, 172599|7084, 172601|7198, 172605|7279, 172606|7361, 172607|7431, 172609|7511, 172612|7610, 172617|9949, pyongyang, 
172622|2420, 172623|2537, 172626|2619, 172630|2988, 172640|3443, 172649|3935, 172657|4406, 172660|4557, 172664|4691, 172665|5027, 172681|5380, 172683|5516, 172687|5713, 172701|5854, 172730|6003, 173086|6262, 173091|6512, 173092|6613, 173094|6723, 173095|7489, 173096|7568, 173098|7915, 173103|9879, acropolis+of+athens, 
173108|2458, 173109|2607, 173112|2718, 173114|2982, 173124|3441, 173128|3587, 173133|3824, 173137|4446, 173139|4625, 173149|4783, 173150|4921, 173164|5128, 173413|5463, 173479|5633, 173487|5837, 173492|5947, 173493|6039, 173494|6144, 173495|6547, 173497|6639, 173498|6729, 173501|7204, 173502|7284, 173505|7362, 173508|7453, 173509|7531, 173514|7619, 173518|8188, 173523|9916, pyeongchang, 
173524|2363, 173528|2464, 173529|2567, 173532|2682, 173534|2953, 173542|3195, 173544|3465, 173546|3594, 173556|4392, 173558|4553, 173566|4751, 173571|4905, 173575|5052, 173598|5221, 173601|5384, 173610|5517, 173719|5705, 173875|5810, 174050|5988, 174051|6115, 174058|6215, 174062|6302, 174064|6693, 174066|6790, 174070|7382, 174074|7557, 174075|7655, 174080|7772, 174085|9891, taipei+101, 
174090|2420, 174094|2622, 174099|2989, 174105|3386, 174107|3509, 174109|3699, 174115|4245, 174127|4452, 174130|4671, 174144|4812, 174217|5074, 174371|5392, 174376|5685, 174379|6195, 174381|6806, 174382|6947, 174386|7327, 174388|7417, 174394|7518, 174395|7616, 174397|7716, 174401|7797, 174402|8078, 174407|10296, wencelas+square+prague, 
174408|2287, 174412|2374, 174413|2491, 174416|2598, 174418|2835, 174425|3054, 174429|3365, 174440|3914, 174442|4246, 174450|4419, 174451|4525, 174453|4608, 174460|4731, 174461|4826, 174462|4911, 174473|5055, 174474|5194, 174475|5374, 174490|5474, 174494|5584, 174501|5701, 174507|5809, 174542|5908, 174802|6117, 174822|6277, 174827|6403, 174831|6497, 174832|6700, 174833|6804, 174835|7068, 174836|7219, 174838|7416, 174842|7946, 174847|9852, eiffel+tower, 
174852|2519, 174853|2645, 174856|2798, 174858|2907, 174860|3024, 174868|3319, 174870|3547, 174871|3673, 174880|3775, 174885|4421, 174894|4633, 174896|4762, 174915|5189, 174918|5410, 174919|5515, 174932|5684, 174935|5878, 175128|6055, 175284|6280, 175316|6453, 175322|7050, 175324|7483, 175326|7564, 175329|7917, 175334|9914, acropolis+of+athens, 
175339|2410, 175341|2604, 175343|2753, 175346|3022, 175355|3375, 175357|3520, 175361|3648, 175366|3799, 175367|4317, 175370|4463, 175372|4588, 175378|4723, 175384|4860, 175401|4975, 175415|5172, 175430|5371, 175442|5493, 175580|5632, 175822|5853, 175917|6100, 175947|6264, 175983|6408, 175989|6850, 175992|7245, 175994|7360, 175996|7492, 175998|7661, 176003|9962, mirabell+gardens, 
176008|2396, 176009|2545, 176010|2647, 176013|2791, 176015|2904, 176022|3246, 176026|3446, 176033|3710, 176034|3861, 176044|4350, 176049|4512, 176061|4685, 176062|4819, 176074|4988, 176242|5228, 176491|5524, 176606|5708, 176612|5811, 176617|5918, 176621|6014, 176624|6156, 176628|6259, 176629|6580, 176630|6695, 176631|6941, 176632|7040, 176638|7221, 176639|7302, 176641|7396, 176643|7483, 176647|7622, 176652|9837, pyongyang, 
176657|2420, 176658|2545, 176659|2635, 176661|2743, 176662|2969, 176670|3215, 176673|3389, 176675|3905, 176677|4043, 176689|4364, 176695|4588, 176700|4827, 176706|5058, 176721|5204, 176826|5359, 176940|5730, 176944|5913, 176950|6094, 176951|6517, 176953|6621, 176954|6720, 176956|7240, 176957|7551, 176959|7659, 176961|7845, 176966|9962, wencelas+square+prague, 
176967|2310, 176971|2404, 176972|2512, 176975|2623, 176977|2920, 176984|3077, 176988|3315, 176993|3572, 176995|4075, 176999|4163, 177002|4310, 177003|4400, 177008|4494, 177010|4571, 177011|4655, 177012|4743, 177014|4836, 177015|4927, 177018|5478, 177020|5576, 177021|5676, 177022|5760, 177024|6126, 177025|6394, 177027|6493, 177038|7113, 177041|7528, 177043|7743, 177047|7862, 177059|7984, 177061|8115, 177079|8239, 177081|8484, 177091|8668, 177172|8903, 177458|9304, 177461|9485, 177464|9631, 177469|10332, empire+state+building, 
177471|2477, 177474|2612, 177478|2735, 177480|2915, 177488|3223, 177490|3432, 177492|3596, 177500|3987, 177506|4361, 177511|4523, 177519|4872, 177521|5213, 177525|5322, 177545|5464, 177648|5604, 177978|5895, 177986|6067, 177992|6189, 177996|6293, 177998|6741, 177999|6821, 178001|7079, 178002|7162, 178004|7257, 178009|9816, cape+town, 
178010|2336, 178012|2424, 178015|2534, 178016|2617, 178019|2747, 178029|3087, 178032|3292, 178033|3432, 178034|3540, 178044|3994, 178048|4289, 178055|4486, 178057|4648, 178070|5146, 178073|5326, 178084|5444, 178168|5598, 178592|5931, 178640|6110, 178713|6286, 178714|6792, 178724|6882, 178725|6966, 178726|7045, 178729|7138, 178737|7223, 178739|7304, 178741|7399, 178746|7520, 178747|9709, 178751|9841, peking, 
178752|2379, 178756|2481, 178757|2590, 178759|2718, 178768|3144, 178771|3448, 178773|3593, 178776|3707, 178781|3851, 178784|4467, 178787|4586, 178793|4726, 178799|4874, 178810|5003, 178828|5201, 178870|5403, 178882|5571, 178932|5737, 179096|5875, 179163|6030, 179167|6144, 179168|6437, 179169|6526, 179170|6719, 179172|6807, 179176|6903, 179178|7031, 179183|7199, 179185|7401, 179186|7482, 179190|7573, 179192|7688, 179193|7795, 179198|7953, 179203|9829, burj+khalifa, 
179204|2467, 179208|2614, 179210|2729, 179215|2930, 179222|3113, 179224|3364, 179227|3547, 179233|3705, 179239|4399, 179240|4516, 179250|4724, 179261|4834, 179276|5016, 179318|5191, 179329|5345, 179377|5512, 179540|5660, 179605|5808, 179611|5999, 179615|6128, 179617|6250, 179622|6347, 179623|6445, 179624|6551, 179627|6968, 179629|7156, 179631|7356, 179636|7442, 179637|7527, 179638|7618, 179641|7746, 179646|9820, burj+khalifa, 
179651|2487, 179652|2581, 179655|2686, 179658|2982, 179665|3262, 179666|3412, 179668|3517, 179677|3887, 179682|4390, 179687|4565, 179694|4886, 179695|5000, 179718|5239, 179719|5413, 179730|5525, 179732|5640, 179891|5781, 180086|5955, 180179|6117, 180246|6247, 180248|6345, 180253|6446, 180255|6548, 180256|6654, 180258|7086, 180260|7225, 180266|7618, 180267|7695, 180268|7779, 180270|7864, 180273|7956, 180278|9933, pyramids+of+giza, 
180279|2301, 180283|2387, 180284|2569, 180286|2714, 180287|2879, 180297|3233, 180299|3431, 180304|3631, 180307|4153, 180316|4388, 180321|4523, 180327|4725, 180334|4855, 180335|5024, 180338|5137, 180349|5265, 180480|5413, 180700|5540, 180793|5706, 180794|5837, 180803|5982, 180806|6118, 180810|6228, 180812|6326, 180815|6413, 180816|6498, 180817|6829, 180818|6957, 180823|9916, cape+town, 
180824|2540, 180828|2635, 180830|2744, 180832|2945, 180835|3072, 180841|3340, 180843|3498, 180845|3601, 180850|3810, 180853|3980, 180854|4175, 180859|4377, 180869|4552, 180871|4689, 180877|4811, 180880|5074, 180885|5156, 180895|5255, 180918|5346, 181198|5584, 181216|5718, 181268|5884, 181279|6057, 181284|6719, 181285|6789, 181286|6867, 181288|6947, 181291|7028, 181296|9924, toronto+canada, 
181298|2466, 181302|2588, 181305|2780, 181306|2927, 181314|3189, 181318|3544, 181322|3658, 181327|3774, 181329|4471, 181330|4632, 181336|4802, 181343|5060, 181362|5249, 181403|5422, 181613|5594, 181676|5752, 181683|5854, 181685|5954, 181687|6074, 181692|6174, 181693|6275, 181696|6375, 181697|6467, 181703|6623, 181704|6861, 181710|6947, 181711|7029, 181712|7109, 181715|7201, 181716|7282, 181717|7459, 181721|7537, 181722|7854, 181727|9865, pyeongchang, 
181728|2447, 181733|2617, 181735|2726, 181742|3124, 181746|3439, 181748|3638, 181757|3773, 181759|4323, 181764|4489, 181766|4638, 181767|4751, 181772|4852, 181773|4952, 181789|5131, 181791|5381, 181794|5669, 181804|5789, 181835|5916, 182092|6114, 182186|6258, 182191|6393, 182192|6487, 182193|6695, 182195|6811, 182196|7522, 182197|7601, 182199|7920, 182200|8019, 182205|9936, acropolis+of+athens, 
182207|2440, 182211|2578, 182212|2655, 182214|2756, 182223|3147, 182225|3405, 182227|3530, 182236|4039, 182238|4343, 182244|4501, 182249|4642, 182251|4737, 182260|4895, 182261|5033, 182264|5178, 182274|5323, 182355|5443, 182578|5752, 182643|5891, 182649|6008, 182655|6129, 182657|6231, 182661|6335, 182662|6429, 182667|6547, 182669|6889, 182671|7206, 182675|7310, 182676|7384, 182677|7460, 182679|7540, 182682|7631, 182687|9984, toronto+canada, 
182688|2370, 182692|2481, 182693|2617, 182696|2732, 182706|3233, 182710|3562, 182718|3702, 182719|4171, 182724|4329, 182728|4487, 182735|4690, 182737|4877, 182742|5012, 182792|5179, 183003|5347, 183069|5591, 183075|5763, 183083|5886, 183084|6091, 183085|6187, 183087|6601, 183088|6691, 183089|6867, 183091|7136, 183094|7221, 183096|7311, 183098|7391, 183101|7494, 183106|9881, pyeongchang, 
183107|2362, 183111|2510, 183115|2725, 183118|3002, 183129|3471, 183134|3657, 183137|3779, 183139|4641, 183142|4832, 183161|5083, 183174|5279, 183212|5504, 183479|5750, 183663|5944, 183687|6056, 183688|6157, 183690|6498, 183691|6588, 183692|6819, 183693|6911, 183694|7121, 183695|7238, 183701|7428, 183703|7510, 183705|7588, 183706|7674, 183708|7765, 183712|7973, 183717|9869, mt.+everest, 
183718|2422, 183723|2565, 183726|2668, 183729|2952, 183737|3266, 183740|3515, 183749|3870, 183754|4440, 183759|4569, 183762|4775, 183767|4919, 183769|5043, 183772|5198, 183803|5356, 183806|5535, 183808|5652, 183817|5778, 183854|5936, 184086|6093, 184208|6245, 184211|6376, 184212|6479, 184216|6580, 184218|7008, 184219|7284, 184220|7365, 184221|7458, 184223|7565, 184227|7921, 184232|9836, colosseum+rome, 
184237|2417, 184238|2542, 184240|2649, 184249|3070, 184251|3382, 184252|3538, 184253|3644, 184262|4017, 184269|4430, 184275|4574, 184280|4654, 184285|4804, 184289|4906, 184291|5007, 184301|5159, 184317|5598, 184328|5891, 184338|6002, 184644|6228, 184647|6340, 184652|6546, 184657|6653, 184659|6759, 184663|6846, 184664|6965, 184665|7094, 184667|7270, 184669|7562, 184673|8134, 184678|9927, eiffel+tower, 
184683|2453, 184684|2593, 184687|2719, 184689|2965, 184698|3189, 184700|3538, 184708|3893, 184715|4365, 184723|4638, 184735|4832, 184736|5016, 184741|5158, 184755|5300, 184886|5414, 185089|5792, 185123|5945, 185130|6121, 185132|6456, 185133|6548, 185138|6649, 185140|6730, 185142|6827, 185147|6941, 185152|9772, toronto+canada, 
185157|3676, 185158|3784, 185161|3873, 185170|4408, 185173|4615, 185175|4747, 185183|5125, 185184|5329, 185193|5553, 185198|5730, 185205|5862, 185207|6029, 185217|6154, 185273|6404, 185538|6633, 185543|6800, 185548|6941, 185552|7034, 185553|7336, 185556|7433, 185558|7965, 185559|8069, 185561|8299, 185562|8462, 185566|8725, 185568|8826, 185569|8906, 185573|9226, 185578|11549, sydney+harbour, 
185580|2422, 185583|2514, 185584|2593, 185586|2710, 185587|2953, 185595|3263, 185604|3554, 185608|3712, 185610|4226, 185620|4491, 185622|4596, 185623|4721, 185629|4870, 185644|4998, 185646|5129, 185660|5334, 185672|5568, 185706|5735, 186055|5935, 186070|6129, 186074|6489, 186077|6594, 186079|7202, 186081|7387, 186085|7727, 186090|9995, colosseum+rome, 
186092|2528, 186096|2692, 186099|2782, 186101|3045, 186110|3399, 186112|3576, 186113|3680, 186125|4434, 186131|4599, 186137|4726, 186141|4815, 186147|5071, 186151|5192, 186154|5293, 186170|5415, 186171|5530, 186187|5751, 186200|6088, 186255|6209, 186588|6388, 186589|6510, 186592|6630, 186596|6731, 186598|6838, 186599|7670, 186600|7748, 186604|8241, 186609|9989, colosseum+rome, 
186610|2403, 186614|2494, 186615|2595, 186618|2684, 186621|2985, 186628|3180, 186630|3359, 186632|3498, 186641|3727, 186646|4277, 186650|4404, 186651|4548, 186653|4666, 186660|4819, 186682|5003, 186689|5303, 186701|5449, 186728|5581, 186957|5759, 187130|5916, 187209|6101, 187212|6197, 187217|6297, 187218|6727, 187220|6827, 187222|6929, 187224|7413, 187228|7529, 187229|7612, 187230|7693, 187235|7800, 187240|9940, pyramids+of+giza, 
187245|2419, 187246|2555, 187248|2651, 187253|3008, 187258|3225, 187261|3481, 187273|4185, 187278|4409, 187280|4517, 187282|4642, 187283|4781, 187299|5207, 187300|5322, 187301|5443, 187312|5577, 187319|5695, 187563|5875, 187701|6061, 187703|6195, 187708|6504, 187709|6766, 187710|6875, 187713|7211, 187714|7298, 187717|7399, 187722|9923, acropolis+of+athens, 
187723|2356, 187727|2459, 187728|2574, 187731|2664, 187733|2932, 187740|3306, 187744|3439, 187749|3693, 187753|3959, 187756|4415, 187767|4620, 187773|4835, 187775|4943, 187783|5066, 187785|5252, 187799|5388, 187801|5528, 187811|5658, 187814|5792, 187940|5937, 188128|6071, 188133|6232, 188138|6342, 188142|6460, 188143|6672, 188145|6769, 188146|6869, 188147|7292, 188149|7387, 188150|7498, 188152|7591, 188153|7713, 188158|8161, 188163|9922, eiffel+tower, 
188165|2630, 188168|2710, 188170|2818, 188172|2947, 188181|3205, 188184|3485, 188185|3647, 188190|3800, 188195|3973, 188197|4446, 188199|4573, 188202|4713, 188206|4806, 188213|4933, 188220|5042, 188223|5148, 188230|5397, 188246|5536, 188247|5643, 188249|5729, 188258|5853, 188299|5967, 188574|6232, 188580|6486, 188581|6579, 188583|6884, 188584|7185, 188585|7476, 188586|7562, 188591|8150, 188596|9907, eiffel+tower, 
188597|2390, 188601|2528, 188602|2641, 188605|2759, 188607|2897, 188614|3059, 188617|3385, 188619|3529, 188627|3813, 188633|4232, 188636|4420, 188640|4558, 188654|4727, 188671|5010, 188679|5120, 188834|5371, 189020|5554, 189126|5734, 189129|5850, 189134|5967, 189136|6356, 189137|6653, 189138|6749, 189139|6963, 189141|7089, 189145|7268, 189147|7375, 189148|7476, 189153|7669, 189158|10025, taipei+101, 
189162|2418, 189164|2536, 189167|2636, 189168|2926, 189176|3125, 189179|3473, 189181|3594, 189190|3803, 189195|4445, 189201|4626, 189204|4762, 189212|4923, 189233|5096, 189234|5376, 189243|5473, 189246|5585, 189363|5721, 189678|5877, 189756|6046, 189763|6169, 189765|6487, 189770|6588, 189772|7096, 189773|7434, 189778|7551, 189779|7637, 189780|7724, 189785|7835, 189790|9917, pyramids+of+giza, 
189791|2518, 189796|2690, 189799|2785, 189809|3208, 189811|3456, 189813|3731, 189822|4311, 189828|4486, 189831|4617, 189837|4768, 189841|4911, 189846|5087, 189869|5229, 189871|5393, 189883|5675, 189887|5780, 190059|5924, 190327|6126, 190392|6273, 190399|6381, 190401|6707, 190402|7036, 190403|7612, 190407|7703, 190408|7779, 190409|7874, 190411|8003, 190414|8102, 190419|9984, pyramids+of+giza, 
190424|2494, 190425|2614, 190428|2748, 190430|2882, 190432|2972, 190438|3166, 190440|3392, 190442|3558, 190450|3933, 190455|4503, 190469|4783, 190470|4971, 190486|5095, 190747|5405, 190892|5593, 191020|5752, 191021|5884, 191029|6006, 191033|6102, 191034|6399, 191037|6520, 191041|6626, 191042|6717, 191044|6862, 191050|6978, 191052|7096, 191056|7189, 191057|7266, 191060|7360, 191063|7441, 191068|9800, pyongyang, 
191073|2441, 191074|2557, 191076|2691, 191085|3217, 191089|3607, 191097|3794, 191098|4245, 191106|4429, 191107|4536, 191113|4730, 191126|4868, 191141|5166, 191192|5368, 191311|5575, 191426|5719, 191466|5850, 191469|5946, 191475|6349, 191477|6656, 191481|6752, 191482|6845, 191488|6961, 191489|7350, 191491|7448, 191495|7545, 191496|7642, 191498|7835, 191501|7936, 191503|9838, 191506|9958, burj+khalifa, 
191508|2457, 191511|2574, 191512|2661, 191514|2770, 191516|3057, 191523|3300, 191525|3437, 191527|3615, 191531|3732, 191536|3909, 191537|4472, 191542|4614, 191544|4694, 191546|4804, 191551|4902, 191564|5014, 191582|5152, 191591|5320, 191619|5485, 191677|5592, 191974|5774, 192138|6099, 192145|6295, 192154|6461, 192157|6628, 192161|6731, 192162|7038, 192164|7172, 192165|7295, 192168|7518, 192169|7598, 192171|7689, 192172|7775, 192173|7853, 192174|8289, 192175|8403, 192180|9976, mirabell+gardens, 
192182|2444, 192186|2561, 192187|2664, 192189|2772, 192198|3126, 192200|3386, 192202|3500, 192207|3638, 192216|4261, 192218|4390, 192220|4535, 192222|4625, 192228|4828, 192247|4988, 192248|5184, 192260|5346, 192267|5474, 192483|5624, 192698|5813, 192703|5955, 192707|6061, 192711|6146, 192716|6246, 192718|6361, 192719|6789, 192720|7374, 192724|7490, 192725|7588, 192726|7676, 192731|7855, 192736|9875, taipei+101, 
192741|2527, 192742|2637, 192744|2768, 192746|2984, 192753|3248, 192756|3400, 192758|3650, 192767|3839, 192770|4692, 192774|4794, 192781|5031, 192803|5207, 192804|5356, 192814|5564, 192839|5677, 193199|5965, 193322|6166, 193338|6293, 193340|6395, 193341|6495, 193344|7008, 193345|7297, 193346|7388, 193352|7603, 193353|7704, 193354|7792, 193359|7900, 193364|9861, pyramids+of+giza, 
193365|2377, 193369|2474, 193370|2576, 193374|2723, 193380|3011, 193386|3318, 193388|3530, 193396|3924, 193403|4553, 193406|4641, 193409|4773, 193418|4936, 193445|5229, 193454|5479, 193461|5580, 193651|5746, 193787|5900, 193791|6068, 193795|6175, 193797|6453, 193798|6738, 193799|6832, 193801|7104, 193802|7360, 193804|7493, 193806|7755, 193811|9902, petronas+towers, 
193812|2397, 193816|2537, 193817|2622, 193819|2734, 193820|2952, 193828|3128, 193830|3404, 193836|3679, 193841|3876, 193845|4411, 193848|4576, 193852|4663, 193854|4774, 193860|4890, 193872|4977, 193886|5134, 193890|5373, 193897|5481, 193923|5587, 193984|5730, 194143|5961, 194273|6147, 194355|6289, 194453|6473, 194461|6599, 194462|6900, 194463|7405, 194464|7491, 194467|7887, 194472|9869, mirabell+gardens, 
194473|2665, 194477|2779, 194478|2874, 194481|2963, 194492|3529, 194493|3725, 194495|3841, 194505|4377, 194511|4710, 194516|4842, 194518|4965, 194521|5112, 194533|5279, 194545|5418, 194547|5520, 194558|5655, 194588|5784, 194821|5956, 194985|6102, 195000|6244, 195008|6354, 195009|6456, 195011|6541, 195015|6650, 195017|6941, 195019|7056, 195020|7586, 195025|7746, 195026|7911, 195027|8039, 195029|8168, 195032|8255, 195037|10217, taipei+101, 
195039|2424, 195042|2562, 195043|2655, 195046|2846, 195049|3055, 195055|3287, 195060|3595, 195069|3843, 195070|4273, 195075|4424, 195080|4585, 195081|4667, 195082|4782, 195089|4890, 195107|5005, 195114|5202, 195125|5353, 195134|5451, 195282|5609, 195611|5869, 195646|6052, 195682|6234, 195687|6470, 195691|6712, 195693|6836, 195695|7091, 195698|7234, 195699|7486, 195700|7568, 195702|7653, 195707|9906, mirabell+gardens, 
195709|2424, 195712|2543, 195714|2644, 195717|2764, 195726|3149, 195728|3347, 195734|3704, 195739|4046, 195741|4175, 195748|4420, 195749|4682, 195751|4785, 195765|5003, 195767|5224, 195778|5419, 195785|5554, 195983|5700, 196166|5907, 196170|6244, 196171|6342, 196172|6554, 196174|6687, 196176|6797, 196178|6972, 196179|7193, 196180|7303, 196182|7564, 196187|9868, acropolis+of+athens, 
196188|2571, 196192|2691, 196195|2806, 196204|3280, 196205|3433, 196207|3576, 196208|3673, 196224|4461, 196225|4572, 196228|4716, 196230|4830, 196240|5019, 196256|5191, 196266|5327, 196272|5464, 196459|5610, 196705|5786, 196713|5908, 196718|6038, 196720|6188, 196724|6282, 196726|6740, 196727|7031, 196728|7151, 196734|7592, 196736|7736, 196741|7947, 196746|9863, taipei+101, 
196751|2475, 196752|2592, 196754|2685, 196755|2921, 196764|3195, 196765|3394, 196767|3552, 196778|4007, 196779|4348, 196787|4495, 196788|4634, 196791|4763, 196792|4885, 196798|5051, 196811|5184, 196828|5426, 196831|5565, 196839|5681, 196873|5788, 197221|6005, 197284|6175, 197353|6322, 197354|6529, 197358|6633, 197359|6913, 197361|7039, 197362|7610, 197366|7702, 197367|7785, 197368|7854, 197373|8033, 197378|9984, pyramids+of+giza, 
197379|2401, 197383|2544, 197384|2647, 197386|2831, 197389|3008, 197398|3332, 197399|3491, 197400|3606, 197403|3840, 197408|4018, 197413|4292, 197418|4461, 197427|4973, 197428|5253, 197438|5403, 197470|5566, 197689|5750, 197821|5900, 197824|6029, 197830|6165, 197831|6412, 197832|6501, 197833|6676, 197839|6763, 197840|6837, 197841|6918, 197844|7001, 197849|7092, 197852|7168, 197853|7250, 197858|7370, 197863|9795, toronto+canada, 
197864|2477, 197868|2567, 197869|2687, 197872|2773, 197876|3067, 197884|3446, 197886|3699, 197894|4313, 197899|4539, 197902|4686, 197904|4796, 197914|4962, 197928|5113, 197940|5298, 197947|5502, 198330|5755, 198387|5970, 198389|6129, 198391|6233, 198395|6328, 198396|6434, 198398|6538, 198401|6663, 198402|6961, 198403|7052, 198405|7376, 198411|7531, 198413|7703, 198415|7798, 198418|7890, 198423|9880, taipei+101, 
198424|7754, 198428|7840, 198431|8082, 198434|8364, 198442|8678, 198444|8827, 198449|9155, 198452|9476, 198454|9733, 198468|9992, 198487|10210, 198502|10396, 198509|10530, 198539|10656, 198764|10858, 198947|10999, 199002|11136, 199008|11251, 199010|11367, 199011|11699, 199012|11791, 199013|12010, 199018|12129, 199021|12253, 199024|12422, 199025|12613, 199029|12699, 199030|12786, 199031|12881, 199036|13056, 199041|15239, mt.+everest, 
199042|2357, 199046|2501, 199047|2586, 199049|2718, 199052|3008, 199059|3263, 199062|3380, 199067|3581, 199071|3814, 199077|4259, 199082|4418, 199086|4498, 199092|4645, 199107|4818, 199119|5027, 199123|5145, 199133|5296, 199247|5429, 199458|5705, 199462|5834, 199466|5923, 199468|6252, 199469|6350, 199470|6447, 199472|6647, 199474|7139, 199477|7232, 199480|7576, 199485|9909, petronas+towers, 
199486|2461, 199490|2600, 199491|2688, 199494|2775, 199498|3018, 199504|3246, 199506|3443, 199508|3681, 199517|3873, 199522|4481, 199526|4631, 199528|4775, 199537|4907, 199541|5003, 199564|5232, 199573|5443, 199608|5548, 199637|5652, 199842|5835, 200060|6034, 200117|6251, 200128|6379, 200130|6912, 200131|7011, 200133|7291, 200136|7608, 200138|7777, 200143|9789, mirabell+gardens, 
200148|2477, 200149|2588, 200152|2684, 200164|3305, 200166|3464, 200176|3975, 200179|4377, 200190|4658, 200196|4786, 200206|4983, 200223|5161, 200239|5292, 200497|5534, 200647|5727, 200730|5917, 200738|6062, 200740|6174, 200744|6478, 200746|6582, 200748|6692, 200749|6787, 200751|7049, 200757|7363, 200758|7447, 200759|7538, 200764|7736, 200769|9875, mt.+everest, 
200773|2545, 200774|2657, 200777|2740, 200781|3082, 200788|3387, 200790|3657, 200795|3791, 200798|4011, 200800|4258, 200809|4460, 200811|4602, 200820|4780, 200822|4910, 200826|5061, 200840|5220, 201137|5466, 201140|5585, 201204|5739, 201215|5851, 201218|6395, 201219|6652, 201220|6788, 201221|6994, 201223|7161, 201227|7241, 201228|7317, 201230|7394, 201233|7505, 201234|8647, 201239|8743, 201243|8928, 201248|9842, toronto+canada, 
201253|2504, 201254|2618, 201255|2698, 201257|2829, 201261|3044, 201269|3375, 201271|3608, 201280|3992, 201282|4423, 201288|4582, 201290|4724, 201291|4872, 201296|5002, 201305|5200, 201308|5366, 201318|5510, 201332|5652, 201520|5821, 201760|6031, 201768|6193, 201775|6298, 201780|6441, 201781|6541, 201783|6628, 201787|6713, 201788|7095, 201790|7219, 201795|9927, cape+town, 
201796|2469, 201800|2584, 201801|2682, 201803|2789, 201804|2978, 201810|3193, 201814|3411, 201815|3593, 201816|3714, 201824|3873, 201825|4219, 201831|4425, 201834|4612, 201837|4750, 201854|5007, 201878|5183, 201887|5307, 202150|5553, 202302|5753, 202354|5850, 202368|5958, 202372|6051, 202375|6147, 202379|6253, 202380|6370, 202384|6480, 202387|6983, 202394|7291, 202395|7386, 202397|7485, 202402|7632, 202407|9959, mt.+everest, 
202408|2293, 202412|2377, 202413|2475, 202416|2574, 202424|3027, 202430|3333, 202435|3584, 202438|3845, 202446|4359, 202450|4497, 202451|4618, 202457|4752, 202458|5035, 202464|5144, 202477|5272, 202688|5433, 202776|5567, 202848|5710, 202857|5843, 202861|5976, 202862|6124, 202865|6279, 202872|6570, 202873|6663, 202874|6761, 202880|6893, 202885|9778, toronto+canada, 
202887|2548, 202890|2636, 202893|2749, 202896|2946, 202904|3338, 202906|3507, 202914|3798, 202920|4315, 202922|4428, 202926|4570, 202934|4713, 202961|5054, 202976|5200, 203313|5425, 203399|5673, 203466|5807, 203471|5921, 203476|6028, 203477|6155, 203478|6364, 203479|6462, 203480|6682, 203481|6785, 203482|7017, 203483|7310, 203487|7390, 203488|7486, 203489|7601, 203491|7692, 203494|7786, 203499|9821, mt.+everest, 
203500|2356, 203504|2439, 203505|2627, 203508|2755, 203512|3019, 203520|3401, 203522|3540, 203533|3999, 203534|4230, 203539|4387, 203542|4514, 203544|4616, 203545|4731, 203552|4914, 203573|5069, 203580|5219, 203583|5397, 203586|5521, 203595|5647, 203626|5774, 203926|5987, 203934|6304, 203936|6950, 203938|7458, 203940|7819, 203945|10363, petronas+towers, 
203946|2478, 203950|2598, 203954|2704, 203956|2923, 203960|3049, 203969|3491, 203974|3786, 203977|3951, 203984|4365, 203991|4592, 204002|5184, 204005|5292, 204018|5471, 204189|5631, 204333|5789, 204334|5953, 204340|6353, 204344|6457, 204345|6545, 204351|6650, 204353|6752, 204357|7277, 204362|7349, 204365|7432, 204366|7542, 204373|7932, 204378|9852, sydney+harbour, 
204379|2444, 204381|2524, 204384|2619, 204385|2699, 204388|2811, 204398|3198, 204401|3453, 204403|3590, 204411|3963, 204412|4332, 204421|4564, 204430|4818, 204439|5123, 204454|5271, 204703|5526, 204770|5683, 204774|5806, 204775|5903, 204779|6003, 204781|6507, 204782|6599, 204783|6827, 204785|6932, 204786|7028, 204787|7281, 204792|7681, 204793|7846, 204794|7931, 204802|8438, 204807|9926, sydney+harbour, 
204812|2435, 204813|2551, 204816|2636, 204818|2874, 204820|2986, 204828|3262, 204830|3581, 204840|4172, 204851|4668, 204853|4773, 204859|4952, 204864|5139, 204868|5295, 204878|5413, 204921|5548, 205181|5730, 205183|5851, 205248|6013, 205258|6128, 205259|6399, 205264|6535, 205266|6644, 205273|6749, 205277|6855, 205278|6941, 205282|7029, 205283|7266, 205288|7350, 205289|7595, 205294|9833, toronto+canada, 
205296|2472, 205299|2607, 205300|2700, 205302|2832, 205304|3051, 205312|3327, 205314|3501, 205315|3627, 205320|3738, 205323|3888, 205328|4357, 205334|4552, 205340|4735, 205345|4925, 205347|5064, 205359|5183, 205368|5292, 205663|5539, 205738|5829, 205743|6088, 205744|6518, 205748|6601, 205751|6689, 205753|6763, 205754|6843, 205760|6936, 205765|9971, toronto+canada, 
205770|2466, 205771|2599, 205774|2684, 205777|2987, 205784|3276, 205787|3509, 205796|4214, 205802|4567, 205805|4690, 205812|4831, 205818|5034, 205821|5125, 205833|5239, 205987|5414, 206152|5667, 206154|5797, 206157|5895, 206163|6273, 206165|6597, 206167|6719, 206168|6819, 206171|6965, 206172|7217, 206173|7315, 206177|7402, 206178|7485, 206179|7577, 206182|7818, 206185|7897, 206190|9904, sydney+harbour, 
206195|2479, 206196|2603, 206198|2711, 206199|2975, 206209|3365, 206212|3569, 206217|3697, 206220|3971, 206225|4290, 206228|4453, 206229|4592, 206237|4735, 206238|4884, 206241|5010, 206255|5152, 206465|5411, 206575|5654, 206580|5759, 206581|5874, 206586|6178, 206587|6267, 206588|6368, 206590|6484, 206591|7594, 206595|7682, 206596|7761, 206597|7917, 206605|8462, 206610|9836, sydney+harbour, 
206615|2505, 206616|2621, 206619|2714, 206621|2932, 206627|3061, 206631|3407, 206633|3595, 206641|3766, 206642|4267, 206653|4467, 206656|4627, 206664|4800, 206665|4914, 206674|5177, 206766|5466, 206990|5676, 207005|5800, 207008|5900, 207009|6287, 207010|6387, 207011|6590, 207013|6721, 207014|6825, 207015|7233, 207016|7374, 207018|7611, 207023|7694, 207024|7776, 207026|7861, 207033|8138, 207034|9759, 207038|9869, sydney+harbour, 
