||class android.content.Context:public abstract java.lang.Object android.content.Context.getSystemService(java.lang.String)||class android.app.usage.NetworkStatsManager:public android.app.usage.NetworkStats$Bucket android.app.usage.NetworkStatsManager.querySummaryForDevice(int,java.lang.String,long,long) throws java.lang.SecurityException,android.os.RemoteException||class android.app.usage.NetworkStats$Bucket:public long android.app.usage.NetworkStats$Bucket.getRxPackets()
49735|1, 49740|2129, 49741|2292, 49743|2410, 49754|3042, 49756|3177, 49761|3444, 49767|4028, 49768|4152, 49769|4249, 49770|4432, 49771|4539, 49772|4804, 49773|4889, 49775|5153, 49776|5426, 49778|5513, 49780|5599, 49784|5706, 49786|5795, 49788|5884, 49789|6056, 49791|6426, 49792|6698, 49793|6789, 49806|7077, 49809|7513, 49814|7748, 49826|8035, 49846|8201, 49848|8389, 49856|8554, 50032|8836, 50223|9149, 50226|9405, 50229|9533, 50234|10213, empire+state+building, 
50237|2316, 50240|2448, 50243|2536, 50246|2853, 50253|3064, 50255|3339, 50257|3457, 50266|3879, 50272|4355, 50274|4487, 50277|4609, 50292|5203, 50298|5544, 50307|5654, 50441|5836, 50685|6008, 50943|6208, 50968|6347, 50969|6762, 50974|6884, 50976|7123, 50977|7218, 50984|7304, 50986|7443, 50991|7621, 50996|9816, the+great+wall+of+china, 
50997|2360, 51001|2483, 51002|2579, 51003|2681, 51007|2838, 51018|3287, 51024|3492, 51029|3639, 51030|4144, 51037|4319, 51039|4465, 51040|4600, 51041|4704, 51058|5217, 51060|5320, 51072|5469, 51115|5613, 51263|5763, 51460|5999, 51462|6126, 51463|6234, 51467|6435, 51468|6529, 51471|6995, 51473|7248, 51474|7358, 51476|7436, 51481|9774, acropolis+of+athens, 
51486|2425, 51487|2508, 51489|2610, 51490|2874, 51498|3258, 51500|3418, 51502|3551, 51511|4045, 51522|4405, 51525|4525, 51532|4778, 51549|4993, 51565|5304, 51570|5454, 51579|5592, 51680|5726, 51906|5866, 51910|5985, 51916|6281, 51918|6478, 51919|6602, 51925|7476, 51926|7561, 51927|7756, 51932|8004, 51937|9870, petronas+towers, 
51939|2364, 51943|2484, 51946|2647, 51948|2883, 51957|3187, 51959|3358, 51960|3479, 51969|3716, 51970|4136, 51980|4283, 51984|4576, 51985|4700, 51986|4939, 51987|5060, 52002|5227, 52004|5338, 52006|5487, 52049|5806, 52310|6026, 52403|6189, 52405|6285, 52409|6387, 52412|6902, 52413|7169, 52414|7290, 52416|7374, 52417|7571, 52419|7646, 52424|9779, acropolis+of+athens, 
52425|2358, 52429|2477, 52430|2569, 52433|2695, 52443|3021, 52445|3340, 52447|3516, 52454|4127, 52458|4397, 52466|4522, 52470|4656, 52476|4827, 52492|4973, 52517|5140, 52710|5458, 52714|5664, 52716|5829, 52719|6165, 52720|6263, 52721|6420, 52722|6765, 52724|6870, 52726|7017, 52728|7454, 52730|7653, 52735|9846, wencelas+square+prague, 
52736|2277, 52740|2357, 52743|2529, 52752|3066, 52756|3385, 52761|3663, 52763|3803, 52773|4402, 52777|4554, 52780|4687, 52782|4798, 52791|5008, 52836|5141, 52931|5360, 53014|5654, 53021|5782, 53024|5964, 53030|6204, 53033|6635, 53034|6846, 53035|6951, 53036|7196, 53037|7367, 53039|7481, 53040|7618, 53042|7786, 53047|9816, 53049|11051, wencelas+square+prague, 
53050|2293, 53054|2372, 53055|2507, 53058|2622, 53061|2862, 53070|3196, 53073|3368, 53082|3652, 53088|4219, 53094|4393, 53096|4502, 53097|4633, 53108|4831, 53133|5031, 53134|5260, 53145|5361, 53148|5487, 53251|5612, 53464|5804, 53476|5921, 53477|6018, 53482|6124, 53484|6443, 53487|6556, 53488|6742, 53489|6974, 53490|7168, 53491|7298, 53494|7415, 53497|7591, 53498|7701, 53499|7955, 53500|8039, 53501|8143, 53506|9927, petronas+towers, 
53507|2352, 53511|2463, 53512|2542, 53515|2652, 53517|2901, 53527|3270, 53529|3430, 53539|4035, 53545|4205, 53547|4328, 53551|4491, 53552|4581, 53559|4721, 53561|4851, 53571|5002, 53584|5204, 53587|5481, 53629|5730, 53712|5869, 53800|5989, 53845|6098, 53897|6191, 54000|6396, 54021|6499, 54024|6592, 54025|7319, 54029|7419, 54030|7498, 54031|7567, 54037|8073, 54040|8174, 54042|9293, 54046|9392, 54050|9580, 54055|9801, big+ben, 
54056|2286, 54060|2361, 54061|2507, 54064|2734, 54067|2862, 54074|3040, 54076|3305, 54078|3446, 54086|3764, 54092|4383, 54100|4534, 54102|4879, 54116|5031, 54218|5244, 54302|5406, 54457|5677, 54535|5795, 54626|5922, 54630|6019, 54632|6123, 54636|6230, 54637|6342, 54642|6487, 54645|6607, 54649|6736, 54650|6934, 54652|7037, 54653|7136, 54658|7218, 54659|7307, 54661|7389, 54664|7469, 54666|7911, 54669|8013, 54674|9957, singapore, 
54675|2338, 54679|2420, 54680|2535, 54681|2624, 54683|2745, 54686|2889, 54693|3140, 54697|3486, 54708|4042, 54713|4428, 54714|4562, 54715|4670, 54728|4814, 54731|4954, 54735|5064, 54738|5291, 54739|5393, 54742|5640, 54746|5733, 54790|5825, 54855|6034, 54861|6187, 54863|6269, 54881|6373, 54883|6473, 54884|6552, 54885|6657, 54889|9662, 54890|9787, big+ben, 
54891|7308, 54895|7450, 54899|7561, 54906|7752, 54911|8057, 54914|8251, 54919|8411, 54921|9042, 54926|9194, 54931|9322, 54935|9445, 54941|9590, 55054|10005, 55175|10211, 55176|10337, 55180|10481, 55184|10655, 55185|10948, 55187|11051, 55188|11156, 55190|11642, 55191|11880, 55193|12025, 55195|12151, 55197|12362, 55202|14622, wencelas+square+prague, 
55207|2472, 55208|2560, 55211|2675, 55214|2834, 55221|2998, 55224|3280, 55226|3400, 55228|3833, 55236|4370, 55249|4622, 55257|4955, 55270|5192, 55339|5357, 55440|5494, 55561|5640, 55682|5812, 55809|5982, 55819|6086, 55821|6184, 55822|6294, 55823|6515, 55824|6628, 55825|6838, 55826|6953, 55827|7152, 55833|7255, 55834|7333, 55836|7411, 55839|7497, 55843|7610, 55848|9806, pyongyang, 
55853|2393, 55856|2638, 55863|3094, 55870|3408, 55875|3550, 55883|4345, 55884|4489, 55890|4615, 55894|4719, 55902|4876, 55908|5034, 55922|5190, 55923|5324, 55936|5481, 55946|5621, 56028|5734, 56107|5867, 56284|5990, 56381|6221, 56382|6322, 56390|6429, 56391|6530, 56393|6627, 56397|6731, 56398|7010, 56400|7159, 56402|7600, 56406|7718, 56407|7807, 56409|7977, 56412|8069, 56417|9792, taipei+101, 
56419|2458, 56422|2546, 56423|2631, 56426|2736, 56428|2857, 56430|2974, 56440|3366, 56448|3660, 56449|4244, 56458|4490, 56461|4663, 56467|4775, 56470|5181, 56484|5297, 56728|5550, 56855|5703, 56990|5840, 57014|5948, 57018|6055, 57020|6174, 57021|6271, 57023|6520, 57027|6882, 57035|6964, 57037|7043, 57039|7117, 57042|7199, 57050|7288, 57051|7375, 57053|7896, 57054|7963, 57055|8295, 57057|9721, 57060|9976, pyongyang, 
57061|2515, 57065|2628, 57067|2776, 57070|2889, 57074|3074, 57082|3449, 57084|3728, 57093|4066, 57097|4384, 57102|4520, 57103|4639, 57106|4789, 57108|4914, 57119|5596, 57141|5730, 57304|5902, 57324|6041, 57326|6158, 57327|6662, 57328|6740, 57329|6814, 57330|6901, 57331|7160, 57333|7243, 57337|9665, big+ben, 
57338|2424, 57342|2545, 57344|2667, 57348|2872, 57354|2989, 57360|3399, 57368|3664, 57377|4306, 57378|4451, 57380|4568, 57386|4670, 57400|4777, 57409|4901, 57410|5059, 57414|5183, 57422|5310, 57457|5542, 57577|5764, 57670|5962, 57724|6056, 57779|6152, 57806|6251, 57848|6350, 57849|6625, 57853|6726, 57856|7179, 57862|7279, 57864|7365, 57865|7441, 57866|7601, 57867|7677, 57873|7849, 57879|8548, 57880|8750, 57885|9883, big+ben, 
57886|2243, 57890|2368, 57893|2505, 57896|2883, 57903|3152, 57906|3385, 57915|3770, 57920|4369, 57925|4452, 57926|4548, 57933|4735, 57936|4856, 57955|5031, 57971|5175, 57983|5547, 57985|5656, 58116|5838, 58221|5956, 58344|6111, 58377|6221, 58383|6331, 58385|6450, 58386|7232, 58387|7315, 58391|7843, 58392|7946, 58397|10934, colosseum+rome, 
58399|2325, 58403|2442, 58404|2550, 58407|2657, 58417|2969, 58419|3281, 58421|3459, 58430|3999, 58433|4378, 58443|4563, 58444|4700, 58459|5080, 58461|5329, 58471|5457, 58506|5587, 58856|5813, 59066|5969, 59127|6139, 59133|6701, 59137|6844, 59139|6948, 59144|7100, 59145|7207, 59151|7312, 59153|7409, 59154|7501, 59155|7577, 59160|7706, 59165|9823, the+great+wall+of+china, 
59166|2510, 59170|2593, 59175|2873, 59186|3249, 59188|3382, 59196|3670, 59201|4228, 59207|4465, 59218|4667, 59221|4849, 59224|4985, 59237|5157, 59402|5434, 59628|5683, 59711|5845, 59757|5975, 59758|6222, 59762|6398, 59764|6569, 59770|6820, 59771|6924, 59772|6995, 59774|7067, 59777|7159, 59782|9766, singapore, 
59783|2274, 59787|2361, 59791|2503, 59795|2929, 59803|3264, 59805|3421, 59813|3787, 59818|4297, 59824|4553, 59831|4703, 59832|4866, 59845|5039, 59865|5180, 60081|5436, 60255|5709, 60347|5850, 60369|5978, 60374|6094, 60376|6199, 60377|6631, 60379|6745, 60380|6870, 60384|7170, 60389|7272, 60390|7367, 60393|7440, 60395|7533, 60400|9760, singapore, 
60405|2420, 60406|2566, 60413|2733, 60417|2872, 60422|3032, 60425|3386, 60429|3688, 60430|3933, 60431|4088, 60442|4246, 60443|4388, 60444|4545, 60447|4690, 60448|4811, 60450|4929, 60457|5083, 60485|5231, 60490|5431, 60492|5609, 60511|5755, 60515|5900, 60632|6064, 60732|6167, 60842|6307, 60851|6398, 60852|6474, 60853|6588, 60855|6770, 60856|7019, 60861|9672, petronas+towers, 
60863|2266, 60866|2361, 60867|2473, 60870|2555, 60880|3068, 60882|3249, 60884|3374, 60892|3673, 60893|4029, 60899|4227, 60901|4406, 60907|4565, 60908|4759, 60916|4888, 60941|5032, 61290|5303, 61370|5473, 61433|5672, 61444|5785, 61445|5894, 61447|6003, 61451|6114, 61452|6352, 61454|6507, 61456|6620, 61457|6750, 61459|6949, 61463|7065, 61464|7143, 61465|7225, 61470|7301, 61475|9854, singapore, 
61476|2408, 61480|2506, 61481|2605, 61484|2732, 61494|3186, 61496|3387, 61498|3521, 61507|4079, 61509|4340, 61513|4480, 61515|4606, 61517|4725, 61528|4946, 61546|5062, 61547|5298, 61561|5546, 61562|5695, 61564|5826, 61573|5933, 61581|6052, 61733|6273, 61872|6446, 61940|6567, 61976|6663, 61979|6811, 61980|7556, 61981|7642, 61985|8137, 61990|9950, colosseum+rome, 
61991|2555, 61995|2703, 62004|2850, 62013|3139, 62017|3453, 62025|3765, 62035|4276, 62040|4444, 62052|4653, 62054|4876, 62065|5001, 62088|5168, 62269|5460, 62371|5612, 62434|5712, 62504|5828, 62601|5976, 62668|6097, 62699|6260, 62706|6481, 62707|6602, 62709|6967, 62718|7049, 62720|7129, 62725|7237, 62731|7358, 62736|9924, peking, 
62739|2386, 62742|2502, 62745|2595, 62748|2954, 62755|3171, 62757|3416, 62759|3568, 62767|4062, 62774|4543, 62777|4848, 62784|5110, 62785|5320, 62795|5432, 62799|5535, 63000|5766, 63283|5980, 63418|6160, 63427|6317, 63430|6829, 63436|6921, 63439|6998, 63443|7081, 63448|7175, 63455|7271, 63456|7799, 63461|9716, peking, 
63462|2359, 63466|2447, 63467|2550, 63470|2686, 63474|2962, 63482|3366, 63484|3522, 63492|3905, 63497|4372, 63503|4558, 63515|4758, 63516|4925, 63517|5041, 63531|5228, 63728|5505, 63890|5679, 63979|5827, 63984|6375, 63985|6477, 63986|6682, 63987|6782, 63990|7064, 63998|7148, 64000|7234, 64003|7312, 64007|7393, 64009|7472, 64014|7685, 64015|7770, 64017|7847, 64022|9744, 64023|10193, cape+town, 
64027|2413, 64029|2546, 64032|2647, 64034|2921, 64042|3174, 64046|3503, 64057|4120, 64058|4383, 64066|4547, 64070|4675, 64087|5041, 64088|5160, 64102|5385, 64119|5674, 64122|5788, 64234|5890, 64423|6035, 64450|6160, 64453|6266, 64457|6371, 64460|6873, 64462|7199, 64466|7506, 64469|7799, 64474|9814, petronas+towers, 
64475|2364, 64479|2442, 64480|2547, 64482|2645, 64483|2916, 64493|3408, 64495|3580, 64503|3865, 64504|4250, 64509|4435, 64512|4590, 64513|4705, 64514|4853, 64530|5266, 64531|5371, 64536|5496, 64546|5613, 64628|5751, 64819|5893, 65089|6058, 65197|6188, 65204|6280, 65208|6395, 65210|6503, 65212|7023, 65213|7381, 65217|7473, 65218|7555, 65219|7629, 65221|7795, 65224|7909, 65229|9854, the+great+wall+of+china, 
65234|2396, 65235|2487, 65238|2593, 65239|2811, 65248|3103, 65250|3298, 65251|3418, 65259|3624, 65261|4162, 65271|4356, 65272|4464, 65287|5047, 65290|5168, 65323|5363, 65550|5569, 65625|5755, 65629|5865, 65630|5967, 65632|6439, 65633|6551, 65635|6764, 65637|6893, 65639|7059, 65643|7156, 65644|7249, 65645|7331, 65649|7697, 65652|7783, 65657|9763, sydney+harbour, 
65660|2355, 65663|2467, 65666|2551, 65676|3150, 65678|3326, 65680|3454, 65688|3887, 65693|4206, 65696|4358, 65697|4498, 65704|4659, 65710|5059, 65726|5222, 65868|5512, 65958|5641, 66038|5777, 66041|5877, 66046|6073, 66050|6159, 66051|6266, 66057|6395, 66062|6800, 66064|6875, 66065|6951, 66067|7035, 66070|7127, 66074|7605, 66076|7712, 66081|9918, pyeongchang, 
66086|2343, 66087|2455, 66090|2568, 66099|3026, 66103|3365, 66114|3929, 66119|4258, 66128|4509, 66129|4722, 66137|4919, 66159|5080, 66164|5329, 66169|5447, 66177|5558, 66281|5711, 66443|5929, 66520|6061, 66593|6170, 66682|6293, 66698|6426, 66699|6721, 66700|6833, 66701|7034, 66703|7539, 66706|7630, 66707|7711, 66708|7787, 66710|7868, 66713|7963, 66718|9829, pyramids+of+giza, 
66719|2266, 66724|2412, 66726|2496, 66727|2852, 66735|3019, 66739|3360, 66744|3592, 66754|4274, 66758|4440, 66765|4618, 66773|4807, 66776|5102, 66787|5227, 66843|5360, 67035|5520, 67136|5625, 67270|5846, 67305|5972, 67310|6288, 67314|6390, 67316|6495, 67321|6608, 67322|6894, 67323|7005, 67324|7182, 67325|7326, 67329|7404, 67330|7484, 67331|7566, 67333|7657, 67336|7760, 67341|9803, singapore, 
67342|2388, 67346|2513, 67350|2636, 67353|2927, 67360|3108, 67364|3416, 67371|3668, 67373|3804, 67378|4360, 67387|4593, 67389|4833, 67407|5017, 67421|5165, 67423|5336, 67429|5449, 67437|5559, 67532|5683, 67800|5904, 67880|6051, 67948|6269, 67952|6366, 67954|6473, 67955|6573, 67957|7001, 67958|7125, 67960|7762, 67964|7853, 67965|7944, 67967|8046, 67970|8169, 67975|9869, pyramids+of+giza, 
67976|2267, 67980|2361, 67981|2469, 67983|2569, 67986|2896, 67992|3118, 67995|3408, 68004|3623, 68010|4349, 68012|4650, 68021|4795, 68025|5009, 68036|5133, 68045|5243, 68283|5474, 68514|5730, 68570|5849, 68575|5952, 68579|6043, 68582|6490, 68586|6591, 68587|6674, 68589|6768, 68594|6846, 68596|6926, 68600|7009, 68602|7088, 68605|7172, 68611|7275, 68612|7355, 68613|7458, 68614|9760, 68618|9870, pyongyang, 
68619|2311, 68623|2433, 68624|2553, 68626|2656, 68628|2787, 68631|2910, 68638|3057, 68642|3401, 68647|3784, 68652|4266, 68653|4348, 68654|4455, 68656|4544, 68658|4659, 68659|4757, 68663|4842, 68664|4930, 68666|5022, 68667|5108, 68669|5378, 68670|5642, 68672|5737, 68673|5829, 68676|6322, 68677|6431, 68689|7620, 68692|8159, 68693|8267, 68698|8420, 68710|8686, 68731|8882, 68733|9089, 68743|9411, 68899|9626, 69042|9825, 69113|10070, 69116|10215, 69121|10631, empire+state+building, 
69122|2286, 69123|2371, 69127|2479, 69128|2573, 69131|2687, 69134|2949, 69140|3196, 69142|3368, 69144|3486, 69149|3800, 69154|4120, 69156|4228, 69158|4500, 69160|5034, 69162|5122, 69163|5217, 69165|5663, 69167|5756, 69168|5854, 69170|6336, 69173|6445, 69175|6534, 69179|6619, 69180|6722, 69182|6813, 69184|6904, 69196|7653, 69198|8126, 69199|8290, 69204|8450, 69216|8645, 69236|8846, 69246|9076, 69258|9424, 69569|9739, 69613|9929, 69616|10092, 69619|10243, 69624|10492, empire+state+building, 
69625|2308, 69629|2385, 69630|2514, 69632|2619, 69633|2852, 69641|3036, 69644|3287, 69645|3410, 69653|3853, 69660|4306, 69666|4469, 69670|4561, 69675|4740, 69693|4907, 69782|5129, 69854|5351, 69903|5502, 69908|5845, 69910|6106, 69912|6429, 69916|6536, 69918|6635, 69923|6738, 69924|6853, 69926|7372, 69928|7555, 69933|9825, wencelas+square+prague, 
69937|2339, 69938|2424, 69942|2529, 69950|2988, 69954|3282, 69956|3388, 69965|3851, 69971|4228, 69974|4397, 69976|4522, 69982|4693, 69983|4854, 69990|4989, 70000|5094, 70022|5182, 70120|5323, 70334|5505, 70563|5701, 70622|5839, 70628|5957, 70629|6082, 70637|6272, 70640|6418, 70644|6507, 70649|6595, 70650|6681, 70653|6766, 70656|6847, 70657|6931, 70662|7451, 70667|9872, peking, 
70668|2550, 70672|2631, 70673|2787, 70682|2938, 70684|3071, 70689|3358, 70695|3559, 70700|4111, 70702|4262, 70704|4391, 70707|4561, 70711|4654, 70718|4778, 70719|4882, 70743|5025, 70744|5170, 70754|5311, 70798|5446, 70817|5569, 70997|5732, 71209|5863, 71300|6056, 71306|6260, 71310|6419, 71315|6709, 71316|6924, 71318|7025, 71320|7168, 71321|7296, 71324|7410, 71326|7528, 71331|9846, mirabell+gardens, 
71336|2346, 71337|2454, 71338|2553, 71340|2702, 71343|2844, 71352|3229, 71359|3508, 71363|3805, 71368|4131, 71373|4391, 71382|4534, 71384|4682, 71386|4901, 71400|5162, 71401|5299, 71404|5474, 71416|5610, 71434|5755, 71706|5977, 71802|6151, 71807|6453, 71808|6596, 71809|7302, 71810|7402, 71812|7579, 71817|9798, acropolis+of+athens, 
71818|2250, 71819|2330, 71823|2434, 71824|2533, 71826|2666, 71827|2882, 71835|3223, 71839|3444, 71844|3665, 71848|3857, 71861|4488, 71864|4619, 71874|4753, 71885|4867, 71886|4976, 71888|5151, 71902|5378, 71903|5481, 71915|5599, 71935|5715, 72064|5885, 72170|6029, 72234|6158, 72235|6251, 72239|6352, 72240|6557, 72242|6660, 72246|6780, 72251|6890, 72253|7038, 72255|7403, 72256|7529, 72260|7886, 72265|9752, eiffel+tower, 
72266|2353, 72270|2471, 72271|2558, 72274|2706, 72278|2855, 72287|3227, 72288|3413, 72296|3714, 72301|4239, 72306|4439, 72307|4526, 72314|4694, 72316|4799, 72339|4939, 72340|5063, 72347|5223, 72359|5371, 72602|5681, 72715|5902, 72765|6002, 72781|6120, 72782|6495, 72783|6574, 72785|6701, 72787|7234, 72790|7326, 72792|7420, 72799|8052, 72802|8183, 72807|9837, big+ben, 
72808|2324, 72812|2428, 72813|2517, 72816|2661, 72824|2987, 72827|3219, 72830|3443, 72835|3588, 72839|3726, 72844|4285, 72847|4448, 72852|4581, 72856|4679, 72863|4802, 72866|4918, 72875|5030, 72892|5465, 72893|5567, 72903|5660, 72907|5790, 73050|5912, 73201|6057, 73227|6205, 73231|6304, 73233|6405, 73238|6511, 73240|6632, 73242|7577, 73246|7949, 73251|9818, eiffel+tower, 
73252|2299, 73256|2387, 73257|2503, 73259|2585, 73260|2881, 73268|3147, 73271|3393, 73273|3528, 73282|4154, 73290|4352, 73296|4544, 73301|4762, 73310|4979, 73317|5229, 73326|5342, 73471|5534, 73655|5705, 73773|6072, 73785|6203, 73787|6507, 73792|6692, 73795|6791, 73797|6870, 73801|6948, 73804|7065, 73809|9931, cape+town, 
73810|2430, 73814|2588, 73817|2715, 73822|3014, 73828|3360, 73830|3523, 73838|3742, 73839|4229, 73844|4407, 73845|4550, 73847|4723, 73854|4948, 73866|5245, 73911|5424, 74267|5661, 74390|5918, 74391|6021, 74395|6132, 74398|6616, 74400|6719, 74401|6808, 74406|6923, 74407|7015, 74408|7092, 74413|7173, 74418|9932, singapore, 
74419|2260, 74423|2337, 74424|2449, 74427|2571, 74429|2809, 74437|2966, 74439|3193, 74441|3521, 74449|3764, 74456|4375, 74462|4621, 74464|4772, 74467|5044, 74478|5168, 74486|5387, 74499|5517, 74711|5761, 74817|5901, 74954|6087, 75118|6286, 75153|6392, 75159|6506, 75162|7037, 75163|7162, 75165|7548, 75170|7633, 75172|7750, 75173|7839, 75178|8004, 75179|8439, 75181|8537, 75185|8655, 75188|8779, 75193|9863, the+great+wall+of+china, 
75194|2346, 75198|2456, 75199|2550, 75202|2706, 75204|2865, 75211|3188, 75215|3366, 75220|3549, 75224|3725, 75225|4459, 75232|4673, 75236|4836, 75240|4968, 75257|5279, 75272|5476, 75277|5720, 75286|5855, 75672|6125, 75673|6281, 75677|6385, 75678|6689, 75679|6788, 75680|7013, 75685|7148, 75688|7321, 75693|7406, 75694|7499, 75701|8025, 75702|8122, 75704|8208, 75709|9643, colosseum+rome, 
75714|2331, 75715|2472, 75717|2576, 75726|2990, 75727|3236, 75729|3419, 75731|3534, 75740|4001, 75747|4407, 75755|4614, 75757|4763, 75758|4895, 75766|5324, 75767|5422, 75769|5524, 75784|5680, 75840|5806, 75959|5920, 76184|6133, 76232|6341, 76239|6465, 76240|6651, 76242|6736, 76245|6820, 76250|6917, 76251|7000, 76256|7152, 76261|9885, cape+town, 
76262|2333, 76266|2422, 76267|2518, 76269|2593, 76271|2899, 76280|3295, 76282|3412, 76287|3786, 76292|4293, 76293|4391, 76294|4473, 76296|4757, 76297|5024, 76298|5111, 76300|5381, 76302|5472, 76306|5557, 76307|5643, 76310|5740, 76312|6325, 76314|6420, 76316|6505, 76317|6603, 76318|6972, 76319|7053, 76331|7382, 76333|7932, 76334|8025, 76339|8360, 76362|8547, 76371|8672, 76373|8985, 76703|9493, 76751|9874, 76754|10005, 76759|10507, empire+state+building, 
76760|2284, 76764|2393, 76765|2501, 76768|2602, 76770|2890, 76778|3153, 76780|3364, 76782|3484, 76791|3836, 76792|4157, 76797|4289, 76801|4460, 76802|4576, 76808|4746, 76813|4843, 76830|5093, 76845|5245, 76846|5345, 76858|5632, 76863|5791, 77073|5967, 77249|6170, 77253|6275, 77254|6454, 77258|6553, 77260|7019, 77261|7197, 77264|7410, 77268|7968, 77273|9771, colosseum+rome, 
77278|2495, 77279|2578, 77282|2714, 77284|2823, 77290|2977, 77296|3392, 77303|3743, 77312|4255, 77316|4407, 77324|4552, 77335|4835, 77346|4972, 77482|5237, 77561|5472, 77565|5617, 77569|5727, 77571|6010, 77573|6317, 77574|6539, 77575|6645, 77576|6773, 77578|7352, 77580|7550, 77585|9847, wencelas+square+prague, 
77587|2298, 77590|2395, 77591|2481, 77594|2582, 77597|2840, 77604|2996, 77606|3236, 77607|3384, 77608|3555, 77615|3901, 77620|4355, 77625|4499, 77627|4699, 77632|4844, 77644|5021, 77663|5253, 77702|5409, 77740|5583, 77898|5807, 77988|5943, 77997|6090, 78001|6245, 78003|6697, 78004|6794, 78005|7004, 78006|7144, 78007|7327, 78010|7410, 78015|7549, 78016|7628, 78018|7806, 78021|7901, 78026|9788, burj+khalifa, 
78027|2232, 78032|2363, 78034|2456, 78035|2798, 78045|3119, 78046|3332, 78051|3486, 78053|3592, 78056|3702, 78060|4459, 78070|4638, 78071|4802, 78074|4970, 78092|5111, 78191|5285, 78368|5526, 78409|5763, 78410|5878, 78416|6277, 78417|6384, 78418|6496, 78421|6931, 78424|7261, 78428|7342, 78429|7425, 78431|7513, 78434|7605, 78436|7869, 78438|7969, 78443|9805, pyeongchang, 
78447|2310, 78449|2443, 78453|2621, 78454|2917, 78462|3154, 78464|3492, 78469|3771, 78470|3912, 78480|4097, 78481|4254, 78485|4471, 78486|4574, 78491|4739, 78494|4855, 78508|5002, 78521|5181, 78524|5315, 78526|5424, 78536|5553, 78539|5693, 78696|5889, 78926|6166, 78934|6292, 78936|6382, 78941|6490, 78942|6617, 78943|7091, 78946|7198, 78948|7331, 78952|7692, 78957|9832, colosseum+rome, 
78958|2243, 78962|2359, 78963|2445, 78966|2571, 78968|2819, 78977|3212, 78979|3389, 78984|3658, 78989|3836, 78990|4142, 78994|4264, 78999|4441, 79001|4588, 79003|4681, 79004|4814, 79010|5289, 79022|5628, 79044|5752, 79045|5859, 79046|5949, 79047|6228, 79048|6347, 79049|6508, 79050|6584, 79051|6819, 79052|6910, 79053|7186, 79054|7264, 79055|7511, 79056|7589, 79057|7843, 79061|9835, big+ben, 
79062|2241, 79067|2389, 79069|2562, 79079|3096, 79089|3507, 79091|3780, 79092|4227, 79099|4406, 79101|4500, 79106|4746, 79109|4854, 79126|5069, 79218|5325, 79298|5497, 79348|5677, 79349|5806, 79351|6144, 79352|6367, 79353|6474, 79354|6676, 79355|6791, 79357|7049, 79364|7248, 79369|7352, 79370|7441, 79372|7535, 79373|7637, 79374|7738, 79375|7942, 79380|9731, wencelas+square+prague, 
79383|2395, 79385|2506, 79386|2584, 79388|2740, 79389|2856, 79397|3208, 79401|3355, 79416|4236, 79422|4409, 79426|4514, 79430|4604, 79433|4721, 79438|4848, 79447|4965, 79450|5296, 79464|5412, 79467|5639, 79476|5748, 79561|5887, 79731|6061, 79793|6283, 79800|6380, 79801|6792, 79802|7293, 79803|7379, 79807|7830, 79812|9873, eiffel+tower, 
79814|2357, 79817|2448, 79818|2542, 79821|2638, 79831|3131, 79833|3386, 79835|3538, 79840|3768, 79843|3969, 79849|4361, 79855|4510, 79865|4708, 79885|4929, 79894|5116, 79907|5280, 80055|5427, 80339|5713, 80346|5839, 80351|5942, 80352|6036, 80354|6138, 80355|6228, 80357|6645, 80358|7256, 80363|7408, 80364|7511, 80366|7605, 80369|7700, 80374|9836, taipei+101, 
80379|2343, 80380|2540, 80383|2675, 80387|2882, 80394|3136, 80397|3432, 80402|3578, 80404|3749, 80405|4199, 80408|4355, 80410|4629, 80422|4885, 80425|4996, 80449|5238, 80489|5391, 80502|5538, 80564|5677, 80681|5839, 80742|5956, 80784|6093, 80788|6180, 80789|6282, 80790|6376, 80794|6475, 80796|6793, 80798|6896, 80800|7362, 80803|7469, 80809|7557, 80810|7668, 80811|7752, 80816|7846, 80821|9799, burj+khalifa, 
80823|2357, 80826|2453, 80827|2548, 80830|2667, 80833|2921, 80844|3373, 80850|3623, 80853|3836, 80858|4251, 80865|4432, 80867|4582, 80869|4682, 80875|4800, 80880|4926, 80900|5102, 80937|5287, 80945|5401, 81037|5643, 81121|5812, 81225|5923, 81229|6084, 81240|6179, 81241|6277, 81246|6380, 81247|6473, 81248|6583, 81249|7498, 81254|7601, 81255|7704, 81256|7810, 81261|7988, 81266|9853, burj+khalifa, 
81268|2414, 81272|2549, 81275|2646, 81277|2972, 81285|3269, 81287|3431, 81289|3543, 81297|3842, 81305|4428, 81307|4560, 81313|4790, 81315|4998, 81318|5167, 81326|5291, 81366|5491, 81447|5646, 81561|5840, 81632|5956, 81727|6101, 81781|6238, 81862|6401, 81908|6546, 81939|6641, 81964|6737, 81968|6838, 81972|6925, 81973|7006, 81974|7081, 81975|7489, 81976|7601, 81981|9772, peking, 
81982|2316, 81986|2413, 81987|2501, 81990|2641, 81991|2891, 82000|3193, 82001|3339, 82003|3578, 82011|3895, 82016|4164, 82018|4333, 82021|4479, 82024|4623, 82034|4763, 82035|4953, 82047|5194, 82097|5386, 82286|5580, 82396|5742, 82498|5964, 82503|6204, 82504|6526, 82511|6616, 82516|6700, 82519|6780, 82525|6866, 82527|7387, 82531|7471, 82533|7733, 82534|7816, 82539|9863, cape+town, 
82540|2248, 82544|2324, 82545|2454, 82548|2663, 82557|2982, 82560|3247, 82564|3749, 82566|3884, 82572|4166, 82579|4359, 82587|4555, 82589|4673, 82594|4811, 82602|4922, 82607|5037, 82623|5619, 82624|5737, 82626|5834, 82636|5943, 82667|6054, 82847|6227, 82952|6411, 82959|6515, 82960|6625, 82961|6918, 82962|7074, 82964|7397, 82967|7484, 82971|7874, 82976|9852, eiffel+tower, 
82978|2391, 82982|2501, 82983|2590, 82986|2728, 82988|2866, 82996|3104, 82998|3370, 83000|3570, 83008|3838, 83009|4566, 83010|4713, 83022|4951, 83025|5103, 83037|5220, 83049|5361, 83293|5612, 83447|5767, 83519|5879, 83576|6004, 83584|6105, 83586|6675, 83587|6765, 83591|7002, 83595|7091, 83597|7162, 83598|7245, 83601|7330, 83602|7597, 83606|7687, 83607|7939, 83612|9919, pyongyang, 
83613|1388, 83614|2300, 83618|2381, 83619|2501, 83622|2580, 83624|2852, 83632|3242, 83637|3510, 83646|3952, 83651|4293, 83655|4448, 83662|4654, 83663|4843, 83668|4952, 83676|5071, 83956|5342, 84093|5455, 84135|5619, 84188|5779, 84199|5933, 84203|6038, 84206|6177, 84209|6282, 84212|6820, 84215|7016, 84219|7102, 84220|7176, 84222|7252, 84227|7374, 84232|9842, singapore, 
84233|2449, 84237|2538, 84238|2629, 84241|2729, 84254|3392, 84262|3745, 84263|4294, 84267|4420, 84272|4639, 84279|4852, 84281|5047, 84292|5157, 84453|5410, 84544|5619, 84609|5853, 84618|5958, 84623|6072, 84625|6171, 84626|6582, 84627|6691, 84628|6917, 84629|7014, 84634|7162, 84637|7247, 84640|7402, 84644|7500, 84646|7624, 84651|9874, pyeongchang, 
84652|2391, 84656|2541, 84658|2627, 84660|2772, 84662|2913, 84672|3339, 84674|3569, 84685|3846, 84690|4357, 84692|4462, 84696|4758, 84697|4852, 84699|5077, 84703|5187, 84710|5411, 84711|5775, 84712|5870, 84713|6121, 84714|6200, 84716|6455, 84717|6737, 84718|6816, 84720|7117, 84722|7212, 84723|7316, 84727|9835, big+ben, 
84729|2451, 84732|2549, 84733|2645, 84736|2797, 84742|2934, 84746|3175, 84750|3478, 84759|3687, 84765|4246, 84770|4448, 84774|4567, 84780|4775, 84782|4879, 84804|4996, 84810|5175, 84827|5330, 84868|5459, 84941|5609, 85071|5821, 85159|5958, 85239|6061, 85323|6193, 85376|6362, 85380|6499, 85381|6725, 85383|6844, 85384|7351, 85385|7444, 85387|7528, 85392|10374, mirabell+gardens, 
85393|2459, 85397|2555, 85398|2649, 85400|2769, 85402|2918, 85409|3150, 85411|3331, 85413|3460, 85421|3685, 85429|4388, 85433|4537, 85439|4705, 85441|4925, 85443|5044, 85453|5139, 85490|5261, 85568|5485, 85702|5682, 85766|5798, 85905|5979, 86074|6182, 86078|6326, 86081|6609, 86084|6692, 86093|6787, 86094|6875, 86098|6964, 86100|7062, 86101|7148, 86102|9053, 86107|9903, peking, 
86112|3256, 86113|3374, 86116|3472, 86120|3808, 86127|4090, 86129|4285, 86130|4406, 86138|4667, 86139|5090, 86150|5373, 86156|5635, 86158|5758, 86168|5870, 86183|6087, 86203|6201, 86237|6400, 86390|6683, 86474|6805, 86515|6936, 86527|7053, 86529|7157, 86530|7533, 86531|7622, 86534|7953, 86535|8090, 86538|8184, 86542|8286, 86543|8398, 86545|8493, 86548|8582, 86553|10713, burj+khalifa, 
86554|2353, 86558|2472, 86559|2568, 86562|2761, 86566|2897, 86572|3110, 86574|3344, 86576|3466, 86585|3996, 86590|4500, 86592|4654, 86594|4775, 86602|4971, 86608|5137, 86627|5300, 86822|5542, 86907|5672, 87038|5864, 87133|6025, 87140|6141, 87145|6539, 87148|6671, 87152|6824, 87154|6951, 87158|7109, 87159|7471, 87163|7556, 87164|7625, 87165|7709, 87167|7797, 87170|7910, 87175|11297, singapore, 
87180|2408, 87181|2527, 87184|2671, 87187|2800, 87194|2896, 87196|3292, 87198|3433, 87204|4077, 87209|4267, 87212|4410, 87214|4521, 87215|4609, 87217|4954, 87219|5042, 87223|5132, 87224|5211, 87226|5292, 87228|5389, 87229|5476, 87230|5863, 87231|5957, 87233|6237, 87234|6537, 87248|6662, 87251|7212, 87253|7432, 87257|7568, 87269|7741, 87271|7858, 87289|8011, 87290|8184, 87299|8411, 87413|8676, 87640|8846, 87666|9024, 87672|9173, 87677|10125, empire+state+building, 
87679|2297, 87683|2406, 87685|2606, 87687|2842, 87694|3119, 87697|3327, 87698|3446, 87706|3759, 87719|4537, 87720|4700, 87722|4842, 87734|4987, 87847|5278, 87988|5412, 88051|5584, 88057|5774, 88062|5914, 88064|6343, 88065|6440, 88067|6756, 88069|7017, 88078|7096, 88080|7181, 88084|7262, 88091|7363, 88092|7655, 88093|7743, 88094|7918, 88099|9782, pyeongchang, 
88104|2321, 88105|2426, 88108|2523, 88110|2855, 88122|3201, 88127|3670, 88130|3910, 88135|4184, 88143|4425, 88149|4641, 88154|4787, 88158|4961, 88168|5068, 88185|5180, 88645|5527, 88788|5688, 88793|5808, 88796|5913, 88801|6293, 88803|6579, 88804|6817, 88805|6904, 88809|6987, 88810|7071, 88812|7156, 88816|7233, 88817|7503, 88822|9736, peking, 
88827|2314, 88828|2436, 88830|2555, 88831|2811, 88839|2956, 88842|3268, 88844|3470, 88854|3932, 88856|4216, 88867|4561, 88874|4713, 88875|4852, 88876|4994, 88892|5185, 89079|5376, 89208|5505, 89312|5634, 89419|5817, 89422|5916, 89427|6022, 89432|6143, 89434|6268, 89438|6395, 89439|6685, 89440|6772, 89442|6881, 89444|7247, 89449|7335, 89450|7415, 89452|7511, 89455|7628, 89460|9853, pyongyang, 
89461|2332, 89465|2466, 89466|2551, 89468|2706, 89469|2820, 89471|2948, 89477|3209, 89480|3438, 89481|3578, 89486|3689, 89489|3972, 89495|4427, 89498|4610, 89499|4929, 89518|5178, 89521|5361, 89523|5465, 89533|5591, 89618|5759, 89851|5932, 90099|6098, 90175|6215, 90188|6314, 90193|6431, 90196|6941, 90198|7279, 90201|7386, 90205|7500, 90206|7591, 90208|7674, 90212|7761, 90215|7874, 90220|9698, the+great+wall+of+china, 
90221|2317, 90225|2417, 90226|2522, 90229|2655, 90234|2944, 90241|3418, 90243|3532, 90252|3792, 90259|4278, 90272|4568, 90275|4684, 90280|4784, 90297|4892, 90309|5001, 90311|5202, 90329|5345, 90357|5442, 90610|5633, 90804|5886, 90822|6003, 90869|6207, 90874|6335, 90878|6484, 90883|6699, 90884|7410, 90885|7497, 90887|7671, 90892|9853, mirabell+gardens, 
90897|2420, 90898|2618, 90901|2753, 90902|2862, 90910|3080, 90912|3307, 90914|3576, 90920|4081, 90925|4222, 90926|4324, 90928|4416, 90933|4509, 90934|4601, 90935|4698, 90937|4969, 90938|5252, 90939|5340, 90942|5618, 90943|5716, 90945|6196, 90946|6294, 90948|6393, 90949|6827, 90951|6920, 90953|7187, 90964|7304, 90965|7456, 90968|7832, 90970|7952, 90974|8137, 90986|8399, 91006|8839, 91077|9318, 91386|9739, 91389|9899, 91394|10371, empire+state+building, 
91395|3656, 91399|3753, 91400|3893, 91402|3978, 91408|4350, 91413|4650, 91415|4805, 91416|4915, 91424|5143, 91434|5713, 91437|5887, 91438|6044, 91445|6226, 91448|6589, 91467|6725, 91752|6990, 91975|7161, 92079|7295, 92082|7397, 92087|7525, 92091|7992, 92098|8078, 92103|8157, 92110|8260, 92114|8360, 92115|8446, 92116|8522, 92117|8958, 92122|12369, peking, 
92123|2325, 92127|2409, 92130|2521, 92132|2942, 92139|3238, 92142|3398, 92143|3540, 92148|3646, 92151|3948, 92152|4174, 92156|4341, 92162|4516, 92170|4635, 92171|4869, 92182|4999, 92226|5163, 92502|5556, 92507|5758, 92511|5882, 92512|5975, 92518|6084, 92519|6174, 92521|6286, 92522|6405, 92523|6763, 92525|6864, 92526|7101, 92531|7593, 92532|7679, 92533|7752, 92540|8078, 92545|9788, sydney+harbour, 
92550|2348, 92551|2531, 92554|2640, 92555|2872, 92563|3036, 92565|3344, 92566|3496, 92567|3636, 92571|3755, 92576|3870, 92577|4273, 92590|4530, 92591|4636, 92592|4757, 92598|4922, 92627|5170, 92630|5366, 92641|5585, 92644|5711, 92798|5872, 92971|6018, 92978|6146, 92979|6248, 92982|6449, 92983|6669, 92988|7502, 92989|7585, 92990|7664, 92995|7849, 93000|9810, petronas+towers, 
93002|2328, 93006|2456, 93009|2552, 93012|2877, 93019|3235, 93024|3460, 93033|4095, 93041|4457, 93047|4568, 93054|4835, 93057|5007, 93071|5184, 93074|5496, 93084|5610, 93118|5717, 93350|5892, 93500|6034, 93633|6157, 93740|6274, 93744|6474, 93749|6576, 93750|6687, 93756|6794, 93758|7129, 93764|7479, 93765|7600, 93766|7672, 93768|7753, 93771|7840, 93776|9786, the+great+wall+of+china, 
93778|2336, 93781|2456, 93782|2544, 93784|2661, 93785|2781, 93793|2938, 93796|3277, 93798|3411, 93809|3864, 93817|4246, 93821|4375, 93825|4595, 93831|5072, 93832|5388, 93833|5484, 93834|5706, 93835|5793, 93836|6039, 93841|6122, 93842|6219, 93845|6331, 93846|6640, 93847|6732, 93849|7004, 93850|7099, 93852|7190, 93856|9781, big+ben, 
93857|2289, 93861|2397, 93862|2497, 93865|2597, 93868|2869, 93877|3332, 93879|3572, 93885|4058, 93887|4301, 93891|4392, 93892|4484, 93893|4577, 93894|4878, 93896|4966, 93897|5051, 93898|5491, 93901|5591, 93902|5686, 93903|6136, 93905|6226, 93909|6324, 93911|6418, 93912|6515, 93926|6619, 93928|6909, 93930|7014, 93933|7161, 93939|7518, 93951|7723, 93971|7822, 93978|8073, 93981|8358, 94207|8639, 94348|8834, 94354|9230, 94355|9974, 94360|10222, 94361|10355, 94368|10634, empire+state+building, 
94373|2357, 94374|2469, 94377|2560, 94380|2916, 94388|3135, 94390|3347, 94391|3483, 94401|3873, 94406|4274, 94409|4457, 94412|4714, 94428|5311, 94433|5529, 94442|5640, 94570|5825, 94727|5953, 94866|6081, 95061|6231, 95083|6396, 95100|6526, 95102|6641, 95106|6755, 95107|6848, 95113|6970, 95114|7076, 95116|7184, 95121|7299, 95122|7390, 95123|7477, 95125|7557, 95128|7657, 95133|9847, the+great+wall+of+china, 
95135|2355, 95139|2447, 95140|2546, 95142|2675, 95143|2803, 95151|3081, 95154|3364, 95155|3509, 95160|3651, 95163|3856, 95170|4297, 95174|4495, 95189|4726, 95192|4942, 95212|5099, 95224|5226, 95397|5448, 95555|5600, 95643|5763, 95650|5856, 95704|5963, 95712|6068, 95716|6199, 95722|6323, 95724|6882, 95726|6981, 95729|7074, 95734|7181, 95735|7348, 95737|7430, 95740|7522, 95745|9819, mt.+everest, 
95750|2368, 95751|2473, 95754|2553, 95764|2995, 95766|3254, 95768|3434, 95773|3650, 95776|3770, 95782|4250, 95785|4474, 95791|4660, 95806|4875, 95827|5041, 95902|5180, 96228|5487, 96261|5609, 96306|5731, 96310|5826, 96311|6129, 96312|6245, 96314|6502, 96316|6606, 96320|6743, 96323|6861, 96327|6952, 96330|7056, 96335|7157, 96336|7255, 96337|7342, 96339|7432, 96342|7523, 96347|9748, mt.+everest, 
96348|2299, 96352|2390, 96353|2503, 96355|2598, 96358|2898, 96367|3195, 96369|3434, 96377|3901, 96384|4310, 96391|4568, 96396|4723, 96398|4896, 96414|5397, 96416|5519, 96418|5619, 96428|5738, 96513|5868, 96763|6008, 97012|6149, 97068|6277, 97085|6390, 97089|6504, 97090|6596, 97091|6912, 97092|7036, 97093|7229, 97095|7469, 97097|7644, 97102|9827, the+great+wall+of+china, 
97103|2249, 97108|2389, 97112|2578, 97114|2844, 97121|3090, 97125|3358, 97133|3705, 97139|4176, 97147|4400, 97158|4613, 97159|4804, 97172|4969, 97192|5066, 97403|5259, 97483|5423, 97493|5697, 97499|6188, 97500|6468, 97501|6560, 97502|6773, 97503|6853, 97505|7073, 97510|7148, 97512|7260, 97513|7352, 97516|7439, 97521|9925, pyeongchang, 
97523|2415, 97526|2530, 97529|2624, 97530|2923, 97538|3127, 97543|3439, 97551|3784, 97553|4258, 97561|4442, 97564|4589, 97571|4823, 97594|5023, 97597|5164, 97617|5308, 97909|5588, 98068|5861, 98108|6019, 98110|6119, 98112|6223, 98113|6325, 98114|6603, 98115|6708, 98116|6952, 98117|7377, 98121|7460, 98122|7539, 98123|7632, 98128|7725, 98129|7821, 98134|9858, mt.+everest, 
98135|2353, 98139|2441, 98140|2560, 98143|2672, 98150|3069, 98155|3349, 98157|3545, 98167|4263, 98172|4401, 98174|4504, 98175|4599, 98179|4772, 98184|4895, 98195|5005, 98260|5427, 98275|5582, 98503|5852, 98552|6022, 98556|6131, 98557|6226, 98563|6335, 98565|6820, 98566|6917, 98567|7211, 98570|7501, 98573|7598, 98574|7689, 98576|7857, 98579|7947, 98580|9760, 98584|9876, burj+khalifa, 
98585|2305, 98589|2388, 98590|2505, 98592|2606, 98593|2848, 98601|3068, 98604|3400, 98605|3582, 98613|3739, 98614|4223, 98619|4387, 98625|4538, 98629|4693, 98631|4801, 98639|5136, 98642|5436, 98663|5582, 98825|5721, 99096|5938, 99104|6085, 99108|6199, 99110|6677, 99116|6759, 99122|6845, 99123|6919, 99131|7007, 99135|7340, 99136|7415, 99137|7664, 99142|9754, cape+town, 
99143|2336, 99147|2418, 99148|2541, 99151|2646, 99154|2912, 99161|3088, 99163|3364, 99165|3536, 99173|3776, 99178|4322, 99186|4507, 99194|4726, 99201|4896, 99308|5115, 99710|5469, 99744|5637, 99749|5778, 99752|5892, 99753|5979, 99757|6101, 99759|6504, 99760|6607, 99762|6715, 99767|6834, 99768|6917, 99773|7008, 99774|7112, 99779|7198, 99780|7285, 99781|7359, 99783|7435, 99786|7532, 99791|9877, pyongyang, 
99795|2333, 99796|2451, 99799|2545, 99800|2653, 99803|2899, 99814|3327, 99823|3789, 99830|4289, 99834|4476, 99838|4615, 99841|5083, 99857|5436, 99859|5561, 99872|5753, 99878|5906, 100260|6150, 100261|6428, 100266|6538, 100268|6637, 100269|7409, 100270|7492, 100272|7829, 100277|9793, acropolis+of+athens, 
100282|2371, 100283|2511, 100286|2629, 100287|2892, 100297|3267, 100299|3494, 100302|3601, 100307|3731, 100311|4344, 100312|4497, 100323|4695, 100324|4819, 100335|5028, 100481|5191, 100629|5522, 100661|5731, 100666|5855, 100668|6057, 100669|6454, 100671|6547, 100672|6642, 100675|7121, 100676|7200, 100679|7279, 100682|7363, 100683|7446, 100685|7530, 100688|7618, 100692|8090, 100697|9833, pyeongchang, 
100698|2279, 100702|2365, 100703|2488, 100706|2585, 100712|3015, 100718|3367, 100719|3513, 100720|3641, 100730|4277, 100731|4442, 100739|4660, 100745|4798, 100748|4958, 100771|5114, 100774|5289, 100784|5413, 100851|5606, 101029|5726, 101212|5889, 101225|6031, 101232|6133, 101236|6223, 101238|6607, 101239|6704, 101240|6794, 101242|7207, 101248|7473, 101249|7569, 101251|7671, 101254|7805, 101259|9801, taipei+101, 
101263|2337, 101264|2455, 101265|2542, 101268|2665, 101270|2853, 101279|3243, 101281|3419, 101283|3619, 101288|4139, 101300|4347, 101304|4578, 101315|4727, 101347|4848, 101545|5296, 101550|5593, 101552|6112, 101553|6213, 101555|6726, 101556|6842, 101558|7247, 101561|7341, 101568|7426, 101569|7537, 101571|7633, 101575|7721, 101576|7995, 101581|10343, wencelas+square+prague, 
101582|2164, 101586|2248, 101587|2365, 101590|2463, 101591|2695, 101599|2854, 101603|3228, 101614|3761, 101615|4105, 101623|4239, 101625|4400, 101627|4482, 101629|4594, 101635|4701, 101636|4787, 101646|4922, 101648|5038, 101649|5243, 101663|5347, 101668|5451, 101672|5571, 101681|5678, 101711|5771, 101928|5964, 101996|6118, 102001|6270, 102005|6363, 102006|6565, 102007|6671, 102009|6925, 102010|7050, 102011|7284, 102012|7389, 102016|7815, 102021|9729, eiffel+tower, 
102026|2440, 102027|2569, 102030|2660, 102033|2943, 102040|3141, 102043|3464, 102045|3598, 102052|3693, 102054|3808, 102059|4288, 102068|4534, 102069|4679, 102070|4805, 102086|5086, 102092|5329, 102093|5437, 102100|5581, 102107|5735, 102271|5964, 102440|6180, 102490|6371, 102496|6972, 102497|7404, 102500|7491, 102503|7961, 102508|9836, acropolis+of+athens, 
102509|2318, 102513|2434, 102514|2524, 102517|2666, 102520|2940, 102529|3276, 102530|3428, 102535|3550, 102540|3714, 102541|4237, 102544|4359, 102546|4501, 102547|4599, 102558|4770, 102566|4887, 102587|5051, 102602|5284, 102616|5409, 102722|5534, 102963|5751, 103091|5958, 103102|6171, 103157|6321, 103162|6769, 103163|6861, 103165|7139, 103167|7267, 103170|7404, 103172|7583, 103177|9880, mirabell+gardens, 
103179|2325, 103182|2435, 103184|2566, 103186|2698, 103189|2820, 103195|3077, 103200|3338, 103208|3778, 103215|4237, 103223|4391, 103234|4596, 103236|4732, 103239|4876, 103344|5118, 103649|5440, 103780|5618, 103783|5736, 103791|5841, 103795|5937, 103798|6081, 103802|6184, 103804|6614, 103805|6859, 103806|6959, 103809|7148, 103813|7229, 103814|7324, 103817|7409, 103821|7536, 103826|9759, pyongyang, 
103829|2339, 103831|2432, 103832|2551, 103835|2664, 103842|3033, 103847|3297, 103851|3962, 103862|4275, 103869|4508, 103871|4744, 103874|4839, 103878|4967, 103892|5119, 103978|5248, 104110|5619, 104115|5820, 104124|5995, 104126|6529, 104128|6632, 104130|7135, 104131|7453, 104133|7572, 104135|7769, 104140|9876, wencelas+square+prague, 
104145|2321, 104146|2429, 104149|2523, 104150|2814, 104158|2969, 104161|3233, 104162|3353, 104167|3495, 104168|3987, 104173|4082, 104174|4199, 104177|4317, 104181|4403, 104182|4492, 104185|4575, 104186|4665, 104188|4755, 104189|4847, 104192|5397, 104193|5496, 104195|5592, 104196|5680, 104198|6044, 104199|6309, 104201|6408, 104212|7026, 104214|7404, 104215|7542, 104216|7651, 104221|7771, 104222|7884, 104233|8031, 104253|8147, 104265|8577, 104267|8753, 104632|9122, 104635|9394, 104638|9524, 104643|10254, empire+state+building, 
104644|2392, 104648|2531, 104650|2648, 104652|2804, 104662|3119, 104664|3313, 104666|3486, 104674|3852, 104680|4258, 104685|4426, 104692|4770, 104693|5009, 104695|5124, 104699|5239, 104718|5367, 104789|5516, 105115|5778, 105160|5983, 105165|6102, 105170|6205, 105172|6660, 105173|6740, 105174|6996, 105176|7080, 105178|7166, 105183|9855, cape+town, 
105185|2348, 105189|2448, 105190|2540, 105193|2661, 105197|2914, 105205|3196, 105206|3352, 105208|3460, 105216|3856, 105221|4195, 105229|4404, 105231|4548, 105240|5041, 105245|5226, 105257|5353, 105306|5506, 105766|5846, 105790|6015, 105880|6168, 105887|6339, 105895|6804, 105899|6893, 105901|7056, 105911|7146, 105913|7230, 105915|7325, 105920|7435, 105925|9760, peking, 
105926|2301, 105930|2394, 105931|2512, 105933|2611, 105935|2908, 105945|3359, 105946|3503, 105950|3624, 105955|3769, 105957|4361, 105961|4508, 105966|4611, 105972|4787, 105975|4888, 106002|5092, 106044|5325, 106056|5493, 106102|5613, 106212|5792, 106330|5944, 106341|6066, 106342|6362, 106343|6450, 106344|6634, 106345|6728, 106349|6826, 106351|6930, 106357|7116, 106359|7326, 106364|7494, 106366|7590, 106367|7722, 106372|7877, 106377|9753, burj+khalifa, 
106378|2386, 106382|2537, 106383|2629, 106386|2789, 106396|3004, 106398|3237, 106400|3463, 106403|3601, 106407|3771, 106413|4323, 106424|4595, 106426|4746, 106450|4928, 106476|5097, 106501|5246, 106540|5407, 106673|5577, 106776|5727, 106779|5820, 106783|5922, 106789|6016, 106790|6171, 106796|6270, 106797|6357, 106798|6474, 106801|6880, 106803|7078, 106804|7270, 106810|7360, 106811|7452, 106812|7540, 106815|7661, 106820|9894, burj+khalifa, 
106825|2352, 106826|2500, 106829|2590, 106831|2852, 106838|3178, 106840|3325, 106841|3439, 106842|3541, 106851|3779, 106852|4267, 106860|4466, 106861|4629, 106866|4792, 106868|4915, 106885|5123, 106892|5326, 106904|5438, 106906|5557, 106945|5646, 107169|5834, 107342|6024, 107417|6164, 107422|6265, 107427|6352, 107428|6463, 107430|6572, 107431|6967, 107434|7146, 107440|7541, 107441|7618, 107442|7699, 107444|7781, 107447|7873, 107452|9845, pyramids+of+giza, 
107454|2307, 107457|2407, 107458|2493, 107460|2622, 107461|2771, 107469|2901, 107473|3336, 107478|3548, 107481|4006, 107489|4275, 107494|4433, 107501|4644, 107503|4753, 107509|4932, 107512|5043, 107521|5169, 107590|5312, 107839|5439, 107966|5612, 107967|5742, 107976|5895, 107979|5997, 107984|6139, 107985|6241, 107989|6337, 107990|6421, 107991|6747, 107992|6881, 107997|9825, cape+town, 
107998|2458, 108002|2553, 108003|2659, 108006|2817, 108009|2980, 108015|3215, 108017|3411, 108019|3519, 108024|3728, 108027|3861, 108033|4274, 108043|4471, 108044|4588, 108046|4709, 108051|4830, 108053|4991, 108057|5075, 108068|5170, 108078|5249, 108371|5492, 108374|5616, 108441|5781, 108453|5947, 108458|6635, 108459|6787, 108462|6863, 108465|6952, 108470|9828, toronto+canada, 
108471|2350, 108475|2507, 108476|2591, 108479|2707, 108488|2990, 108491|3465, 108496|3567, 108501|3685, 108504|4526, 108510|4710, 108515|4922, 108532|5162, 108544|5280, 108754|5504, 108847|5658, 108857|5774, 108859|5874, 108861|5987, 108866|6091, 108867|6191, 108869|6290, 108871|6385, 108876|6536, 108877|6628, 108883|6870, 108884|6953, 108886|7032, 108889|7116, 108890|7208, 108891|7379, 108895|7463, 108896|7776, 108901|9777, pyeongchang, 
108902|2361, 108907|2525, 108909|2614, 108911|2971, 108920|3321, 108922|3535, 108931|3681, 108932|4218, 108937|4378, 108940|4541, 108941|4640, 108942|4764, 108947|4865, 108949|4996, 108965|5238, 108968|5572, 108978|5697, 108990|5829, 109234|6021, 109360|6169, 109365|6307, 109366|6402, 109367|6598, 109369|6718, 109370|7426, 109371|7516, 109374|7931, 109379|9818, acropolis+of+athens, 
109380|2345, 109384|2455, 109385|2572, 109388|2675, 109390|2958, 109399|3321, 109401|3438, 109410|3883, 109418|4408, 109422|4534, 109424|4647, 109434|4764, 109435|4932, 109448|5224, 109498|5356, 109750|5614, 109806|5792, 109823|5928, 109828|6037, 109830|6139, 109834|6254, 109835|6346, 109841|6470, 109842|6794, 109843|6903, 109844|7116, 109849|7233, 109850|7308, 109851|7382, 109853|7464, 109856|7551, 109861|9901, toronto+canada, 
109862|2290, 109866|2390, 109867|2517, 109870|2639, 109879|3120, 109884|3375, 109892|3852, 109897|4221, 109902|4399, 109908|4551, 109911|4763, 109913|4923, 109929|5044, 110177|5243, 110208|5463, 110248|5665, 110257|5796, 110258|6010, 110259|6102, 110260|6507, 110262|6612, 110263|6772, 110264|7053, 110268|7141, 110269|7225, 110270|7304, 110275|7403, 110280|9780, pyeongchang, 
110285|2390, 110289|2640, 110290|2881, 110298|3122, 110308|3521, 110311|3853, 110313|4523, 110314|4736, 110335|4956, 110348|5140, 110368|5397, 110593|5643, 110803|5843, 110861|5969, 110862|6073, 110865|6504, 110867|6832, 110869|7153, 110872|7338, 110876|7429, 110878|7512, 110880|7592, 110882|7682, 110884|7887, 110886|7993, 110891|9789, mt.+everest, 
110892|2341, 110897|2484, 110900|2575, 110903|2849, 110910|3096, 110914|3430, 110923|3792, 110928|4335, 110932|4492, 110933|4570, 110936|4687, 110941|4823, 110942|4948, 110945|5115, 110977|5264, 110979|5431, 110980|5573, 110991|5677, 110996|5843, 111216|5997, 111381|6158, 111385|6293, 111386|6394, 111390|6496, 111391|6924, 111392|7039, 111393|7194, 111394|7292, 111395|7378, 111397|7480, 111401|7844, 111406|9855, colosseum+rome, 
111408|2335, 111412|2452, 111414|2574, 111416|2938, 111425|3258, 111427|3569, 111436|3878, 111441|4229, 111449|4483, 111454|4582, 111458|4710, 111463|4830, 111465|4926, 111474|5071, 111475|5288, 111490|5521, 111491|5610, 111502|5810, 111505|5913, 111817|6129, 111821|6262, 111826|6471, 111831|6569, 111833|6680, 111837|6772, 111838|6879, 111839|7003, 111841|7155, 111843|7483, 111847|8057, 111852|9851, eiffel+tower, 
111854|2366, 111858|2513, 111861|2637, 111863|2872, 111870|3019, 111874|3411, 111882|3754, 111885|4248, 111896|4506, 111902|4712, 111910|4898, 111912|5057, 111925|5203, 111995|5321, 112229|5653, 112294|5851, 112304|6035, 112306|6371, 112311|6555, 112314|6651, 112316|6738, 112321|6861, 112322|9688, 112326|9829, toronto+canada, 
112331|3541, 112332|3694, 112335|3790, 112344|4212, 112347|4515, 112349|4651, 112357|5023, 112358|5221, 112366|5446, 112371|5603, 112379|5768, 112381|5922, 112384|6061, 112404|6268, 112655|6436, 112717|6699, 112722|6853, 112726|6955, 112727|7253, 112729|7349, 112730|7450, 112732|7875, 112733|7978, 112734|8187, 112736|8371, 112737|8642, 112741|8738, 112743|8823, 112747|9148, 112752|11430, sydney+harbour, 
112753|2331, 112757|2416, 112758|2508, 112760|2627, 112761|2860, 112769|3095, 112778|3438, 112782|3622, 112793|4390, 112796|4510, 112797|4625, 112803|4779, 112813|4880, 112819|5034, 112834|5177, 112838|5414, 112851|5616, 113185|5834, 113240|6027, 113244|6179, 113248|6393, 113250|6500, 113251|6607, 113253|7111, 113255|7298, 113259|7644, 113264|9910, colosseum+rome, 
113265|2450, 113269|2609, 113270|2693, 113273|2806, 113283|3245, 113285|3484, 113287|3598, 113299|4342, 113305|4508, 113311|4637, 113313|4734, 113315|4813, 113319|4953, 113323|5106, 113328|5211, 113344|5332, 113345|5427, 113360|5624, 113361|5793, 113372|5934, 113405|6113, 113710|6294, 113763|6416, 113768|6646, 113772|6742, 113773|7592, 113774|7667, 113778|8159, 113783|9876, colosseum+rome, 
113788|2401, 113789|2510, 113790|2597, 113792|2751, 113795|2904, 113802|3040, 113804|3261, 113805|3404, 113806|3562, 113815|3859, 113820|4171, 113823|4318, 113825|4459, 113833|4718, 113856|4884, 113862|5146, 113873|5352, 113882|5495, 114085|5661, 114304|5823, 114383|5981, 114386|6118, 114391|6217, 114392|6635, 114394|6740, 114396|6849, 114397|7325, 114402|7452, 114403|7537, 114404|7615, 114409|7716, 114414|9849, pyramids+of+giza, 
114416|2334, 114420|2473, 114422|2568, 114425|2877, 114431|3127, 114435|3390, 114446|4023, 114452|4306, 114454|4435, 114456|4542, 114457|4701, 114472|5107, 114474|5240, 114475|5365, 114486|5479, 114489|5614, 114607|5760, 114874|5928, 114877|6115, 114882|6423, 114883|6664, 114884|6793, 114887|7119, 114888|7218, 114889|7306, 114891|7444, 114896|9837, acropolis+of+athens, 
114901|2355, 114902|2578, 114905|2706, 114906|2824, 114914|3198, 114918|3350, 114923|3725, 114927|3869, 114940|4516, 114941|4617, 114947|4743, 114949|4856, 114957|4984, 114959|5150, 114973|5294, 114975|5441, 114977|5560, 114988|5706, 115028|5808, 115301|5969, 115306|6133, 115311|6253, 115316|6379, 115317|6578, 115319|6683, 115320|6782, 115321|7206, 115323|7305, 115324|7408, 115326|7506, 115327|7610, 115332|8174, 115337|9837, eiffel+tower, 
115338|2544, 115342|2635, 115344|2744, 115346|2870, 115348|2983, 115358|3408, 115359|3566, 115364|3692, 115369|3891, 115371|4363, 115373|4491, 115376|4637, 115380|4728, 115384|4846, 115388|4967, 115397|5067, 115404|5272, 115420|5444, 115421|5563, 115422|5652, 115432|5778, 115450|5878, 115701|6083, 115748|6302, 115753|6411, 115755|6501, 115757|6804, 115758|7091, 115760|7485, 115765|8072, 115770|9827, eiffel+tower, 
115771|2307, 115775|2427, 115776|2560, 115779|2664, 115781|2807, 115785|2939, 115791|3296, 115793|3440, 115801|3684, 115806|4071, 115809|4335, 115814|4467, 115828|4623, 115845|4877, 115852|5042, 115924|5256, 116122|5444, 116297|5653, 116303|5766, 116308|5886, 116309|6274, 116310|6373, 116311|6571, 116312|6661, 116314|6999, 116316|7175, 116320|7291, 116322|7394, 116327|7585, 116332|9936, taipei+101, 
116333|2334, 116337|2464, 116341|2548, 116350|3005, 116353|3383, 116354|3506, 116355|3607, 116364|3726, 116365|4342, 116375|4553, 116378|4667, 116384|4841, 116406|4993, 116408|5281, 116414|5396, 116420|5503, 116464|5611, 116831|5787, 116928|5945, 116937|6086, 116938|6405, 116943|6510, 116944|6610, 116946|7143, 116947|7359, 116952|7472, 116953|7562, 116954|7641, 116956|7761, 116959|7881, 116964|9839, pyramids+of+giza, 
116965|2423, 116969|2590, 116973|2690, 116983|3074, 116984|3315, 116985|3518, 116987|3621, 116996|4126, 117002|4390, 117004|4512, 117011|4676, 117015|4802, 117020|4981, 117042|5126, 117045|5293, 117050|5572, 117060|5683, 117179|5802, 117491|6018, 117565|6171, 117573|6286, 117574|6610, 117575|6708, 117576|6932, 117581|7610, 117582|7688, 117583|7781, 117588|7999, 117593|9885, pyramids+of+giza, 
117598|2392, 117599|2538, 117602|2652, 117604|2790, 117605|2893, 117612|3057, 117614|3295, 117616|3472, 117624|3827, 117627|4402, 117643|4654, 117644|4892, 117650|4986, 117716|5231, 117850|5503, 117919|5650, 117923|5921, 117925|6019, 117926|6323, 117927|6436, 117929|6537, 117930|6643, 59363|6770, 59369|6893, 59371|7010, 59375|7111, 59376|7189, 59379|7282, 59382|7363, 59387|9719, pyongyang, 
59389|2341, 59393|2468, 59395|2611, 59399|2991, 59408|3385, 59416|3660, 59417|4141, 59424|4337, 59426|4451, 59427|4551, 59435|4781, 59445|4903, 59503|5252, 59587|5468, 59744|5633, 59785|5753, 59788|5864, 59794|6265, 59795|6568, 59800|6660, 59801|6764, 59804|6865, 59807|6993, 59808|7256, 59809|7356, 59813|7456, 59815|7550, 59817|7750, 59820|7853, 59825|9869, burj+khalifa, 
59827|2382, 59830|2474, 59831|2583, 59833|2692, 59834|2976, 59842|3152, 59844|3352, 59845|3530, 59850|3644, 59855|3829, 59861|4509, 59863|4621, 59865|4721, 59869|4817, 59883|4936, 59901|5057, 59907|5239, 59923|5392, 59989|5500, 60187|5666, 60457|5981, 60461|6179, 60473|6345, 60475|6551, 60480|6653, 60481|6952, 60483|7085, 60484|7206, 60487|7438, 60488|7526, 60490|7612, 60491|7697, 60492|7781, 60494|8326, 60499|9897, mirabell+gardens, 
60501|2351, 60505|2446, 60506|2567, 60508|2675, 60511|2951, 60518|3270, 60521|3403, 60526|3673, 60535|4147, 60537|4278, 60540|4525, 60546|4717, 60566|4875, 60576|5225, 60580|5360, 60763|5531, 61017|5716, 61021|5842, 61026|5966, 61030|6054, 61035|6147, 61037|6262, 61038|6674, 61043|7387, 61044|7484, 61045|7581, 61050|7758, 61055|9780, taipei+101, 
61056|2440, 61060|2548, 61063|2671, 61064|2904, 61072|3157, 61075|3308, 61077|3473, 61086|3755, 61088|4602, 61093|4716, 61096|4870, 61122|5105, 61123|5272, 61132|5477, 61149|5588, 61471|5842, 61599|6064, 61657|6208, 61659|6316, 61660|6412, 61663|6922, 61664|7206, 61665|7311, 61671|7498, 61672|7630, 61673|7715, 61678|7818, 61683|9755, pyramids+of+giza, 
61684|2281, 61688|2375, 61689|2496, 61693|2605, 61696|2924, 61703|3148, 61707|3431, 61715|3816, 61721|4457, 61723|4561, 61727|4685, 61737|4829, 61763|5080, 61764|5290, 61770|5388, 61780|5495, 61936|5655, 62074|5817, 62106|5971, 62114|6081, 62115|6366, 62116|6468, 62117|6654, 62118|6750, 62119|7008, 62120|7151, 62121|7262, 62123|7416, 62125|7663, 62130|9791, petronas+towers, 
62131|2319, 62135|2453, 62136|2544, 62138|2654, 62139|2874, 62147|2997, 62149|3316, 62155|3590, 62160|3793, 62161|4284, 62166|4498, 62171|4583, 62173|4695, 62179|4806, 62191|4901, 62204|5019, 62208|5294, 62215|5388, 62232|5497, 62282|5620, 62428|5844, 62589|6043, 62632|6181, 62755|6360, 62780|6511, 62781|6959, 62782|7328, 62783|7416, 62786|7810, 62791|9787, mirabell+gardens, 
62796|2606, 62797|2822, 62800|2957, 62806|3222, 62812|3584, 62814|3703, 62824|4209, 62826|4503, 62834|4682, 62837|4826, 62840|4948, 62845|5090, 62864|5255, 62866|5383, 62876|5494, 62883|5625, 63085|5793, 63262|5926, 63318|6072, 63327|6207, 63328|6320, 63329|6401, 63334|6506, 63336|6798, 63338|6911, 63339|7439, 63343|7603, 63345|7749, 63346|7901, 63348|8032, 63351|8112, 63356|10071, taipei+101, 
63357|2338, 63361|2444, 63362|2568, 63365|2721, 63368|2933, 63374|3165, 63379|3493, 63388|3731, 63394|4328, 63399|4490, 63400|4575, 63401|4688, 63407|4794, 63418|4905, 63432|5067, 63440|5257, 63453|5357, 63509|5460, 63930|5722, 63948|5942, 64000|6135, 64005|6314, 64006|6519, 64008|6619, 64012|6735, 64013|6953, 64017|7130, 64019|7479, 64021|7564, 64026|9811, mirabell+gardens, 
64027|2351, 64031|2449, 64032|2557, 64034|2665, 64036|2799, 64039|2965, 64047|3249, 64049|3619, 64058|3922, 64059|4099, 64067|4339, 64068|4601, 64070|4699, 64084|4912, 64086|5142, 64097|5323, 64104|5463, 64260|5611, 64485|5824, 64486|6167, 64490|6260, 64492|6570, 64495|6712, 64497|6850, 64499|7223, 64501|7488, 64506|9882, acropolis+of+athens, 
64507|2485, 64511|2603, 64512|2724, 64514|2921, 64523|3177, 64525|3485, 64527|3587, 64542|4245, 64544|4484, 64546|4603, 64549|4738, 64559|4908, 64575|5099, 64581|5239, 64588|5380, 64685|5501, 65023|5695, 65032|5826, 65037|5935, 65038|6088, 65043|6195, 65044|6658, 65045|6751, 65046|6950, 65047|7039, 65049|7455, 65054|7637, 65055|7763, 65060|7863, 65065|9785, taipei+101, 
65067|2377, 65070|2504, 65071|2590, 65073|2717, 65074|2832, 65077|2942, 65084|3309, 65086|3450, 65097|4193, 65106|4399, 65107|4540, 65109|4648, 65111|4790, 65116|4941, 65127|5083, 65146|5278, 65149|5474, 65158|5592, 65189|5698, 65379|5833, 65589|6078, 65672|6227, 65677|6543, 65678|6825, 65680|6933, 65681|7521, 65685|7614, 65686|7698, 65687|7771, 65692|7939, 65697|9875, pyramids+of+giza, 
65698|2314, 65702|2447, 65703|2572, 65705|2727, 65706|2903, 65714|3176, 65717|3409, 65719|3523, 65727|3911, 65732|4172, 65737|4376, 65746|4861, 65747|5127, 65756|5321, 65770|5447, 65989|5672, 66109|5806, 66140|5943, 66148|6068, 66149|6220, 66151|6427, 66157|6688, 66159|6764, 66160|6839, 66162|6920, 66167|7018, 66171|7092, 66172|7173, 66177|7279, 66182|9707, toronto+canada, 
66183|2376, 66187|2467, 66188|2592, 66191|2670, 66203|3328, 66205|3603, 66213|4163, 66214|4414, 66221|4583, 66223|4695, 66227|4816, 66247|4996, 66258|5178, 66260|5319, 66563|5620, 66702|5867, 66708|6030, 66710|6138, 66714|6233, 66715|6338, 66717|6445, 66720|6565, 66721|6868, 66722|6953, 66724|7276, 66726|7426, 66732|7601, 66737|7790, 66742|9772, taipei+101, 
66747|7735, 66750|7935, 66751|8251, 66759|8522, 66762|8719, 66763|8832, 66768|8986, 66771|9200, 66785|9876, 66794|10046, 66808|10270, 66828|10418, 66842|10539, 67028|10727, 67248|10889, 67321|11031, 67325|11151, 67329|11258, 67330|11594, 67331|11689, 67332|11911, 67337|12014, 67338|12125, 67343|12307, 67344|12503, 67348|12601, 67349|12686, 67350|12779, 67355|12958, 67360|15137, mt.+everest, 
67361|2281, 67365|2422, 67366|2515, 67368|2642, 67378|3182, 67380|3299, 67381|3400, 67390|3693, 67395|4130, 67400|4344, 67405|4423, 67407|4524, 67417|4706, 67438|4938, 67440|5054, 67450|5214, 67499|5325, 67777|5616, 67779|5756, 67785|5843, 67787|6170, 67788|6276, 67789|6368, 67790|6569, 67791|6668, 67795|7154, 67796|7245, 67799|7479, 67804|9830, petronas+towers, 
67805|2369, 67809|2499, 67810|2616, 67813|2692, 67815|2946, 67823|3116, 67825|3329, 67827|3591, 67836|3791, 67841|4365, 67844|4543, 67845|4651, 67856|4832, 67858|4925, 67883|5136, 67891|5360, 67912|5461, 67956|5577, 68071|5717, 68378|5924, 68436|6158, 68447|6298, 68449|6822, 68450|6932, 68451|7205, 68452|7315, 68454|7525, 68455|7618, 68456|7695, 68457|7787, 68462|9841, mirabell+gardens, 
68467|2387, 68468|2496, 68471|2604, 68481|3079, 68485|3364, 68495|3852, 68509|4457, 68515|4684, 68525|4876, 68541|5060, 68557|5197, 68659|5352, 68953|5621, 69045|5821, 69057|5971, 69059|6085, 69060|6396, 69065|6501, 69067|6605, 69068|6705, 69070|6967, 69076|7274, 69077|7365, 69078|7452, 69083|7647, 69088|9778, mt.+everest, 
69089|2421, 69093|2572, 69094|2661, 69096|2787, 69098|2959, 69107|3279, 69109|3553, 69114|3695, 69117|3892, 69118|4172, 69126|4356, 69129|4521, 69139|4676, 69140|4812, 69143|4952, 69154|5124, 69456|5282, 69459|5497, 69518|5639, 69533|5766, 69534|5865, 69537|6302, 69538|6558, 69539|6698, 69540|6903, 69542|7084, 69546|7163, 69547|7315, 69552|7425, 69553|8568, 69555|8658, 69558|8754, 69562|8845, 69567|9740, toronto+canada, 
69569|2368, 69573|2542, 69574|2621, 69576|2733, 69579|2958, 69588|3280, 69590|3513, 69599|3909, 69601|4344, 69605|4486, 69609|4628, 69610|4777, 69615|4923, 69618|5097, 69627|5282, 69633|5409, 69645|5561, 69825|5740, 69996|5890, 70083|6101, 70094|6217, 70096|6355, 70100|6464, 70102|6550, 70106|6637, 70107|7022, 70109|7133, 70114|9839, cape+town, 
70115|2387, 70119|2506, 70120|2605, 70122|2688, 70129|3104, 70133|3277, 70134|3493, 70135|3624, 70143|3783, 70150|4335, 70153|4500, 70155|4646, 70173|4872, 70191|5087, 70205|5219, 70430|5454, 70617|5648, 70656|5767, 70687|5876, 70691|5972, 70693|6067, 70697|6163, 70699|6275, 70703|6398, 70706|6887, 70713|7215, 70714|7308, 70716|7404, 70721|7554, 70726|9860, mt.+everest, 
70727|2218, 70731|2305, 70732|2380, 70735|2489, 70739|2864, 70748|3225, 70749|3376, 70754|3500, 70757|3748, 70762|4277, 70769|4412, 70770|4541, 70777|4956, 70780|5064, 70796|5189, 70932|5332, 71093|5472, 71167|5621, 71172|5751, 71179|5892, 71181|6029, 71184|6204, 71188|6490, 71192|6586, 71196|6798, 71199|6919, 71204|9702, toronto+canada, 
71205|2475, 71209|2559, 71211|2673, 71215|2824, 71223|3214, 71224|3416, 71225|3545, 71233|3703, 71238|4181, 71240|4341, 71243|4489, 71253|4629, 71277|4956, 71295|5107, 71400|5243, 71714|5597, 71785|5730, 71790|5842, 71795|5946, 71796|6073, 71797|6287, 71798|6383, 71799|6591, 71800|6706, 71801|6935, 71802|7236, 71806|7312, 71807|7408, 71808|7527, 71810|7615, 71813|7717, 71818|9728, mt.+everest, 
71820|2342, 71824|2530, 71827|2657, 71831|2909, 71839|3264, 71841|3448, 71853|4117, 71858|4285, 71861|4412, 71862|4514, 71863|4625, 71870|4801, 71881|4964, 71899|5112, 71902|5297, 71903|5424, 71910|5540, 71920|5660, 72162|5823, 72245|6075, 72249|6206, 72253|6301, 72255|6848, 72257|7364, 72259|7726, 72264|10267, petronas+towers, 
72265|2400, 72269|2528, 72270|2623, 72273|2732, 72277|2971, 72288|3360, 72293|3704, 72296|3980, 72297|4183, 72310|4499, 72321|5067, 72323|5215, 72335|5391, 72466|5551, 72649|5706, 72653|5876, 72659|6277, 72663|6381, 72664|6474, 72670|6576, 72671|6673, 72672|6773, 72675|7204, 72681|7278, 72682|7357, 72685|7469, 72692|7864, 72697|9771, sydney+harbour, 
72698|2370, 72700|2452, 72703|2547, 72704|2627, 72707|2713, 72717|3071, 72720|3364, 72722|3516, 72730|4036, 72740|4473, 72749|4728, 72757|5047, 72765|5165, 73017|5438, 73089|5596, 73091|5721, 73093|5818, 73098|5926, 73100|6432, 73101|6524, 73102|6745, 73103|6844, 73105|6953, 73106|7141, 73109|7607, 73111|7684, 73112|7772, 73113|7853, 73118|8361, 73121|8455, 73126|9827, sydney+harbour, 
73128|2344, 73131|2468, 73133|2551, 73135|2780, 73139|2893, 73146|3164, 73149|3480, 73159|3969, 73170|4579, 73171|4685, 73177|4862, 73183|5027, 73185|5199, 73197|5310, 73231|5444, 73499|5639, 73502|5755, 73566|5922, 73577|6034, 73578|6301, 73583|6436, 73584|6553, 73591|6661, 73595|6769, 73597|6849, 73601|6946, 73602|7184, 73607|7266, 73608|7499, 73613|9865, toronto+canada, 
73614|2399, 73618|2515, 73619|2626, 73621|2732, 73622|2960, 73630|3229, 73632|3415, 73634|3540, 73639|3654, 73642|3984, 73644|4234, 73653|4457, 73658|4638, 73664|4831, 73665|4979, 73676|5088, 73683|5214, 73910|5386, 74051|5734, 74057|5848, 74058|5998, 74062|6123, 74066|6532, 74070|6616, 74072|6692, 74073|6774, 74076|6855, 74079|6970, 74084|9892, toronto+canada, 
74086|2379, 74089|2524, 74090|2599, 74093|2720, 74095|2883, 74102|3133, 74105|3395, 74106|3565, 74115|4001, 74121|4474, 74123|4595, 74131|4744, 74134|4934, 74140|5049, 74150|5150, 74221|5296, 74443|5561, 74473|5701, 74476|5812, 74481|6187, 74482|6280, 74483|6516, 74485|6637, 74487|6740, 74489|6854, 74490|7011, 74491|7122, 74492|7240, 74496|7314, 74497|7409, 74498|7491, 74504|7820, 74509|9824, sydney+harbour, 
74513|2396, 74514|2494, 74517|2617, 74526|3271, 74531|3478, 74536|3714, 74539|3874, 74541|4196, 74546|4354, 74548|4499, 74556|4639, 74557|4768, 74574|5051, 74614|5259, 74894|5535, 74898|5668, 74900|5792, 74904|6096, 74906|6186, 74907|6279, 74909|6393, 74914|7604, 74915|7761, 74916|7843, 74924|8383, 74929|9741, sydney+harbour, 
74930|2418, 74935|2539, 74938|2628, 74942|2957, 74950|3262, 74952|3499, 74960|3677, 74971|4359, 74975|4544, 74983|4704, 74984|4829, 74988|5090, 75023|5355, 75275|5556, 75321|5707, 75327|5820, 75328|6202, 75329|6295, 75331|6625, 75333|6742, 75335|7284, 75336|7529, 75341|7615, 75342|7695, 75343|7774, 75345|7889, 75350|8058, 75352|8147, 75357|9794, sydney+harbour, 
