||class android.content.Context:public abstract java.lang.Object android.content.Context.getSystemService(java.lang.String)||class android.app.usage.NetworkStatsManager:public android.app.usage.NetworkStats$Bucket android.app.usage.NetworkStatsManager.querySummaryForDevice(int,java.lang.String,long,long) throws java.lang.SecurityException,android.os.RemoteException||class android.app.usage.NetworkStats$Bucket:public long android.app.usage.NetworkStats$Bucket.getTxBytes()
3408674|1, 3409029|2117, 3409363|2254, 3410543|2395, 3412315|2624, 3412964|2885, 3415849|3167, 3416005|3577, 3416435|4005, 3417324|4144, 3417879|4537, 3418434|4802, 3418989|5151, 3419544|5425, 3419950|5598, 3420284|5694, 3420660|5788, 3421044|5882, 3421651|5974, 3422258|6422, 3422813|6787, 3423177|7008, 3425357|7492, 3425707|7723, 3426681|7955, 3427773|8174, 3428807|8523, 3431577|8798, 3439377|9118, 3439512|9366, 3439751|9510, 3440271|10203, empire+state+building, 
3440331|2226, 3440626|2314, 3440782|2410, 3442093|2535, 3442145|2651, 3443939|2833, 3444502|2989, 3446146|3301, 3447457|3451, 3448423|4333, 3451685|4478, 3452240|4611, 3453483|5182, 3454229|5533, 3455381|5646, 3457932|5786, 3464404|5967, 3471570|6153, 3475848|6335, 3475900|6444, 3476087|6747, 3476758|6880, 3477186|7119, 3477238|7208, 3477968|7303, 3479608|7430, 3479847|7714, 3480367|9779, the+great+wall+of+china, 
3480479|2356, 3480878|2449, 3482189|2571, 3482249|2829, 3486238|3120, 3487550|3465, 3487706|3620, 3487810|3823, 3487870|4123, 3490482|4274, 3491123|4464, 3491678|4700, 3493152|5196, 3493294|5309, 3494440|5452, 3496512|5605, 3500603|5756, 3506063|5972, 3507554|6101, 3508109|6227, 3508851|6526, 3509470|6991, 3510743|7231, 3510829|7354, 3510933|7524, 3511453|9919, acropolis+of+athens, 
3511513|2322, 3511808|2411, 3512142|2507, 3513288|2604, 3513340|2723, 3515760|3193, 3517376|3397, 3518684|3532, 3518840|3861, 3521034|4312, 3523189|4522, 3523599|4753, 3524996|4945, 3527214|5245, 3527345|5415, 3528874|5561, 3530604|5689, 3537064|5840, 3539522|5980, 3539574|6080, 3540316|6280, 3540923|6386, 3541358|6479, 3541410|6577, 3541848|7472, 3542182|7558, 3543437|7643, 3543624|8005, 3543676|8092, 3543728|9723, 3544196|9866, petronas+towers, 
3544551|2361, 3544885|2473, 3546036|2576, 3546088|2761, 3547860|2882, 3548301|3025, 3551284|3342, 3551370|3467, 3551474|3673, 3551630|3876, 3551690|4081, 3554024|4248, 3555856|4552, 3556411|4675, 3556966|5042, 3557330|5200, 3557885|5319, 3558560|5465, 3560294|5748, 3566330|5970, 3571426|6167, 3572085|6270, 3572879|6372, 3573498|6894, 3574053|7281, 3575360|7371, 3575412|7556, 3575464|7646, 3575932|9753, 3575984|9885, acropolis+of+athens, 
3576339|2361, 3576495|2447, 3577818|2568, 3580137|2983, 3581925|3307, 3583172|3495, 3583380|4092, 3583440|4353, 3586909|4513, 3587516|4607, 3589629|4798, 3591426|4933, 3592295|5111, 3597857|5372, 3600575|5613, 3601421|5800, 3601857|6150, 3601921|6256, 3602528|6400, 3603135|6849, 3603623|6959, 3604842|7356, 3604928|7446, 3604980|7643, 3605500|9835, wencelas+square+prague, 
3605560|2277, 3606011|2355, 3607320|2504, 3607372|2632, 3609079|2848, 3609676|3020, 3612559|3335, 3612645|3491, 3612853|3770, 3616444|4390, 3617085|4532, 3617137|4685, 3617744|4784, 3619472|4960, 3621524|5110, 3624886|5306, 3630641|5627, 3631338|5758, 3631944|5918, 3633345|6173, 3633900|6628, 3633964|6730, 3634571|6942, 3635126|7355, 3636345|7477, 3636483|7598, 3636587|7785, 3636847|9762, 3637107|9906, 3637242|10964, wencelas+square+prague, 
3637302|2292, 3637597|2371, 3637931|2487, 3639113|2598, 3640970|2835, 3643051|3149, 3644438|3350, 3644698|3642, 3646412|4200, 3648364|4377, 3648919|4499, 3648979|4606, 3650009|4822, 3651723|4995, 3652330|5227, 3653052|5354, 3654327|5470, 3656065|5584, 3662080|5775, 3664139|5902, 3664191|6007, 3665016|6113, 3665452|6420, 3666059|6538, 3666666|6644, 3667221|7128, 3669082|7405, 3669186|7588, 3669741|7697, 3670169|8032, 3670221|8126, 3670741|9865, petronas+towers, 
3670801|2202, 3671096|2351, 3671252|2428, 3671430|2536, 3672580|2628, 3672632|2750, 3674339|2868, 3676593|3225, 3677865|3403, 3678149|3991, 3678843|4178, 3679398|4309, 3682631|4487, 3683041|4696, 3683930|4829, 3684570|4986, 3685749|5141, 3685869|5447, 3689196|5693, 3691621|5841, 3695001|5980, 3696197|6090, 3697497|6179, 3700679|6345, 3701563|6482, 3701802|6594, 3701862|7306, 3702313|7415, 3703741|7492, 3704084|8170, 3704144|9199, 3704204|9284, 3704494|9377, 3704828|9488, 3706699|9789, big+ben, 
3706759|2282, 3707106|2359, 3707388|2508, 3708520|2587, 3708572|2712, 3710370|2827, 3710725|2957, 3712543|3259, 3713804|3415, 3714064|3928, 3716409|4341, 3717298|4506, 3717558|4704, 3717689|4862, 3719123|4974, 3721970|5156, 3726175|5385, 3730952|5647, 3733344|5786, 3735632|5890, 3736630|6011, 3737372|6206, 3737927|6312, 3738333|6459, 3739050|6586, 3739844|6715, 3740272|7027, 3740939|7131, 3741234|7211, 3741568|7304, 3743429|7387, 3743481|7466, 3743732|8004, 3743992|9808, 3744252|9957, singapore, 
3744312|2336, 3744607|2417, 3744941|2530, 3746097|2622, 3747920|2854, 3748569|3041, 3751432|3460, 3751600|3922, 3751756|4238, 3752116|4403, 3753005|4547, 3756754|4777, 3757625|4946, 3759119|5041, 3759223|5162, 3759882|5392, 3762157|5627, 3762884|5732, 3762988|5818, 3768448|5979, 3769831|6160, 3770471|6269, 3771303|6367, 3771686|6457, 3772070|6551, 3772122|6644, 3772382|9649, 3772642|9784, big+ben, 
3772702|7287, 3773153|7395, 3774917|7542, 3776994|7742, 3779834|8019, 3779972|8220, 3780076|8388, 3780128|8524, 3781659|9018, 3782852|9145, 3783350|9302, 3784395|9438, 3785787|9566, 3792825|9784, 3794506|10167, 3797089|10314, 3797276|10452, 3798018|10613, 3798573|11042, 3799128|11154, 3799683|11639, 3800238|11996, 3801595|12149, 3801699|12450, 3801959|14604, 3802219|14760, wencelas+square+prague, 
3802279|2353, 3802574|2455, 3802908|2556, 3804036|2645, 3805945|2825, 3806300|2961, 3808113|3246, 3809373|3389, 3809477|4014, 3813307|4602, 3814278|4824, 3815782|5143, 3818554|5315, 3821823|5459, 3826857|5617, 3830064|5792, 3833184|5943, 3835704|6081, 3835756|6171, 3836311|6286, 3836866|6605, 3837421|6935, 3838487|7245, 3839920|7330, 3840527|7495, 3840766|7595, 3841286|9783, pyongyang, 
3841346|2300, 3841641|2387, 3841975|2497, 3843106|2616, 3843158|2743, 3844864|2871, 3845305|3037, 3848404|3369, 3848560|3664, 3849018|4325, 3849728|4467, 3851969|4605, 3852269|4701, 3853568|4853, 3854162|5032, 3855410|5169, 3855552|5292, 3856985|5473, 3858066|5591, 3861357|5722, 3863437|5853, 3865881|5960, 3871511|6185, 3871958|6307, 3872551|6408, 3873269|6523, 3874063|6721, 3874499|7100, 3874551|7290, 3874906|7582, 3875240|7698, 3876495|7803, 3876734|8055, 3877254|9773, taipei+101, 
3877314|2366, 3877609|2447, 3877765|2540, 3879073|2627, 3879125|2713, 3880835|2839, 3880981|2969, 3884367|3338, 3884627|3750, 3885942|4207, 3887713|4450, 3888688|4618, 3889000|4754, 3889120|5142, 3890940|5275, 3893862|5404, 3901511|5654, 3906266|5829, 3908377|5944, 3908564|6032, 3909726|6159, 3910281|6505, 3910346|6796, 3910570|6879, 3911419|6954, 3913407|7040, 3914336|7198, 3914440|7282, 3915047|7373, 3915666|7888, 3915718|8258, 3916238|9973, pyongyang, 
3916298|2426, 3916593|2623, 3916927|2762, 3918124|2879, 3920085|3051, 3922299|3418, 3923482|3584, 3923568|3702, 3924118|4320, 3924812|4506, 3925367|4619, 3928146|4886, 3929522|5468, 3930326|5690, 3935902|5849, 3941657|6013, 3942264|6141, 3942819|6738, 3943374|6816, 3943810|7238, 3943862|7339, 3944278|9789, big+ben, 
3944338|2347, 3944390|2422, 3944789|2536, 3946095|2653, 3947918|2874, 3948064|2970, 3951353|3314, 3951439|3555, 3951699|3772, 3954328|4294, 3955113|4439, 3955173|4542, 3955523|4666, 3956620|4776, 3957676|4892, 3958403|5168, 3959317|5291, 3962194|5530, 3964776|5678, 3968000|5949, 3970011|6052, 3971363|6141, 3972538|6249, 3974008|6334, 3974632|6447, 3975374|6711, 3975434|7177, 3976504|7265, 3978491|7366, 3979046|7601, 3979202|7839, 3980008|8523, 3980060|8876, 3980580|9882, big+ben, 
3980640|2219, 3981091|2336, 3982419|2489, 3982471|2629, 3984324|2870, 3984827|3073, 3987698|3348, 3987958|3743, 3988318|4311, 3991297|4449, 3992418|4702, 3992708|4847, 3994465|5020, 3995748|5161, 3997389|5510, 3997745|5652, 4000662|5787, 4003730|5932, 4007890|6090, 4009433|6195, 4010482|6312, 4011089|6430, 4011141|6577, 4012363|7224, 4012449|7314, 4012721|7936, 4012981|10891, 4013241|11025, colosseum+rome, 
4013366|2323, 4013817|2405, 4015146|2542, 4015198|2635, 4017115|2922, 4019136|3137, 4020565|3438, 4020785|3837, 4022643|4318, 4024458|4494, 4025191|4654, 4026434|5193, 4026554|5319, 4027971|5437, 4029144|5551, 4037693|5782, 4043881|5921, 4048579|6132, 4048838|6686, 4049340|6810, 4049894|6937, 4050740|7084, 4051124|7190, 4051479|7301, 4052420|7402, 4053674|7496, 4053965|7689, 4054277|9807, 4054485|9958, the+great+wall+of+china, 
4054545|2487, 4054840|2584, 4056514|2679, 4056761|2811, 4058723|3008, 4061641|3365, 4061901|3894, 4062261|4133, 4065132|4427, 4065954|4609, 4067115|4816, 4069272|5132, 4073679|5388, 4082235|5654, 4084533|5808, 4087386|5968, 4087438|6062, 4088180|6380, 4088735|6558, 4088795|6730, 4089090|6810, 4089476|6913, 4090728|6993, 4090967|7147, 4091487|9904, singapore, 
4091842|2273, 4091998|2356, 4093326|2501, 4093378|2600, 4095148|2768, 4095294|2884, 4097401|3244, 4098671|3397, 4098827|3741, 4098931|3947, 4098991|4242, 4102166|4501, 4103536|4681, 4104813|4997, 4106752|5162, 4112823|5406, 4118011|5662, 4120965|5824, 4123149|5968, 4123795|6087, 4124402|6200, 4124454|6615, 4125009|6724, 4125564|6854, 4125624|7066, 4126474|7171, 4126808|7259, 4128112|7368, 4128299|7446, 4128351|7529, 4128663|9754, 4128871|9837, singapore, 
4128931|2306, 4129226|2390, 4129382|2525, 4131325|2707, 4132664|2856, 4135492|2986, 4135630|3339, 4135734|3658, 4136953|3903, 4137039|4065, 4137711|4219, 4138444|4382, 4141057|4665, 4141143|4801, 4142560|4920, 4142996|5037, 4144126|5206, 4145305|5385, 4147532|5706, 4149421|5889, 4152754|6024, 4155354|6157, 4158890|6280, 4160087|6390, 4160694|6472, 4160746|6570, 4161966|6678, 4162052|6765, 4162104|7013, 4162364|9632, 4162624|9798, petronas+towers, 
4162979|2258, 4163135|2351, 4164442|2468, 4164494|2681, 4166862|2958, 4168519|3215, 4169689|3349, 4169775|3485, 4170035|3661, 4170095|3982, 4170551|4164, 4173304|4355, 4174119|4744, 4175396|4876, 4176767|5005, 4186088|5270, 4189790|5425, 4192789|5618, 4193465|5776, 4194279|5884, 4195073|6105, 4195680|6491, 4196116|6593, 4196723|6733, 4196835|6937, 4197286|7061, 4198715|7137, 4198902|7293, 4198954|7397, 4199474|9843, singapore, 
4199586|2412, 4199881|2489, 4200163|2605, 4201314|2686, 4201366|2849, 4203578|3087, 4205398|3361, 4206606|3501, 4206692|3649, 4206900|3993, 4207012|4271, 4207646|4464, 4210237|4592, 4211209|4872, 4212486|5051, 4213457|5261, 4214428|5677, 4214570|5812, 4215847|5931, 4217070|6051, 4220715|6225, 4224739|6408, 4229104|6561, 4229832|6653, 4230435|6799, 4231657|7549, 4231743|7640, 4231951|8138, 4232471|9929, colosseum+rome, 
4232531|2459, 4232583|2559, 4232982|2698, 4235113|2863, 4237362|3011, 4240299|3367, 4240559|3947, 4242497|4205, 4244493|4423, 4244989|4635, 4246438|4872, 4248270|5005, 4249341|5138, 4255561|5435, 4259190|5612, 4260906|5726, 4263437|5841, 4265257|5946, 4267441|6095, 4269670|6211, 4270464|6373, 4270580|6482, 4271251|6608, 4271363|6985, 4272168|7066, 4273935|7151, 4274319|7242, 4274797|7368, 4275057|9845, 4275317|9942, peking, 
4275429|2360, 4276006|2488, 4277154|2584, 4277206|2683, 4278914|2921, 4279355|3055, 4281081|3372, 4282449|3548, 4282709|3976, 4285205|4506, 4285469|4661, 4286088|4840, 4286955|5237, 4288284|5420, 4288947|5524, 4291252|5653, 4301326|5897, 4308329|6146, 4309917|6291, 4309969|6424, 4310584|6826, 4311151|6908, 4312938|6999, 4313272|7076, 4313834|7168, 4314628|7259, 4314680|7349, 4314732|7788, 4314992|9700, 4315252|9822, peking, 
4315312|2359, 4315763|2443, 4317067|2550, 4317119|2636, 4318977|2929, 4321143|3326, 4322402|3509, 4322558|3850, 4322662|4030, 4323172|4375, 4325767|4555, 4326335|4693, 4327380|4891, 4327500|5026, 4329141|5188, 4334999|5481, 4340128|5653, 4343570|5802, 4344801|5919, 4344948|6351, 4345607|6467, 4346162|6779, 4346334|7067, 4346923|7143, 4349225|7232, 4349967|7394, 4350019|7468, 4350071|7571, 4350813|7669, 4351249|7772, 4351301|7845, 4351353|7944, 4351873|9854, 4351925|10273, cape+town, 
4352280|2412, 4352614|2534, 4353765|2648, 4353817|2760, 4355522|2912, 4355963|3031, 4359078|3463, 4359414|4051, 4361073|4332, 4361623|4503, 4363726|4665, 4365345|5014, 4365605|5141, 4366888|5353, 4368087|5672, 4369089|5781, 4370787|5881, 4377010|6013, 4379801|6151, 4379988|6258, 4380730|6357, 4381285|6869, 4381349|6964, 4381401|7168, 4381956|7328, 4383815|7493, 4383971|7913, 4384491|9810, petronas+towers, 
4384551|2364, 4384898|2442, 4385180|2537, 4386361|2626, 4390298|3315, 4391703|3557, 4391859|3835, 4391963|3997, 4392023|4232, 4392657|4370, 4395222|4561, 4395777|4838, 4396956|5203, 4398066|5355, 4398788|5495, 4399338|5600, 4402838|5742, 4406482|5861, 4413614|6041, 4418484|6167, 4419805|6283, 4420368|6387, 4420975|6493, 4421091|7152, 4421151|7370, 4421602|7465, 4423036|7558, 4423275|7912, 4423795|9836, the+great+wall+of+china, 
4424150|2362, 4424484|2475, 4425631|2576, 4425683|2704, 4427454|2811, 4427895|2957, 4430890|3281, 4430976|3401, 4431132|3598, 4431236|3796, 4432845|4098, 4434910|4333, 4435465|4443, 4436363|4982, 4437201|5146, 4439138|5317, 4445972|5536, 4448990|5697, 4450980|5858, 4451408|5960, 4452079|6439, 4452131|6730, 4453241|6880, 4453353|7046, 4453804|7155, 4455236|7243, 4455527|7774, 4455787|9735, 4456047|9875, sydney+harbour, 
4456402|2347, 4456558|2437, 4457880|2546, 4457932|2655, 4460353|3102, 4461960|3310, 4463231|3436, 4463387|3727, 4463491|4020, 4463851|4158, 4466820|4334, 4467635|4637, 4467755|5017, 4469582|5168, 4475235|5484, 4477939|5619, 4480591|5748, 4482196|5876, 4482391|6069, 4482789|6155, 4483123|6241, 4484197|6373, 4484301|6491, 4484361|6724, 4485263|6800, 4485597|6881, 4486848|6951, 4487455|7120, 4487966|7595, 4488122|7707, 4488642|9890, pyeongchang, 
4488997|2307, 4489331|2456, 4490459|2542, 4490511|2661, 4492283|2772, 4492724|2921, 4495837|3332, 4496173|3916, 4496233|4066, 4500941|4492, 4501027|4703, 4501992|4885, 4502708|5049, 4504889|5280, 4506166|5440, 4506834|5553, 4508938|5674, 4514399|5912, 4517197|6046, 4520074|6163, 4522050|6268, 4524445|6415, 4525000|6821, 4525052|7209, 4525112|7447, 4525407|7535, 4525741|7623, 4526998|7711, 4527237|7955, 4527757|9803, pyramids+of+giza, 
4527869|2263, 4528268|2384, 4529574|2494, 4529626|2606, 4531398|2841, 4531995|2974, 4534958|3346, 4535114|3523, 4536479|4257, 4536591|4412, 4539697|4602, 4540564|4939, 4540684|5089, 4542317|5201, 4544363|5327, 4550141|5504, 4553439|5617, 4557882|5828, 4560319|5961, 4560514|6278, 4561068|6383, 4561622|6488, 4562312|6591, 4562416|6743, 4563023|6998, 4563430|7324, 4563586|7405, 4565018|7485, 4565257|7756, 4565517|9698, 4565777|9806, singapore, 
4565837|2303, 4566132|2391, 4566288|2494, 4567594|2623, 4567646|2736, 4569505|2905, 4569860|3003, 4572877|3369, 4572963|3534, 4573067|3657, 4573223|3794, 4573283|4315, 4577243|4558, 4577433|4689, 4577988|4809, 4578494|4974, 4579824|5151, 4580742|5313, 4582071|5443, 4582561|5542, 4584159|5658, 4591991|5879, 4596622|6041, 4599392|6238, 4599579|6360, 4600186|6467, 4600741|6563, 4601169|6990, 4601221|7104, 4601281|7673, 4601576|7761, 4601910|7841, 4603167|7940, 4603406|8161, 4603926|9865, pyramids+of+giza, 
4603986|2267, 4604281|2345, 4605763|2470, 4605815|2569, 4607586|2773, 4607732|2882, 4608235|3058, 4609838|3279, 4611136|3594, 4611396|3751, 4614186|4302, 4614272|4451, 4614332|4617, 4615100|4776, 4615833|4963, 4616790|5119, 4618260|5227, 4626452|5466, 4632234|5681, 4635649|5837, 4635971|5934, 4636713|6034, 4636825|6472, 4637517|6580, 4637901|6672, 4638838|6849, 4639133|6926, 4639467|7008, 4641329|7089, 4642123|7269, 4642558|7354, 4642610|7431, 4642870|9748, 4643130|9865, pyongyang, 
4643190|2293, 4643641|2402, 4644987|2547, 4645073|2631, 4645125|2771, 4646974|2878, 4647537|2991, 4650331|3362, 4650417|3584, 4650521|3756, 4650573|3888, 4650933|4265, 4651267|4348, 4651822|4441, 4652377|4536, 4652932|4633, 4653338|4757, 4653494|4835, 4654048|4928, 4654603|5019, 4654655|5099, 4655262|5371, 4655817|5729, 4656372|5820, 4656808|6316, 4656924|6408, 4657248|7613, 4659389|8158, 4659449|8239, 4659799|8383, 4660133|8579, 4661917|8826, 4662059|9036, 4663093|9289, 4667371|9626, 4670699|9806, 4673798|10035, 4674037|10199, 4674557|10582, empire+state+building, 
4674622|2287, 4674734|2368, 4675133|2467, 4676440|2568, 4676492|2666, 4678409|2947, 4678912|3107, 4680550|3347, 4681798|3469, 4682470|4079, 4683203|4224, 4683758|4501, 4684377|5121, 4684932|5218, 4685551|5753, 4686106|5851, 4686725|6336, 4687280|6437, 4687340|6534, 4687686|6617, 4688396|6709, 4688780|6906, 4688832|7023, 4689156|7653, 4691189|8114, 4691275|8284, 4691387|8422, 4691959|8621, 4693691|8829, 4694903|9374, 4702539|9702, 4705295|9907, 4705430|10081, 4705669|10223, 4705929|10479, 4706189|10638, empire+state+building, 
4706249|2303, 4706544|2382, 4708012|2501, 4708064|2614, 4709772|2847, 4710213|2961, 4713276|3282, 4713362|3387, 4715763|4257, 4718382|4436, 4718538|4552, 4719672|4688, 4722118|4880, 4725748|5074, 4728036|5310, 4730515|5474, 4731257|5796, 4731812|6077, 4731924|6407, 4732374|6527, 4732928|6622, 4733670|6728, 4733774|6834, 4734990|7269, 4735076|7362, 4735128|7638, 4735648|9780, wencelas+square+prague, 
4736003|2336, 4736159|2413, 4737466|2524, 4737518|2623, 4739289|2822, 4739435|2928, 4741456|3211, 4742799|3365, 4743501|4140, 4746364|4382, 4746450|4496, 4747057|4657, 4747265|4807, 4747791|4981, 4749483|5087, 4750834|5169, 4755048|5304, 4757433|5449, 4767388|5680, 4769971|5820, 4770345|5949, 4770938|6203, 4771648|6384, 4772502|6500, 4772797|6584, 4773131|6677, 4774994|6763, 4775601|6926, 4775800|7426, 4775852|7535, 4776112|9707, 4776372|9839, peking, 
4776432|2549, 4776779|2633, 4778401|2778, 4779054|2908, 4780614|3038, 4782278|3240, 4783688|3529, 4785491|4236, 4785543|4347, 4786776|4562, 4787232|4649, 4788315|4775, 4788649|4876, 4790476|4993, 4792370|5300, 4794771|5434, 4796115|5574, 4799344|5703, 4805116|5848, 4809162|6010, 4811055|6206, 4811849|6387, 4812643|6693, 4813198|7015, 4814233|7155, 4815540|7410, 4815592|7525, 4815696|7612, 4816216|9850, mirabell+gardens, 
4816276|2246, 4816571|2332, 4816905|2423, 4818034|2532, 4818086|2680, 4819943|2838, 4822024|3185, 4823404|3489, 4823560|3637, 4823664|3785, 4824018|4090, 4826457|4349, 4828454|4527, 4829009|4649, 4829564|4877, 4830483|5253, 4830625|5446, 4832457|5567, 4833477|5720, 4840029|5943, 4845299|6097, 4845989|6437, 4846093|6566, 4847398|7293, 4847502|7577, 4848022|9784, acropolis+of+athens, 
4848087|2255, 4848199|2330, 4848598|2411, 4849921|2521, 4849973|2657, 4851743|2863, 4852392|3015, 4855321|3428, 4855581|3775, 4859086|4421, 4859726|4600, 4860714|4740, 4861607|4855, 4862370|4960, 4863289|5372, 4863904|5476, 4864670|5579, 4866487|5699, 4868931|5856, 4872502|6007, 4875237|6143, 4875341|6241, 4876083|6339, 4876489|6655, 4876823|6762, 4877897|6882, 4878608|7003, 4879827|7386, 4879965|7521, 4880069|7885, 4880589|9730, eiffel+tower, 
4880649|2211, 4881100|2457, 4882427|2549, 4882479|2682, 4884275|2829, 4886356|3173, 4887725|3351, 4887881|3684, 4887985|3825, 4888045|4048, 4888345|4195, 4891852|4434, 4892262|4656, 4893151|4789, 4893531|4884, 4894527|5039, 4895659|5198, 4897536|5349, 4904564|5661, 4908266|5869, 4910495|5994, 4912121|6110, 4912549|6569, 4913156|6679, 4913208|6829, 4913563|7226, 4913897|7320, 4915152|7416, 4915559|8169, 4916079|9784, big+ben, 
4916139|2325, 4916590|2408, 4917920|2518, 4917972|2622, 4920121|2964, 4920507|3179, 4923210|3388, 4923366|3688, 4923470|3857, 4923830|4268, 4924719|4425, 4927176|4576, 4927510|4672, 4928236|4797, 4929177|4903, 4930373|5022, 4931656|5422, 4932211|5559, 4932933|5659, 4934156|5786, 4936102|5882, 4942897|6047, 4943656|6184, 4944301|6300, 4944635|6396, 4945019|6493, 4945590|6604, 4945642|6739, 4946947|7573, 4947155|7946, 4947415|9791, 4947675|9934, eiffel+tower, 
4947735|2272, 4948030|2378, 4949516|2499, 4949568|2585, 4951361|2854, 4951924|3089, 4953537|3367, 4954792|3523, 4955064|4024, 4957335|4328, 4958172|4514, 4960490|4680, 4961912|4948, 4963189|5218, 4963800|5337, 4966680|5455, 4972353|5656, 4979477|6025, 4980645|6192, 4981252|6503, 4981607|6686, 4982496|6788, 4983757|6868, 4984364|6945, 4984603|7062, 4985123|9904, cape+town, 
4985183|2341, 4985634|2544, 4986945|2695, 4988706|2842, 4988792|2951, 4990969|3352, 4992254|3520, 4992514|3746, 4992574|4217, 4993208|4404, 4995748|4524, 4996563|4889, 4996683|5130, 4997457|5244, 4999612|5394, 5009361|5641, 5015997|5901, 5016101|6027, 5016895|6110, 5017566|6620, 5017994|6713, 5018401|6912, 5018735|7009, 5019990|7098, 5020177|7176, 5020229|7263, 5020749|9932, singapore, 
5020809|2259, 5021104|2341, 5022585|2450, 5022637|2555, 5024400|2807, 5024841|2920, 5025227|3128, 5027865|3347, 5027951|3492, 5028211|3918, 5028571|4311, 5032432|4594, 5032987|4763, 5034166|5164, 5035213|5382, 5036543|5501, 5042654|5728, 5045392|5875, 5048512|6035, 5052922|6239, 5056427|6391, 5057273|6500, 5057325|6594, 5057932|6997, 5058487|7155, 5058547|7543, 5059433|7630, 5060915|7739, 5061102|8002, 5061154|8095, 5061214|8409, 5061564|8531, 5061898|8652, 5062580|8761, 5063100|9854, the+great+wall+of+china, 
5063160|2268, 5063611|2427, 5064940|2547, 5064992|2692, 5066699|2822, 5067296|2984, 5070277|3344, 5070433|3679, 5070537|3823, 5072929|4668, 5073938|4831, 5074562|4955, 5075870|5201, 5077101|5460, 5077221|5701, 5078868|5826, 5088047|6096, 5090335|6266, 5091077|6381, 5091632|6779, 5092038|7109, 5092748|7316, 5094712|7404, 5094850|7497, 5095729|8024, 5096113|8120, 5096165|8201, 5096217|8318, 5096737|9780, colosseum+rome, 
5096797|2239, 5097092|2335, 5097426|2467, 5098578|2562, 5098630|2675, 5100339|2781, 5100537|2942, 5101218|3213, 5102757|3377, 5104017|3524, 5105694|4358, 5108493|4559, 5109238|4720, 5109793|4889, 5110724|5415, 5110844|5523, 5112433|5644, 5114725|5786, 5118965|5909, 5123843|6101, 5127672|6287, 5128840|6463, 5129447|6734, 5130238|6824, 5130624|6909, 5131884|7008, 5132071|7151, 5132123|7237, 5132643|9873, cape+town, 
5132755|2338, 5133050|2406, 5133332|2507, 5134466|2596, 5134518|2704, 5136374|2895, 5138518|3223, 5139704|3388, 5139790|3525, 5139842|3734, 5139946|3930, 5140462|4279, 5141195|4384, 5141750|4749, 5142305|5108, 5142860|5376, 5142920|5469, 5143422|5548, 5143976|5636, 5144531|5736, 5144583|5833, 5145254|6319, 5145809|6506, 5146364|6599, 5146919|6970, 5146971|7328, 5147283|7501, 5149316|7898, 5149402|8025, 5149908|8264, 5150726|8485, 5151818|8656, 5151938|8939, 5153208|9282, 5163609|9845, 5163796|9986, 5164316|10500, empire+state+building, 
5164376|2281, 5164827|2377, 5166138|2501, 5166190|2588, 5167897|2867, 5168338|3027, 5170064|3284, 5171429|3480, 5171689|3973, 5171801|4143, 5172383|4286, 5174973|4445, 5175528|4574, 5175878|4701, 5176601|4837, 5177371|5008, 5179320|5239, 5179372|5345, 5180701|5590, 5181369|5763, 5185118|5917, 5193589|6143, 5193880|6263, 5194674|6545, 5195293|7153, 5196651|7387, 5196859|8060, 5197119|9741, 5197379|9914, colosseum+rome, 
5197439|2308, 5197838|2493, 5198068|2578, 5199216|2673, 5200977|2810, 5201123|2928, 5204436|3353, 5204522|3518, 5204730|3724, 5206750|4190, 5208884|4377, 5209290|4494, 5212171|4790, 5213569|4953, 5219618|5209, 5221750|5408, 5222417|5576, 5223211|5718, 5223818|5995, 5224373|6315, 5224809|6628, 5224861|6764, 5226165|7339, 5226269|7543, 5226789|9836, wencelas+square+prague, 
5227144|2288, 5227478|2382, 5228606|2470, 5228658|2562, 5230517|2799, 5230872|2944, 5232686|3210, 5233878|3377, 5233964|3546, 5234172|3874, 5234232|4220, 5237527|4481, 5237587|4663, 5238588|4816, 5239260|4958, 5241150|5187, 5242711|5365, 5244682|5547, 5249765|5742, 5253954|5903, 5255090|6070, 5255936|6227, 5256607|6781, 5257162|7127, 5257777|7409, 5258458|7546, 5259712|7624, 5259951|7892, 5260471|9748, burj+khalifa, 
5260583|2228, 5261160|2351, 5262312|2451, 5262364|2544, 5264073|2781, 5266240|3052, 5266335|3306, 5267611|3469, 5267715|3577, 5267871|3695, 5269946|4432, 5270840|4617, 5271395|4786, 5271515|4952, 5273186|5078, 5276046|5244, 5283955|5499, 5285359|5715, 5286340|5876, 5287030|6269, 5287753|6368, 5288372|6909, 5288432|7176, 5289282|7262, 5289438|7342, 5290869|7425, 5291476|7607, 5291611|7860, 5291715|7968, 5292235|9797, pyeongchang, 
5292295|2230, 5292590|2311, 5292746|2409, 5294095|2529, 5294181|2615, 5294233|2727, 5296004|2871, 5296653|3084, 5298264|3405, 5299454|3747, 5299644|3872, 5299704|4063, 5301049|4235, 5303050|4398, 5303691|4574, 5304041|4706, 5304930|4847, 5305475|4941, 5306238|5152, 5306602|5294, 5307157|5407, 5307983|5536, 5309245|5677, 5311412|5803, 5319116|6119, 5320763|6285, 5321147|6371, 5321709|6479, 5322316|6611, 5322752|7178, 5324175|7316, 5324279|7766, 5324799|9806, colosseum+rome, 
5324859|2236, 5325310|2334, 5326641|2438, 5326693|2550, 5328400|2791, 5329049|3095, 5331931|3362, 5331983|3647, 5332243|3786, 5333852|4081, 5333998|4240, 5334736|4402, 5336519|4577, 5336605|4669, 5337160|4799, 5338012|5219, 5340341|5550, 5342092|5734, 5342699|5942, 5343254|6318, 5343809|6582, 5344364|6902, 5344919|7260, 5345474|7507, 5345526|7933, 5345942|9825, big+ben, 
5346002|2247, 5346453|2329, 5347809|2523, 5349581|2815, 5350178|2976, 5353330|3499, 5353590|3651, 5353642|3880, 5353702|4206, 5356331|4381, 5356972|4509, 5357683|4744, 5358963|4851, 5360265|5016, 5363015|5273, 5366303|5475, 5369163|5662, 5370144|5787, 5370699|6084, 5371254|6467, 5371809|6789, 5371869|7012, 5372933|7223, 5374894|7356, 5375032|7444, 5375691|7646, 5375743|8076, 5376263|9931, wencelas+square+prague, 
5376618|2407, 5376774|2517, 5378079|2601, 5378131|2726, 5379903|2866, 5380552|3092, 5383356|3328, 5383442|3464, 5383774|4131, 5386539|4401, 5388209|4528, 5388543|4614, 5389448|4721, 5389782|4856, 5390926|4957, 5391481|5293, 5392712|5406, 5392936|5647, 5394657|5751, 5395615|5855, 5401162|6070, 5404053|6268, 5405379|6387, 5405431|6495, 5405483|6921, 5406703|7306, 5406789|7391, 5406997|7844, 5407517|9861, eiffel+tower, 
5407872|2352, 5408028|2433, 5409339|2528, 5409391|2637, 5411099|2829, 5411245|2962, 5413266|3334, 5414630|3507, 5414734|3719, 5414838|3915, 5414890|4113, 5415400|4275, 5418161|4505, 5419700|4672, 5420675|4860, 5421737|5068, 5423923|5256, 5425735|5378, 5436921|5662, 5437919|5823, 5438765|5932, 5439320|6018, 5439875|6128, 5440430|6216, 5440546|6745, 5440606|7224, 5441057|7362, 5442486|7498, 5442725|7689, 5443037|9811, 5443245|9964, taipei+101, 
5443600|2294, 5443934|2443, 5445082|2529, 5445134|2646, 5446905|2776, 5447051|2880, 5447554|3032, 5450469|3419, 5450625|3562, 5450677|3732, 5451879|4162, 5452069|4307, 5453657|4603, 5454761|4797, 5456040|4969, 5456612|5122, 5457557|5364, 5460186|5519, 5462061|5646, 5466006|5805, 5468437|5932, 5470829|6075, 5471215|6179, 5471599|6274, 5472393|6473, 5472821|6788, 5473428|6888, 5473480|7353, 5474159|7450, 5475038|7549, 5476524|7660, 5476711|7836, 5476763|7935, 5477023|9781, 5477283|9887, burj+khalifa, 
5477395|2342, 5477794|2434, 5479124|2547, 5479176|2772, 5481034|2883, 5481597|3219, 5484493|3575, 5484753|3806, 5484813|4159, 5487692|4390, 5489014|4577, 5489569|4661, 5490630|4788, 5490808|4911, 5492013|5063, 5493027|5225, 5494742|5383, 5496211|5529, 5502477|5802, 5505190|5907, 5506354|6053, 5507356|6170, 5507740|6269, 5508534|6367, 5509141|6465, 5509193|6559, 5509258|7493, 5509613|7593, 5509947|7696, 5511201|7804, 5511388|7978, 5511440|8067, 5511700|9833, 5511960|9971, burj+khalifa, 
5512315|2416, 5512471|2506, 5513801|2638, 5513853|2784, 5515624|2950, 5516273|3193, 5517869|3399, 5519161|3540, 5519317|3785, 5519421|3968, 5521477|4380, 5522197|4523, 5523012|4750, 5523567|4948, 5523687|5144, 5525112|5276, 5526337|5432, 5529563|5627, 5533091|5819, 5535710|5951, 5538136|6077, 5540030|6228, 5546252|6387, 5549824|6540, 5552181|6638, 5553741|6736, 5554292|6838, 5555086|6929, 5555641|7090, 5555757|7594, 5556121|9751, 5556277|9862, peking, 
5556337|2316, 5556788|2394, 5558121|2501, 5558173|2628, 5559882|2864, 5560709|3158, 5562142|3329, 5563414|3533, 5563570|3879, 5564028|4131, 5564746|4299, 5566770|4462, 5566952|4595, 5567586|4730, 5568453|4918, 5569730|5184, 5571110|5316, 5578099|5550, 5581201|5722, 5585822|5945, 5585874|6066, 5586564|6181, 5586616|6301, 5586676|6515, 5587377|6614, 5589304|6700, 5589680|6784, 5590474|6866, 5590526|6950, 5590713|7387, 5591384|7471, 5591811|7737, 5591863|7919, 5592123|9702, 5592383|9851, cape+town, 
5592443|2241, 5592738|2325, 5593072|2422, 5594225|2543, 5594277|2630, 5595987|2792, 5596133|2918, 5598252|3184, 5598356|3720, 5599665|3872, 5599725|4135, 5600893|4336, 5603568|4519, 5604301|4655, 5604651|4805, 5605921|4914, 5606684|5020, 5607679|5717, 5607799|5832, 5609268|5922, 5610322|6034, 5614534|6166, 5618937|6372, 5619949|6505, 5620001|6616, 5620556|6915, 5621776|7388, 5622417|7481, 5622469|7600, 5622677|7870, 5623197|9815, eiffel+tower, 
5623262|2296, 5623322|2377, 5623773|2493, 5623951|2595, 5625104|2684, 5626867|2858, 5627308|2978, 5629126|3342, 5630409|3533, 5630669|3821, 5632724|4543, 5633546|4891, 5634484|5071, 5635432|5214, 5636811|5353, 5644582|5569, 5649754|5757, 5651730|5867, 5654174|5997, 5655103|6109, 5655722|6761, 5655782|6933, 5656632|7005, 5656966|7084, 5658777|7168, 5659332|7247, 5659384|7332, 5660126|7688, 5660178|8035, 5660698|9915, pyongyang, 
5660750|1381, 5660862|2302, 5661261|2372, 5661439|2490, 5662593|2582, 5662645|2686, 5664417|2846, 5665066|2999, 5667930|3484, 5668150|3878, 5668562|4241, 5671565|4410, 5672328|4588, 5673605|4938, 5674446|5054, 5680952|5268, 5686538|5428, 5689889|5595, 5691553|5745, 5692499|5916, 5692833|6028, 5693209|6131, 5694003|6278, 5694503|6798, 5695170|7000, 5695465|7098, 5695799|7175, 5697052|7250, 5697291|7353, 5697343|7459, 5697863|9820, singapore, 
5697923|2446, 5698374|2534, 5699681|2631, 5699733|2721, 5701649|3010, 5705068|3525, 5705328|3847, 5706849|4277, 5708120|4391, 5708722|4598, 5709715|4813, 5711053|5136, 5712536|5267, 5720779|5582, 5723305|5821, 5724241|5946, 5724752|6053, 5725494|6160, 5726101|6683, 5726656|7011, 5726716|7085, 5727011|7158, 5727900|7251, 5729151|7326, 5729338|7495, 5729945|7613, 5729997|7742, 5730517|9844, pyeongchang, 
5730629|2379, 5731206|2540, 5732351|2633, 5732403|2746, 5734175|2908, 5734772|3065, 5737691|3533, 5738015|3956, 5738531|4356, 5739264|4453, 5741933|4722, 5742019|4844, 5742131|5063, 5742581|5173, 5743854|5357, 5743906|5509, 5744513|5870, 5745068|6126, 5745623|6450, 5746178|6822, 5746606|7107, 5747042|7215, 5747094|7414, 5747510|9830, big+ben, 
5747570|2246, 5747865|2453, 5748021|2540, 5749328|2643, 5749380|2771, 5751299|2917, 5751802|3114, 5754700|3459, 5754960|3793, 5755476|4151, 5757871|4423, 5759651|4572, 5760001|4773, 5760890|4879, 5761538|4972, 5762334|5152, 5765918|5333, 5767865|5448, 5770279|5554, 5774006|5805, 5777213|5951, 5779241|6064, 5781772|6174, 5784226|6332, 5785020|6490, 5785575|6840, 5785627|6964, 5786931|7358, 5787035|7627, 5787555|10354, mirabell+gardens, 
5787615|2351, 5788066|2553, 5789377|2644, 5789429|2744, 5791223|2896, 5791786|3111, 5793391|3319, 5794664|3437, 5794820|3677, 5794924|3780, 5798188|4387, 5798522|4517, 5799077|4640, 5799892|4870, 5800064|5045, 5801541|5138, 5802404|5226, 5807463|5476, 5810571|5679, 5812183|5794, 5815806|5934, 5820018|6115, 5822216|6312, 5823992|6610, 5824138|6698, 5824723|6771, 5825485|6875, 5826003|6967, 5826610|7064, 5826662|7142, 5826714|7255, 5826797|9027, 5827317|9885, peking, 
5827377|3125, 5827672|3240, 5828006|3373, 5829157|3457, 5829209|3571, 5831127|3812, 5831630|4026, 5834414|4252, 5834500|4403, 5834760|4830, 5836293|5062, 5838899|5358, 5839249|5606, 5840138|5757, 5840788|5846, 5842019|6055, 5842409|6186, 5845664|6367, 5850491|6670, 5853155|6797, 5856088|6924, 5857033|7045, 5857640|7155, 5857692|7242, 5858299|7626, 5858854|7914, 5859409|8077, 5859764|8188, 5860098|8272, 5861403|8402, 5861642|8581, 5861902|10664, 5862162|10827, burj+khalifa, 
5862222|2354, 5862673|2434, 5864002|2564, 5864054|2666, 5865908|2867, 5866411|3040, 5867929|3282, 5869328|3444, 5869548|3958, 5869600|4281, 5869660|4432, 5872887|4655, 5873147|4901, 5874018|5111, 5875897|5251, 5882403|5503, 5885627|5663, 5889780|5838, 5892484|5998, 5894037|6134, 5894727|6537, 5895185|6663, 5895519|6809, 5895902|6923, 5896748|7067, 5896808|7472, 5897103|7548, 5897437|7630, 5898690|7707, 5898877|7789, 5898929|7909, 5899449|11267, singapore, 
5899509|2227, 5899804|2407, 5899960|2497, 5901286|2623, 5903196|2760, 5903603|2890, 5905277|3188, 5906624|3409, 5906710|3546, 5906878|4019, 5907238|4243, 5908127|4404, 5908682|4513, 5909237|4601, 5909792|4948, 5909904|5040, 5910354|5121, 5910916|5205, 5911292|5381, 5911899|5474, 5912506|5948, 5913061|6233, 5913616|6523, 5913980|6819, 5916006|7173, 5916092|7299, 5916204|7406, 5916776|7555, 5917156|7681, 5917468|7851, 5918508|7945, 5919542|8383, 5921844|8653, 5927668|8827, 5930112|8975, 5930382|9164, 5930486|9300, 5931006|10121, empire+state+building, 
5931066|2196, 5931361|2274, 5931517|2383, 5932824|2483, 5932876|2578, 5934216|2728, 5934734|2821, 5935297|3047, 5938134|3300, 5938220|3429, 5938480|3908, 5941012|4379, 5942005|4666, 5942125|4827, 5942899|4953, 5945709|5177, 5952039|5378, 5954545|5528, 5956327|5742, 5957308|5899, 5957927|6430, 5958534|6720, 5958949|7014, 5959451|7093, 5961217|7177, 5961601|7258, 5962634|7354, 5962686|7633, 5963241|7732, 5963293|8011, 5963813|9766, pyeongchang, 
5964168|2307, 5964502|2414, 5965651|2517, 5965703|2615, 5967562|2832, 5968303|3061, 5971061|3379, 5971269|3794, 5971433|4125, 5975393|4416, 5975497|4571, 5976319|4758, 5976881|4929, 5978366|5068, 5980089|5171, 5992079|5483, 5996695|5665, 5999340|5800, 5999392|5907, 6000134|6287, 6000689|6579, 6000801|6904, 6001251|6984, 6001429|7067, 6001805|7147, 6002599|7236, 6002651|7603, 6002911|9738, 6003171|9859, peking, 
6003526|2310, 6003860|2430, 6005009|2523, 6005061|2647, 6006832|2768, 6006978|2920, 6008999|3126, 6010466|3444, 6010854|3876, 6014978|4485, 6015845|4809, 6015965|4980, 6017785|5134, 6019726|5298, 6027397|5489, 6031100|5615, 6034619|5787, 6035378|5914, 6035677|6007, 6036305|6127, 6036688|6250, 6037482|6380, 6037909|6764, 6038516|6865, 6038576|7246, 6039478|7330, 6039812|7412, 6041068|7490, 6041359|7613, 6041879|9828, pyongyang, 
6041939|2264, 6042234|2339, 6042390|2423, 6043719|2550, 6043771|2649, 6045480|2804, 6045626|2920, 6046307|3205, 6047776|3377, 6049035|3576, 6049139|3682, 6049191|3788, 6049243|3934, 6049295|4118, 6049811|4351, 6052593|4593, 6053791|5146, 6054952|5341, 6055072|5459, 6055986|5566, 6058164|5719, 6065292|5887, 6070440|6056, 6074999|6189, 6076122|6314, 6076916|6419, 6077535|6939, 6077971|7263, 6078638|7383, 6079267|7500, 6080521|7591, 6081128|7678, 6081419|7867, 6081939|9850, the+great+wall+of+china, 
6081999|2287, 6082450|2400, 6083782|2521, 6083834|2650, 6085628|2879, 6087709|3251, 6089089|3510, 6089349|4044, 6091700|4249, 6094133|4533, 6094748|4652, 6096364|4771, 6097313|4876, 6098908|4984, 6098968|5165, 6102167|5326, 6103651|5434, 6108105|5572, 6116720|5825, 6117410|5996, 6119105|6171, 6119750|6330, 6120084|6457, 6120699|6677, 6122004|7406, 6122108|7749, 6122628|9816, mirabell+gardens, 
6122688|2304, 6122983|2409, 6123317|2518, 6124444|2613, 6124496|2742, 6126202|2838, 6126799|3010, 6128493|3242, 6129712|3431, 6129798|3559, 6129966|4014, 6130320|4202, 6130654|4317, 6131038|4409, 6131450|4504, 6131784|4594, 6132339|4681, 6132894|4960, 6133449|5334, 6134004|5609, 6134559|5707, 6135178|6283, 6135733|6386, 6136352|6910, 6136959|7184, 6137271|7294, 6137323|7601, 6139352|7717, 6139438|7824, 6139498|7915, 6140004|8086, 6140874|8331, 6141914|8816, 6143650|9262, 6152769|9710, 6153840|9881, 6153892|10000, 6154152|10349, 6154412|10453, empire+state+building, 
6154472|3656, 6154923|3739, 6156230|3891, 6156282|3973, 6158051|4187, 6158492|4313, 6160218|4540, 6161519|4770, 6161605|4901, 6161917|5229, 6163953|5667, 6166095|5886, 6166910|6187, 6167030|6559, 6169917|6709, 6178317|6988, 6182928|7112, 6187851|7270, 6189078|7391, 6189872|7516, 6190291|7993, 6191095|8077, 6192680|8154, 6193056|8250, 6193866|8359, 6194421|8446, 6194473|8526, 6194525|9070, 6194785|12350, 6195045|12487, peking, 
6195157|2315, 6195556|2400, 6196882|2518, 6196934|2622, 6198767|2916, 6199356|3194, 6200971|3358, 6202271|3522, 6202427|3745, 6202479|3892, 6202591|4121, 6203047|4308, 6205884|4487, 6206439|4617, 6206803|4802, 6208236|4979, 6209813|5103, 6219617|5514, 6219669|5636, 6219864|5747, 6220418|5857, 6220972|5967, 6221491|6067, 6222098|6166, 6222202|6272, 6222757|6389, 6223376|6852, 6223428|7281, 6223488|7491, 6223783|7578, 6224117|7673, 6225373|7751, 6225612|8074, 6225664|8185, 6225924|9751, 6226184|9871, sydney+harbour, 
6226539|2343, 6226695|2438, 6228005|2521, 6228057|2621, 6230205|2984, 6232035|3294, 6233207|3477, 6233293|3613, 6233501|3847, 6233553|4150, 6237709|4502, 6238264|4633, 6238324|4722, 6238886|4874, 6240318|5059, 6242059|5352, 6242179|5466, 6242833|5569, 6244056|5694, 6246782|5843, 6254056|6007, 6255089|6144, 6255141|6237, 6255748|6442, 6256303|6539, 6256355|6639, 6256710|7501, 6257044|7587, 6258297|7660, 6258484|7844, 6258536|7942, 6259056|9808, petronas+towers, 
6259411|2320, 6259745|2440, 6260899|2543, 6260951|2663, 6262659|2864, 6263256|2986, 6266300|3428, 6266468|3929, 6266984|4377, 6270795|4553, 6271621|4794, 6272005|4959, 6273583|5166, 6273843|5276, 6273963|5473, 6275492|5586, 6277003|5708, 6282970|5866, 6287754|6020, 6290406|6130, 6295412|6257, 6295568|6358, 6295815|6465, 6296161|6568, 6296870|6668, 6297560|6781, 6297664|6884, 6297716|7082, 6298271|7218, 6298678|7440, 6300265|7590, 6300452|7749, 6300504|7834, 6301024|9765, the+great+wall+of+china, 
6301379|2315, 6301713|2446, 6302845|2543, 6302897|2644, 6304606|2768, 6305047|2890, 6306861|3198, 6308191|3396, 6308515|3777, 6309031|4104, 6311543|4355, 6311647|4465, 6313514|4591, 6314289|5172, 6314896|5475, 6315451|5791, 6315563|6038, 6315857|6116, 6316567|6221, 6317122|6329, 6317174|6403, 6317781|6730, 6318217|7003, 6318824|7095, 6318876|7310, 6319292|9770, big+ben, 
6319352|2269, 6319803|2381, 6319981|2491, 6321110|2583, 6321162|2721, 6323021|2845, 6325102|3229, 6326499|3529, 6326667|3954, 6326737|4194, 6326849|4289, 6327253|4385, 6327986|4476, 6328541|4958, 6329096|5050, 6329715|5579, 6330322|5676, 6330728|6219, 6331062|6316, 6331437|6412, 6332044|6506, 6332703|6605, 6332963|6739, 6333399|6890, 6334006|7000, 6336114|7135, 6336672|7459, 6337490|7677, 6338582|7814, 6339055|8042, 6339616|8183, 6341502|8543, 6350134|8799, 6350186|8948, 6350560|9180, 6351782|9942, 6352128|10193, 6352336|10341, 6352616|10632, empire+state+building, 
6352676|2272, 6352971|2355, 6353305|2440, 6354434|2547, 6354486|2667, 6356341|2873, 6356904|3076, 6359774|3309, 6359860|3461, 6360144|4084, 6360504|4243, 6363397|4410, 6364038|4620, 6365333|5264, 6366380|5513, 6367053|5615, 6369106|5776, 6374895|5927, 6379211|6069, 6382435|6188, 6386266|6379, 6387684|6509, 6387796|6624, 6388194|6728, 6388800|6846, 6389319|6953, 6389926|7070, 6390030|7167, 6390541|7286, 6391971|7384, 6392210|7645, 6392730|9828, the+great+wall+of+china, 
6392795|2237, 6392855|2348, 6393306|2446, 6393484|2541, 6394669|2647, 6396375|2784, 6396816|2950, 6399839|3340, 6399925|3485, 6400081|3640, 6400133|3778, 6400185|4060, 6402443|4264, 6403418|4444, 6404479|4623, 6405680|4900, 6406863|5086, 6408726|5213, 6412965|5396, 6417702|5551, 6423225|5733, 6424118|5849, 6425314|5959, 6426458|6061, 6426792|6190, 6427918|6316, 6427970|6412, 6428462|6970, 6429253|7066, 6429639|7175, 6430893|7265, 6431132|7515, 6431652|9794, mt.+everest, 
6431712|2243, 6432007|2356, 6432341|2473, 6433491|2553, 6433543|2663, 6435253|2783, 6437516|3192, 6438801|3419, 6439061|3754, 6439121|4222, 6442354|4431, 6442860|4618, 6444233|4849, 6447141|5033, 6450132|5157, 6460243|5434, 6462346|5601, 6464093|5721, 6464887|5821, 6465442|6228, 6465997|6491, 6466057|6595, 6466559|6716, 6467113|6845, 6467855|6948, 6468395|7045, 6468898|7138, 6470331|7255, 6470518|7422, 6470570|7514, 6470934|9733, 6471194|9866, mt.+everest, 
6471254|2292, 6471705|2374, 6473026|2500, 6473078|2700, 6474934|2848, 6475549|3077, 6478463|3404, 6478827|3790, 6480438|4259, 6482809|4536, 6483221|4672, 6484110|4835, 6485417|5373, 6485972|5506, 6486092|5610, 6487006|5707, 6489704|5843, 6496312|5995, 6503731|6131, 6506678|6251, 6507645|6377, 6507780|6481, 6508439|6588, 6508994|7004, 6509046|7351, 6510353|7466, 6510457|7736, 6510977|9813, the+great+wall+of+china, 
6511037|2222, 6511666|2370, 6512831|2471, 6512917|2566, 6512969|2692, 6514825|2823, 6515388|2975, 6518293|3330, 6518553|3653, 6518665|4115, 6522566|4362, 6523572|4567, 6524127|4763, 6525829|4938, 6527300|5054, 6532316|5219, 6536479|5385, 6538676|5684, 6539482|6179, 6539534|6267, 6539586|6455, 6540141|6552, 6540696|6852, 6540756|7071, 6541486|7148, 6543121|7246, 6543360|7437, 6543880|9864, pyeongchang, 
6544235|2416, 6544391|2518, 6545720|2612, 6545772|2746, 6547543|2922, 6547984|3056, 6551002|3404, 6551088|3547, 6551192|3769, 6551348|3979, 6553683|4404, 6555563|4590, 6556468|4757, 6557972|4978, 6558587|5152, 6560592|5276, 6569479|5562, 6576704|5835, 6579619|6011, 6580226|6113, 6580781|6218, 6581336|6328, 6581891|6711, 6581943|7122, 6582298|7382, 6582454|7466, 6583884|7541, 6584071|7723, 6584206|7820, 6584726|9856, mt.+everest, 
6584786|2353, 6585185|2436, 6585415|2539, 6586620|2651, 6588329|2899, 6588475|3018, 6590496|3282, 6591907|3535, 6592231|4181, 6592925|4390, 6595527|4497, 6595613|4601, 6596168|4715, 6597229|4879, 6597797|4985, 6598845|5136, 6603168|5560, 6609984|5747, 6613578|6020, 6614080|6120, 6614642|6219, 6615384|6325, 6615436|6432, 6616107|6915, 6616159|7332, 6616219|7419, 6616514|7499, 6616848|7597, 6618102|7693, 6618341|7943, 6618601|9736, 6618861|9864, burj+khalifa, 
6618973|2303, 6619372|2383, 6620678|2504, 6620730|2605, 6622585|2842, 6623148|3028, 6624751|3238, 6626013|3548, 6626169|3719, 6626273|3849, 6626783|4343, 6629306|4500, 6630138|4683, 6630693|4788, 6631560|5315, 6632837|5426, 6633560|5540, 6636959|5693, 6647255|5871, 6649012|6081, 6649806|6188, 6649866|6677, 6650579|6762, 6651069|6846, 6652881|6924, 6653675|7007, 6653727|7086, 6654469|7339, 6654521|7420, 6654573|7778, 6654833|9718, 6655093|9867, cape+town, 
6655153|2331, 6655500|2409, 6655782|2534, 6656987|2626, 6658697|2886, 6659346|3042, 6660956|3306, 6662154|3499, 6662240|3658, 6662344|3765, 6662500|3939, 6662860|4268, 6666718|4476, 6667142|4696, 6667890|4883, 6671422|5075, 6683669|5378, 6687500|5606, 6688190|5750, 6688377|5886, 6688429|5970, 6689171|6086, 6689790|6596, 6689902|6703, 6690530|6823, 6690906|6912, 6691648|7001, 6691752|7098, 6692107|7200, 6692441|7280, 6693698|7360, 6693937|7523, 6694457|9842, pyongyang, 
6694812|2309, 6694968|2420, 6696297|2539, 6696349|2639, 6698143|2879, 6701533|3280, 6701619|3460, 6701671|3690, 6701879|4050, 6703925|4275, 6704848|4437, 6706021|4578, 6706576|4695, 6707131|5049, 6708605|5424, 6709685|5720, 6710877|5868, 6719968|6118, 6722776|6271, 6723570|6521, 6724125|6619, 6724177|6741, 6725395|7405, 6725481|7493, 6725585|7918, 6725845|9779, 6726105|9882, acropolis+of+athens, 
6726460|2350, 6727947|2512, 6727999|2602, 6729772|2843, 6730213|3006, 6733338|3465, 6733442|3600, 6733598|3710, 6735219|4277, 6736490|4486, 6737266|4657, 6737999|4787, 6738721|4921, 6742351|5155, 6749622|5484, 6752329|5701, 6752568|5838, 6753131|5946, 6753738|6046, 6754345|6543, 6754900|6641, 6755519|7124, 6755571|7197, 6756481|7281, 6756637|7355, 6758065|7445, 6758620|7529, 6758672|7615, 6758807|8072, 6758911|8183, 6759171|9805, 6759431|9911, pyeongchang, 
6759491|2276, 6759786|2364, 6760120|2490, 6761272|2580, 6761324|2717, 6763092|2860, 6763238|2978, 6765344|3330, 6766557|3479, 6766643|3634, 6766927|4211, 6766987|4419, 6770304|4620, 6770654|4763, 6770922|4933, 6772109|5093, 6773663|5245, 6774489|5401, 6776771|5564, 6781681|5727, 6787424|5857, 6789643|6005, 6790017|6128, 6790759|6227, 6791143|6599, 6791247|6697, 6791802|6795, 6792607|7464, 6793862|7568, 6794101|7806, 6794621|9807, taipei+101, 
6794681|2252, 6794976|2333, 6795132|2435, 6796440|2530, 6796492|2634, 6798203|2813, 6800498|3160, 6801801|3391, 6801853|3605, 6802009|3932, 6805400|4274, 6806341|4553, 6808083|4701, 6810200|4825, 6815949|5188, 6818615|5423, 6819357|5567, 6819976|6087, 6820040|6712, 6820595|6824, 6821815|7213, 6822456|7328, 6822862|7421, 6823248|7524, 6823632|7622, 6824426|7717, 6824478|8095, 6824998|10330, wencelas+square+prague, 
6825058|2175, 6825353|2251, 6825687|2379, 6826814|2466, 6826866|2567, 6828638|2682, 6829079|2820, 6832153|3224, 6832489|3730, 6834005|4076, 6834555|4228, 6836563|4407, 6836649|4495, 6836709|4583, 6837888|4710, 6838269|4797, 6838477|4887, 6839587|5032, 6839699|5346, 6841003|5451, 6841499|5566, 6843020|5675, 6844074|5780, 6849881|5930, 6852793|6111, 6853363|6266, 6854209|6377, 6854816|6674, 6855304|7050, 6856524|7295, 6856610|7389, 6856818|7924, 6857338|9737, eiffel+tower, 
6857693|2435, 6858027|2564, 6859175|2651, 6859227|2810, 6861087|2912, 6861650|3088, 6864623|3453, 6864709|3575, 6864969|3787, 6865029|4228, 6869108|4502, 6869212|4670, 6869767|4786, 6871247|5281, 6871854|5417, 6872116|5542, 6873637|5696, 6875633|5906, 6882376|6109, 6885583|6337, 6885635|6463, 6886389|6956, 6886441|7064, 6887662|7398, 6888303|7489, 6888459|7942, 6888979|9822, acropolis+of+athens, 
6889334|2308, 6889490|2428, 6890824|2521, 6890876|2640, 6892582|2905, 6893409|3090, 6896074|3399, 6896160|3534, 6896368|3695, 6896420|3814, 6897941|4221, 6898027|4325, 6899252|4479, 6899606|4592, 6900726|4752, 6901060|4867, 6902507|4999, 6905229|5223, 6907622|5378, 6909937|5504, 6915085|5674, 6922383|5903, 6922518|6148, 6924716|6273, 6924820|6410, 6925626|6854, 6926181|7096, 6926736|7256, 6928094|7380, 6928146|7584, 6928666|9841, mirabell+gardens, 
6928726|2233, 6929021|2317, 6929177|2430, 6930488|2548, 6932332|2805, 6932895|2929, 6935817|3311, 6936077|3728, 6936431|4130, 6940018|4365, 6940898|4555, 6941631|4713, 6941751|4867, 6945211|5069, 6956222|5407, 6959417|5561, 6961143|5728, 6961442|5822, 6961996|5926, 6962550|6022, 6963344|6173, 6963951|6598, 6964506|6952, 6964861|7132, 6965750|7225, 6967004|7320, 6967295|7506, 6967815|9715, pyongyang, 
6968170|2343, 6968326|2423, 6969652|2554, 6969704|2644, 6971474|2880, 6971620|2975, 6973762|3271, 6974956|3796, 6975094|3930, 6975558|4150, 6979411|4421, 6979497|4604, 6980052|4740, 6980208|4838, 6981490|4947, 6983057|5088, 6985340|5216, 6989049|5368, 6992424|5794, 6993182|5946, 6993789|6168, 6994217|6521, 6994824|6630, 6995431|7136, 6996787|7569, 6996891|7756, 6997411|9837, wencelas+square+prague, 
6997471|2226, 6997766|2312, 6998100|2411, 6999228|2510, 6999280|2651, 7001050|2805, 7001491|2923, 7003336|3138, 7004607|3345, 7004763|3489, 7004827|3963, 7005181|4080, 7005899|4189, 7006011|4314, 7006467|4401, 7007200|4497, 7007628|4577, 7007680|4657, 7008235|4748, 7008842|4839, 7009461|5394, 7010016|5490, 7010571|5681, 7011126|6044, 7011681|6410, 7011733|6546, 7012045|7016, 7014064|7393, 7014150|7540, 7014210|7626, 7014716|7758, 7014894|7865, 7015586|8011, 7016626|8126, 7017490|8556, 7017980|8707, 7028320|9063, 7028507|9375, 7028746|9520, 7029266|10247, empire+state+building, 
7029326|2311, 7029621|2392, 7029955|2525, 7031083|2634, 7031135|2784, 7033556|3037, 7035074|3249, 7036430|3442, 7036586|3795, 7036690|4022, 7037384|4236, 7040617|4414, 7041484|4957, 7042039|5111, 7042301|5219, 7043678|5334, 7046026|5470, 7054374|5697, 7058754|5958, 7059452|6080, 7060381|6189, 7061052|6740, 7061488|7076, 7062095|7162, 7062147|7266, 7062667|9851, cape+town, 
7062732|2256, 7063087|2341, 7063243|2429, 7064549|2539, 7064601|2620, 7066449|2879, 7068657|3184, 7069911|3451, 7071620|4163, 7072418|4361, 7074483|4528, 7075298|4907, 7076038|5205, 7077136|5334, 7079518|5459, 7092023|5800, 7095136|5984, 7097996|6137, 7099008|6305, 7100169|6804, 7100503|6887, 7101756|6966, 7102349|7144, 7102818|7228, 7103202|7321, 7104048|7416, 7104568|9746, peking, 
7104628|2299, 7105079|2382, 7106384|2506, 7106436|2754, 7108293|2887, 7110462|3324, 7111772|3491, 7111824|3609, 7111980|3726, 7112032|3896, 7113703|4337, 7115023|4490, 7115383|4595, 7116778|4766, 7117346|4877, 7117606|5030, 7120264|5288, 7121506|5452, 7123482|5600, 7127656|5775, 7133217|5941, 7134063|6059, 7134618|6443, 7135024|6722, 7135358|6819, 7135734|6906, 7136611|7086, 7137218|7322, 7137573|7486, 7137907|7577, 7139212|7711, 7139399|7880, 7139451|7964, 7139971|9841, burj+khalifa, 
7140031|2285, 7140482|2489, 7141815|2615, 7141867|2758, 7144015|2941, 7145840|3140, 7147035|3388, 7147173|3584, 7147329|3731, 7148945|4169, 7150215|4416, 7150995|4553, 7152218|4736, 7152868|4859, 7154489|5058, 7155950|5212, 7157568|5391, 7161135|5538, 7167033|5709, 7167220|5814, 7167467|5911, 7167896|6006, 7168606|6145, 7169348|6264, 7169400|6347, 7170007|6456, 7170391|6866, 7171114|7068, 7171174|7268, 7172076|7356, 7172410|7445, 7173662|7532, 7173953|7759, 7174473|9865, burj+khalifa, 
7174533|2257, 7174828|2345, 7175162|2496, 7176316|2586, 7176368|2688, 7178136|2811, 7178785|3144, 7180402|3291, 7181673|3427, 7181933|3929, 7181993|4250, 7185134|4429, 7185220|4622, 7186125|4760, 7186459|4911, 7188072|5066, 7188280|5275, 7189557|5436, 7190225|5552, 7191073|5639, 7198073|5817, 7203680|6003, 7205972|6144, 7206907|6256, 7207701|6346, 7208129|6453, 7208736|6557, 7209898|7113, 7210305|7514, 7210639|7613, 7211893|7696, 7212132|7869, 7212652|9841, pyramids+of+giza, 
7212712|2214, 7213007|2301, 7213163|2401, 7214489|2490, 7214541|2572, 7216311|2757, 7216752|2885, 7219735|3297, 7219821|3447, 7219977|3636, 7220081|3878, 7222170|4208, 7224140|4405, 7224708|4601, 7225441|4733, 7225753|4878, 7226428|5033, 7227402|5156, 7229975|5273, 7235670|5421, 7241812|5571, 7243251|5728, 7243573|5870, 7244367|5984, 7244773|6121, 7245491|6234, 7246233|6330, 7246285|6419, 7246401|6877, 7246921|9816, cape+town, 
7246981|2434, 7247276|2541, 7248950|2646, 7249185|2785, 7250648|2961, 7251151|3166, 7252769|3361, 7254037|3505, 7254193|3815, 7254297|4007, 7254985|4234, 7257833|4434, 7258722|4570, 7259277|4710, 7259537|4817, 7260968|5077, 7261694|5154, 7263414|5252, 7269452|5409, 7273496|5590, 7276270|5768, 7277199|5897, 7277438|6084, 7277793|6634, 7278127|6715, 7279383|6788, 7279622|6947, 7279882|9811, 7280142|9920, toronto+canada, 
7280202|2341, 7280653|2480, 7281983|2584, 7282035|2686, 7284245|2971, 7287211|3433, 7287297|3551, 7287401|3666, 7287557|3781, 7289475|4380, 7289561|4506, 7289621|4691, 7290509|4876, 7291559|5092, 7293869|5267, 7299651|5461, 7303544|5631, 7305062|5756, 7305856|5866, 7306411|5962, 7306817|6086, 7307535|6185, 7308090|6282, 7308142|6377, 7309491|6498, 7309551|6784, 7310401|6869, 7310735|6952, 7311985|7031, 7312592|7203, 7313334|7464, 7313386|7762, 7313646|9736, 7313906|9867, pyeongchang, 
7313966|2348, 7314417|2470, 7315749|2617, 7315801|2743, 7317653|2953, 7319797|3221, 7321094|3515, 7321302|3641, 7321354|3815, 7322048|4341, 7324653|4532, 7325059|4760, 7325393|4854, 7325777|4977, 7327123|5223, 7327243|5531, 7328828|5689, 7329184|5808, 7335279|6009, 7340271|6154, 7340878|6285, 7341620|6396, 7342175|6711, 7342227|6831, 7343445|7428, 7343531|7521, 7343699|7925, 7344219|9804, acropolis+of+athens, 
7344279|2335, 7344730|2438, 7346061|2575, 7346113|2671, 7347969|2935, 7350144|3252, 7351401|3424, 7352823|4179, 7353315|4370, 7355553|4528, 7355665|4642, 7356299|4743, 7357114|4929, 7357234|5049, 7358651|5196, 7360318|5334, 7367138|5496, 7370765|5770, 7372335|5918, 7373129|6020, 7373587|6134, 7373743|6239, 7374297|6341, 7375039|6450, 7375091|6558, 7375698|6897, 7375758|7087, 7376261|7222, 7377695|7308, 7377934|7539, 7378454|9873, toronto+canada, 
7378514|2287, 7378965|2381, 7379143|2492, 7380344|2621, 7382261|2903, 7385772|3327, 7386032|3754, 7386392|4189, 7389349|4354, 7390719|4706, 7390839|4908, 7392398|5031, 7398794|5220, 7402811|5414, 7405541|5623, 7406657|5781, 7407212|6098, 7407831|6603, 7407883|6728, 7407943|7038, 7408394|7135, 7409824|7218, 7410063|7395, 7410583|9767, pyeongchang, 
7410643|2280, 7410938|2365, 7412425|2612, 7414188|2803, 7414837|3074, 7417787|3491, 7417943|3674, 7418099|3809, 7420086|4513, 7421841|4920, 7423189|5112, 7425562|5389, 7432296|5614, 7440210|5819, 7443990|5961, 7444229|6068, 7444900|6502, 7445455|6828, 7446010|7145, 7446365|7338, 7447254|7430, 7448508|7510, 7449063|7591, 7449115|7775, 7449354|7987, 7449874|9775, mt.+everest, 
7449934|2301, 7450385|2432, 7451714|2571, 7451766|2682, 7453613|2821, 7454124|2997, 7456996|3341, 7457082|3529, 7457290|3697, 7457342|3905, 7457702|4321, 7460657|4483, 7461622|4785, 7461956|4930, 7462509|5096, 7463271|5227, 7464501|5373, 7465108|5548, 7465830|5661, 7466934|5819, 7470891|5953, 7477443|6122, 7479017|6269, 7479069|6383, 7479811|6486, 7480366|7022, 7480921|7286, 7482142|7370, 7482228|7461, 7482280|7586, 7482488|7923, 7482748|9727, 7483008|9850, colosseum+rome, 
7483120|2317, 7483697|2423, 7484848|2544, 7484900|2653, 7486756|2891, 7487497|3165, 7490167|3437, 7490253|3556, 7490873|4191, 7494575|4462, 7495275|4580, 7495829|4656, 7496942|4817, 7497501|4911, 7497761|5028, 7498316|5178, 7499651|5506, 7499771|5694, 7500373|5788, 7501596|5900, 7506766|6071, 7511096|6254, 7511148|6350, 7511447|6457, 7512075|6562, 7512459|6659, 7513336|6760, 7513943|7109, 7513995|7339, 7515300|7462, 7515508|8046, 7516028|9803, eiffel+tower, 
7516383|2361, 7517850|2513, 7517902|2602, 7519609|2846, 7520050|2968, 7523182|3382, 7523442|3963, 7527387|4470, 7528133|4671, 7529503|4866, 7529623|5048, 7531152|5178, 7533457|5307, 7541636|5539, 7544986|5819, 7546102|5984, 7546657|6366, 7546717|6461, 7547012|6553, 7547901|6652, 7549156|6728, 7549395|6854, 7549447|6948, 7549707|9675, 7549967|9814, toronto+canada, 
7550322|3500, 7550656|3690, 7551856|3787, 7554005|4149, 7555844|4465, 7557114|4640, 7557434|5199, 7559549|5393, 7562208|5597, 7562572|5750, 7563127|5888, 7563849|6045, 7564776|6179, 7570654|6416, 7576000|6682, 7576697|6830, 7577543|6956, 7577971|7247, 7578578|7341, 7578630|7862, 7579249|7970, 7579804|8320, 7579856|8465, 7579916|8554, 7580211|8634, 7580545|8731, 7581798|8826, 7581933|9142, 7582089|9227, 7582609|11373, sydney+harbour, 
7582669|2321, 7583120|2410, 7584426|2510, 7584478|2613, 7586247|2841, 7586688|2962, 7589760|3401, 7589916|3571, 7590020|3723, 7592910|4348, 7594757|4502, 7595818|4752, 7596385|4874, 7596749|5011, 7597304|5135, 7598343|5390, 7599613|5593, 7607187|5788, 7611471|5979, 7612265|6161, 7612828|6379, 7613487|6485, 7613603|7059, 7614822|7288, 7614908|7383, 7615012|7635, 7615272|9818, 7615532|9911, colosseum+rome, 
7615592|2362, 7615887|2452, 7616043|2543, 7617369|2694, 7617421|2787, 7619192|2922, 7619841|3201, 7621454|3438, 7622754|3591, 7625393|4495, 7626693|4629, 7628436|4731, 7628786|4908, 7629054|5088, 7629860|5200, 7630997|5311, 7631604|5420, 7632939|5765, 7633661|5922, 7636062|6100, 7640638|6244, 7646705|6411, 7646840|6526, 7646892|6635, 7647515|6738, 7647567|6858, 7648788|7585, 7648874|7668, 7649082|8245, 7649602|9861, colosseum+rome, 
7649662|2325, 7649957|2400, 7650291|2512, 7651423|2596, 7651475|2711, 7653266|2898, 7653378|2995, 7655453|3247, 7656663|3384, 7656749|3526, 7657009|3789, 7657369|4159, 7660248|4297, 7660334|4439, 7661299|4689, 7662864|4837, 7663566|5107, 7665344|5331, 7667259|5490, 7669087|5594, 7676482|5784, 7681110|5954, 7682784|6114, 7683526|6212, 7684081|6739, 7684752|6839, 7685315|7442, 7686749|7538, 7686936|7705, 7686988|7810, 7687508|9823, pyramids+of+giza, 
7687863|2331, 7688197|2469, 7689347|2553, 7689399|2664, 7691247|2819, 7691810|3058, 7694742|3370, 7695078|3915, 7695594|4250, 7698414|4423, 7698969|4668, 7700264|5224, 7700819|5335, 7701541|5463, 7702373|5599, 7705129|5734, 7714240|5913, 7715506|6096, 7716248|6419, 7716803|6785, 7717358|7086, 7718665|7211, 7718821|7426, 7719133|9762, 7719341|9936, acropolis+of+athens, 
7719401|2272, 7719696|2358, 7720030|2482, 7721159|2575, 7721211|2690, 7722983|2817, 7723632|3079, 7726530|3332, 7726686|3707, 7726790|3846, 7730450|4485, 7731005|4617, 7731355|4725, 7732244|4842, 7732833|4956, 7733388|5127, 7733752|5289, 7734307|5426, 7734728|5557, 7736074|5691, 7737262|5797, 7742982|5956, 7745468|6093, 7746321|6248, 7747167|6365, 7747595|6679, 7748202|6775, 7748638|7197, 7749245|7388, 7750552|7497, 7750604|7724, 7750772|8163, 7751292|9800, eiffel+tower, 
7751404|2540, 7751803|2638, 7753525|2716, 7753577|2857, 7754978|2957, 7757157|3313, 7758357|3537, 7758443|3677, 7758547|3836, 7758703|3985, 7760288|4333, 7760426|4459, 7761689|4629, 7761989|4718, 7763228|4832, 7763562|4952, 7764151|5051, 7764766|5204, 7766342|5420, 7767105|5547, 7767165|5648, 7767827|5744, 7769800|5862, 7772868|5997, 7778467|6283, 7778654|6398, 7779396|6492, 7779951|6792, 7780003|7244, 7781218|7390, 7781304|7481, 7781576|8067, 7781836|9786, 7782096|9924, eiffel+tower, 
7782156|2302, 7782451|2409, 7783934|2556, 7783986|2775, 7785779|2910, 7787860|3108, 7789248|3419, 7789868|3876, 7792854|4293, 7792914|4433, 7793890|4582, 7795731|4792, 7796830|5026, 7799082|5204, 7805995|5418, 7812322|5614, 7812696|5750, 7813438|5877, 7813993|6361, 7814548|6657, 7815103|6974, 7815215|7127, 7815844|7282, 7817097|7387, 7817336|7586, 7817856|9902, taipei+101, 
7818211|2323, 7818367|2440, 7819689|2536, 7819741|2650, 7821509|2801, 7821950|2953, 7823876|3348, 7825181|3489, 7825389|3711, 7825441|3807, 7825501|4306, 7828761|4497, 7829316|4638, 7830932|4794, 7831960|4938, 7832619|5222, 7833896|5388, 7834208|5482, 7835256|5592, 7843719|5769, 7849225|5905, 7851246|6073, 7851298|6180, 7851913|6494, 7852520|6599, 7852636|7129, 7852701|7356, 7853056|7444, 7853390|7562, 7854645|7641, 7854884|7870, 7855404|9827, pyramids+of+giza, 
7855464|2434, 7855915|2558, 7857241|2696, 7857293|2808, 7859144|3009, 7861165|3310, 7862497|3519, 7862583|3633, 7863359|4366, 7864092|4511, 7866657|4641, 7867427|4785, 7868480|4962, 7869404|5104, 7870048|5252, 7870655|5428, 7871429|5574, 7873029|5698, 7874843|5792, 7882892|5970, 7888474|6165, 7889455|6292, 7889507|6395, 7890062|6626, 7890114|7064, 7890174|7513, 7890573|7621, 7892058|7707, 7892245|8014, 7892297|8113, 7892817|9880, pyramids+of+giza, 
7892877|2289, 7893172|2397, 7893506|2528, 7894634|2629, 7896392|2761, 7896538|2895, 7897041|3006, 7898645|3251, 7899841|3424, 7899927|3572, 7900187|3815, 7901782|4362, 7903823|4546, 7904690|4819, 7905164|4979, 7906359|5126, 7912360|5470, 7913517|5631, 7914713|5772, 7915152|5907, 7915523|6010, 7915549|6114, 7915827|6411, 7916030|6526, 7916197|6634, 3973441|6738, 3974610|6886, 3974774|7000, 3975225|7113, 3976656|7192, 3976895|7365, 3977155|9692, 3977415|9806, pyongyang, 
3977475|2305, 3978104|2452, 3979300|2594, 3981267|2979, 3983322|3338, 3984587|3618, 3984847|3798, 3985433|4279, 3988227|4447, 3988782|4539, 3990021|4772, 3990671|4872, 3993955|5238, 3995675|5434, 4003163|5624, 4004715|5745, 4005526|5856, 4006280|6254, 4006332|6355, 4006738|6656, 4007456|6760, 4007539|6862, 4008250|6983, 4008302|7237, 4008362|7353, 4008813|7451, 4010244|7552, 4010483|7849, 4011003|9857, burj+khalifa, 
4011358|2385, 4011514|2465, 4012843|2577, 4012895|2673, 4014665|2906, 4015262|3092, 4016931|3319, 4018149|3495, 4018235|3640, 4018443|3769, 4018495|3949, 4020793|4484, 4021768|4620, 4021828|4702, 4022274|4812, 4023395|4908, 4024373|5031, 4026763|5223, 4028426|5378, 4030506|5496, 4032990|5606, 4043009|5825, 4046902|6160, 4047682|6327, 4048392|6520, 4049134|6649, 4049186|6740, 4049793|7063, 4050348|7187, 4051650|7429, 4052205|7521, 4052309|7613, 4052864|7783, 4052928|8308, 4053448|9889, mirabell+gardens, 
4053573|2342, 4053868|2427, 4054202|2555, 4055387|2650, 4057180|2919, 4059261|3218, 4060619|3389, 4060775|3662, 4061309|4104, 4062198|4252, 4064294|4392, 4064935|4523, 4065337|4672, 4066815|4843, 4067127|5007, 4068174|5193, 4069025|5350, 4072755|5510, 4080855|5639, 4082977|5828, 4083268|5945, 4084017|6050, 4084579|6143, 4085238|6259, 4085290|6798, 4085645|7370, 4085979|7477, 4087231|7573, 4087418|7744, 4087470|7853, 4087730|9749, 4087990|9866, taipei+101, 
4088050|2346, 4088102|2430, 4088501|2535, 4089812|2641, 4089864|2777, 4092219|3077, 4093844|3291, 4095040|3432, 4095386|3734, 4097431|4598, 4097791|4708, 4098237|4832, 4100006|5073, 4101185|5225, 4101316|5371, 4101737|5462, 4103030|5572, 4106342|5697, 4117614|6035, 4120176|6190, 4121209|6304, 4121764|6408, 4122383|6912, 4122938|7303, 4122998|7397, 4123293|7484, 4124936|7627, 4125123|7810, 4125175|7944, 4125695|9903, pyramids+of+giza, 
4125755|2270, 4126206|2378, 4127552|2498, 4127638|2603, 4127690|2763, 4129546|2905, 4130109|3074, 4133019|3412, 4133175|3798, 4133279|4026, 4133633|4399, 4136455|4556, 4136831|4665, 4137749|4816, 4139924|5031, 4140739|5261, 4141786|5388, 4142976|5490, 4144702|5611, 4150647|5771, 4152987|5959, 4153864|6083, 4153916|6178, 4154471|6460, 4155026|6744, 4155581|7128, 4156937|7403, 4157041|7660, 4157301|9769, 4157561|9947, petronas+towers, 
4157621|2313, 4157916|2396, 4159401|2531, 4159453|2619, 4161248|2852, 4161603|2967, 4163435|3246, 4164663|3556, 4164767|3685, 4164923|3932, 4166480|4233, 4167791|4462, 4168151|4577, 4168545|4681, 4169546|4780, 4170667|4888, 4170927|4986, 4172713|5225, 4174271|5373, 4175717|5485, 4178586|5611, 4181528|5766, 4186178|6017, 4188114|6152, 4192620|6328, 4194034|6475, 4194641|6622, 4194693|6931, 4195910|7323, 4195996|7408, 4196112|7805, 4196632|9754, mirabell+gardens, 
4196692|2530, 4196987|2606, 4197143|2730, 4198449|2819, 4198501|2941, 4200416|3176, 4202574|3531, 4203872|3682, 4204320|4429, 4207253|4669, 4208559|4818, 4209620|5072, 4211306|5250, 4211366|5364, 4212791|5485, 4214010|5610, 4219659|5766, 4223819|5915, 4227369|6055, 4228014|6191, 4228348|6308, 4228731|6399, 4229473|6491, 4229525|6596, 4229953|6792, 4230560|6890, 4230612|7402, 4230967|7595, 4231301|7736, 4232554|7875, 4232793|8111, 4233313|10058, taipei+101, 
4233425|2345, 4233824|2427, 4235128|2580, 4235180|2679, 4236950|2879, 4237599|3119, 4240523|3445, 4240783|3860, 4241213|4296, 4244017|4480, 4244658|4592, 4244718|4669, 4245719|4795, 4246545|4900, 4247221|5025, 4249805|5241, 4250999|5360, 4253067|5465, 4260493|5658, 4266039|5913, 4268064|6113, 4269409|6290, 4270234|6734, 4271277|7123, 4271329|7260, 4272546|7404, 4272632|7489, 4272736|7653, 4273256|9808, mirabell+gardens, 
4273316|2274, 4273611|2355, 4273767|2425, 4275090|2543, 4275176|2653, 4275228|2781, 4277084|2903, 4279165|3197, 4280465|3419, 4280551|3574, 4280811|3820, 4280871|4071, 4284108|4325, 4284663|4691, 4285218|4835, 4286137|5120, 4286257|5240, 4287933|5460, 4290447|5571, 4299790|5793, 4300584|6254, 4301139|6560, 4301567|6696, 4302003|6828, 4302055|7005, 4303273|7112, 4303359|7216, 4303463|7490, 4303983|9874, acropolis+of+athens, 
4304043|2390, 4304494|2596, 4305821|2714, 4307644|2917, 4307790|3033, 4308293|3312, 4309906|3471, 4311147|3579, 4311491|4172, 4312680|4473, 4314814|4583, 4315429|4720, 4316135|4876, 4317561|5067, 4318236|5211, 4319210|5350, 4321900|5477, 4330022|5633, 4333975|5820, 4334425|5914, 4334979|6050, 4335721|6191, 4335773|6286, 4335825|6644, 4336380|6745, 4336935|7035, 4337047|7391, 4337676|7615, 4338931|7757, 4339118|7857, 4339170|7959, 4339430|9775, 4339690|9862, taipei+101, 
4339750|2258, 4340045|2374, 4340379|2498, 4341512|2583, 4341564|2708, 4343270|2822, 4343416|2917, 4345545|3246, 4346686|3438, 4346772|3558, 4347108|4146, 4349496|4386, 4350155|4492, 4351358|4642, 4351913|4770, 4352263|4896, 4353385|5066, 4354979|5229, 4355706|5465, 4356620|5569, 4358275|5680, 4360727|5794, 4370326|6040, 4373508|6199, 4374236|6336, 4374978|6534, 4375414|6920, 4375466|7050, 4375526|7518, 4375873|7603, 4376155|7696, 4377411|7774, 4377598|7934, 4377650|8036, 4378170|9865, pyramids+of+giza, 
4378230|2314, 4378525|2408, 4379989|2568, 4380041|2676, 4381747|2850, 4382396|3120, 4385187|3393, 4385273|3508, 4385481|3862, 4385945|4139, 4388912|4366, 4389791|4810, 4390346|5028, 4390529|5277, 4392603|5429, 4399771|5650, 4403459|5761, 4406281|5928, 4406686|6048, 4407293|6185, 4407848|6420, 4407908|6589, 4408203|6680, 4409092|6764, 4410348|6837, 4410699|7010, 4411149|7092, 4411703|7169, 4411838|7265, 4411942|7378, 4412202|9674, 4412462|9831, toronto+canada, 
4412522|2305, 4412817|2464, 4413151|2579, 4414278|2673, 4414330|2796, 4416927|3245, 4418353|3456, 4419649|3593, 4419909|4098, 4419969|4371, 4422551|4542, 4423344|4683, 4423790|4794, 4425164|4969, 4426198|5153, 4427125|5311, 4433829|5600, 4441591|5849, 4442888|5995, 4443000|6132, 4443294|6228, 4444012|6328, 4444806|6571, 4445413|6954, 4445968|7256, 4446323|7409, 4447959|7576, 4448198|7791, 4448718|9766, taipei+101, 
4448778|7651, 4449073|7739, 4449229|7838, 4450541|7931, 4450593|8077, 4452389|8234, 4452952|8454, 4455772|8693, 4455858|8821, 4455962|8948, 4456014|9158, 4456178|9565, 4460228|9827, 4461013|9996, 4463064|10242, 4464236|10409, 4466424|10527, 4470431|10691, 4479389|10868, 4482654|11017, 4482945|11125, 4484190|11249, 4484745|11688, 4485151|11999, 4485861|12128, 4486100|12272, 4486160|12501, 4486611|12600, 4488047|12682, 4488234|12959, 4488286|13037, 4488806|15125, mt.+everest, 
4488866|2257, 4489161|2358, 4490623|2502, 4490675|2598, 4493092|3070, 4495957|3283, 4496217|3626, 4496571|4090, 4499349|4325, 4499761|4420, 4500710|4507, 4501156|4684, 4503257|4921, 4503377|5040, 4504846|5172, 4505900|5299, 4514151|5502, 4515014|5720, 4515808|5835, 4516363|6159, 4516918|6265, 4517473|6563, 4519397|7143, 4519501|7423, 4519553|7575, 4520073|9816, petronas+towers, 
4520133|2362, 4520584|2462, 4520762|2612, 4521915|2693, 4521967|2792, 4523673|2908, 4524114|3020, 4525945|3288, 4527169|3564, 4527377|3717, 4527429|3897, 4527783|4338, 4530539|4534, 4530922|4652, 4531996|4821, 4533295|4920, 4533867|5019, 4535327|5301, 4537981|5450, 4540148|5573, 4541254|5660, 4550354|5882, 4555641|6110, 4556705|6282, 4556757|6445, 4557376|6924, 4557931|7308, 4559148|7507, 4559286|7621, 4559390|7785, 4559910|9841, mirabell+gardens, 
4560265|2350, 4560599|2479, 4561726|2588, 4561778|2692, 4563548|2835, 4564145|3047, 4567129|3330, 4567413|4011, 4570967|4425, 4571958|4669, 4572669|4850, 4573315|4996, 4576054|5168, 4579073|5306, 4589643|5566, 4593690|5779, 4595422|5939, 4596311|6071, 4596926|6486, 4597533|6588, 4598140|6692, 4598695|6937, 4598755|7162, 4599102|7252, 4599436|7362, 4600691|7444, 4600930|7640, 4601190|9733, 4601450|9878, mt.+everest, 
4601510|2326, 4601961|2564, 4603271|2658, 4603323|2762, 4605117|2919, 4607198|3214, 4608580|3546, 4608840|3834, 4608900|4134, 4609528|4309, 4612014|4503, 4612648|4651, 4614018|4791, 4614138|4918, 4615436|5068, 4618438|5249, 4626944|5494, 4627654|5605, 4629914|5747, 4630070|5856, 4630689|6288, 4631296|6673, 4631348|7009, 4631703|7093, 4632037|7164, 4633294|7243, 4633533|7404, 4633593|8562, 4633943|8653, 4634277|8756, 4635568|8839, 4635620|8929, 4636140|9985, toronto+canada, 
4636495|2358, 4636829|2522, 4637980|2624, 4638032|2839, 4639888|2951, 4640451|3112, 4643308|3471, 4643580|4010, 4643940|4319, 4644274|4451, 4646834|4616, 4647240|4890, 4647950|5057, 4649476|5241, 4650198|5397, 4652133|5554, 4655631|5737, 4663229|5848, 4670544|6075, 4671660|6213, 4672066|6321, 4672400|6459, 4672783|6551, 4673525|6633, 4673577|6718, 4674005|7110, 4674057|7264, 4674577|9816, cape+town, 
4674637|2383, 4675088|2475, 4675266|2599, 4676421|2681, 4676473|2812, 4678620|3078, 4680346|3224, 4681637|3469, 4681723|3612, 4681827|3737, 4681983|3965, 4682677|4288, 4685830|4478, 4685890|4623, 4687974|4819, 4688974|5060, 4691258|5208, 4693417|5329, 4704308|5601, 4706962|5760, 4708293|5861, 4708532|5960, 4709054|6058, 4709388|6156, 4709772|6260, 4710566|6385, 4711237|6864, 4712199|7197, 4712533|7302, 4713788|7397, 4714027|7540, 4714079|7645, 4714339|9828, 4714599|9978, mt.+everest, 
4714659|2217, 4714954|2294, 4715288|2377, 4716438|2485, 4716490|2581, 4718347|2844, 4720522|3140, 4721800|3360, 4722060|3622, 4725186|4251, 4725710|4382, 4726265|4524, 4727080|4907, 4727200|5044, 4729753|5165, 4731682|5282, 4739080|5444, 4741622|5606, 4742922|5727, 4744175|5858, 4744834|6012, 4745389|6151, 4745944|6284, 4746854|6484, 4747188|6580, 4748442|6683, 4748733|6907, 4749045|9671, 4749253|9779, toronto+canada, 
4749313|2452, 4749764|2558, 4751548|2659, 4752911|2804, 4755130|3133, 4756416|3360, 4756502|3528, 4756554|3644, 4756866|3887, 4756926|4133, 4759963|4330, 4761037|4602, 4763118|4890, 4764920|5070, 4767257|5222, 4778564|5540, 4781599|5696, 4783544|5823, 4784338|5927, 4784945|6041, 4785500|6374, 4786055|6698, 4786107|7038, 4786167|7231, 4786462|7310, 4786796|7396, 4788047|7504, 4788286|7701, 4788806|9710, mt.+everest, 
4788866|2264, 4789161|2343, 4790648|2513, 4790700|2629, 4792552|2908, 4794573|3151, 4795937|3432, 4796333|4103, 4796967|4253, 4798077|4391, 4800236|4511, 4801297|4758, 4802115|4933, 4803301|5095, 4803915|5274, 4804522|5409, 4805014|5513, 4806590|5657, 4811564|5810, 4816747|6035, 4817069|6193, 4817728|6301, 4817792|6829, 4819010|7251, 4819096|7360, 4819200|7813, 4819720|10256, petronas+towers, 
4819780|2396, 4820231|2497, 4821534|2620, 4821586|2726, 4823349|2837, 4823495|2963, 4826842|3170, 4826928|3533, 4827032|3679, 4827084|3806, 4827240|3964, 4831550|4473, 4831978|4972, 4832717|5205, 4834238|5300, 4836682|5498, 4844024|5670, 4845567|5852, 4845878|6268, 4846328|6358, 4846882|6469, 4847401|6564, 4848008|6665, 4848060|6760, 4848791|7201, 4849086|7277, 4849975|7356, 4851284|7456, 4851523|7850, 4851575|7934, 4852095|9873, sydney+harbour, 
4852160|2366, 4852515|2444, 4852671|2534, 4852849|2625, 4853975|2700, 4854027|2835, 4855997|2997, 4857966|3275, 4859266|3493, 4859352|3612, 4859664|4015, 4859724|4220, 4860913|4397, 4862919|4585, 4863474|4711, 4863838|4848, 4864885|5036, 4866291|5155, 4871988|5357, 4876920|5562, 4877943|5707, 4878130|5814, 4878924|5920, 4879543|6514, 4879979|6839, 4880586|6943, 4880638|7335, 4880698|7515, 4880993|7604, 4881327|7685, 4882583|7762, 4882938|8445, 4883458|9798, sydney+harbour, 
4883813|2341, 4883969|2432, 4885299|2547, 4885351|2733, 4887145|2878, 4887708|3018, 4890494|3464, 4890580|3603, 4890864|4270, 4894206|4513, 4895129|4669, 4895501|4970, 4896513|5171, 4897842|5294, 4899363|5417, 4904457|5564, 4909558|5737, 4910944|5880, 4912684|6030, 4913194|6412, 4913800|6548, 4914602|6659, 4915283|6762, 4916541|6853, 4917200|6944, 4918025|7264, 4918077|7625, 4918337|9713, 4918597|9835, toronto+canada, 
4918709|2393, 4919108|2498, 4920412|2622, 4920464|2712, 4922224|2909, 4922873|3166, 4924481|3395, 4925764|3526, 4925920|3766, 4926024|3938, 4926136|4174, 4929107|4440, 4929675|4582, 4930616|4768, 4931945|5078, 4933341|5201, 4936956|5330, 4946039|5687, 4947141|5840, 4947935|6116, 4948845|6524, 4949734|6611, 4950989|6691, 4951280|6957, 4951800|9887, toronto+canada, 
4951912|2355, 4952311|2498, 4953636|2599, 4953688|2713, 4955544|2855, 4956107|3042, 4957720|3341, 4958997|3528, 4959269|4244, 4961733|4465, 4962622|4567, 4962986|4714, 4963098|4861, 4963846|5049, 4965144|5123, 4968559|5268, 4975260|5528, 4977635|5685, 4977822|5798, 4978512|6176, 4978628|6273, 4978680|6487, 4979662|6624, 4979714|6723, 4980269|6837, 4980824|6994, 4980936|7237, 4981231|7310, 4981565|7403, 4982818|7485, 4983109|7821, 4983629|9814, sydney+harbour, 
4983984|2394, 4984140|2482, 4985446|2608, 4985498|2719, 4987857|3106, 4990812|3456, 4990968|3705, 4991124|3800, 4991484|4183, 4993810|4330, 4994451|4477, 4995370|4746, 4995490|4899, 4996810|5016, 4998567|5207, 5007462|5518, 5008864|5671, 5009523|5780, 5009710|6081, 5010317|6176, 5010872|6273, 5011427|6371, 5011479|6496, 5011539|7507, 5011834|7597, 5012168|7683, 5013422|7761, 5013725|8349, 5013777|8467, 5014037|9700, 5014297|9844, sydney+harbour, 
5014357|2313, 5014986|2537, 5016134|2618, 5016186|2740, 5017956|2847, 5018102|2943, 5018605|3116, 5021458|3464, 5021718|3769, 5023822|4292, 5025996|4493, 5026915|4805, 5027035|5055, 5028571|5187, 5036623|5532, 5039795|5680, 5040828|5810, 5041383|6291, 5041811|6615, 5042418|6735, 5043025|7234, 5043580|7521, 5043935|7613, 5044269|7687, 5045522|7774, 5045574|7874, 5045865|8139, 5046385|9769, sydney+harbour, 
