||class android.net.TrafficStats:public static long android.net.TrafficStats.getMobileRxBytes()
142601279|1, 142604869|2229, 142605205|2391, 142605839|2495, 142606003|2801, 142611497|3140, 142611601|3268, 142617139|3553, 142620277|4143, 142620665|4238, 142621432|4533, 142621484|4629, 142622251|4893, 142622303|4976, 142623070|5152, 142623122|5240, 142623941|5516, 142624708|5600, 142627947|5693, 142628283|5793, 142629080|5884, 142629877|5978, 142629929|6143, 142630696|6422, 142630748|6516, 142631515|6788, 142631567|6880, 142640537|6971, 142645914|7208, 142646070|7612, 142649804|7860, 142663896|8148, 142689424|8318, 142689596|8492, 142696892|8661, 143031224|8972, 143185589|9268, 143185757|9495, 143185925|9632, 143185977|10183, 143186185|10310, empire+state+building, 
143189775|2410, 143190111|2531, 143190797|2623, 143191013|2946, 143196458|3210, 143196562|3440, 143196614|3550, 143205459|4167, 143208809|4445, 143210395|4606, 143210499|4750, 143226745|5301, 143227512|5528, 143231525|5630, 143235544|5745, 143451096|5937, 143774535|6106, 144102627|6326, 144102795|6440, 144104549|6864, 144105316|7110, 144105368|7208, 144106173|7304, 144110500|7410, 144110888|7532, 144112043|7716, 144112303|9898, the+great+wall+of+china, 
144112363|2441, 144115893|2563, 144116281|2667, 144120559|2988, 144122678|3396, 144126296|3591, 144131845|3732, 144131905|4231, 144135351|4424, 144135403|4558, 144136170|4695, 144136222|4793, 144153120|5043, 144153991|5299, 144154283|5408, 144162570|5566, 144265917|5730, 144485134|5884, 144671730|6085, 144672549|6219, 144672601|6318, 144673588|6524, 144675174|7085, 144675993|7340, 144676045|7441, 144677030|7519, 144677290|9900, acropolis+of+athens, 
144677350|2403, 144680881|2505, 144681217|2603, 144681851|2706, 144681903|3015, 144687457|3346, 144687509|3510, 144687613|3637, 144697086|4238, 144701286|4487, 144701390|4623, 144706003|4867, 144722483|5096, 144739314|5386, 144743990|5542, 144748389|5675, 144989016|5828, 145181785|5964, 145182005|6070, 145182772|6264, 145183759|6371, 145184526|6476, 145185323|6560, 145188954|7555, 145189290|7639, 145189342|7732, 145190493|8083, 145190701|9847, 145190753|9955, petronas+towers, 
145194342|2442, 145194678|2566, 145195364|2734, 145195520|2980, 145201072|3321, 145201124|3444, 145201176|3560, 145210228|3833, 145213346|4231, 145214428|4427, 145215299|4658, 145215351|4789, 145216170|5031, 145233097|5304, 145233916|5429, 145234088|5567, 145353315|5917, 145660776|6138, 145750657|6265, 145751644|6368, 145751696|6467, 145753230|6878, 145753282|6986, 145754049|7267, 145754101|7368, 145754205|7451, 145754972|7532, 145755957|7646, 145756217|9865, acropolis+of+athens, 
145756329|2438, 145759806|2559, 145760142|2648, 145760828|2797, 145766146|3179, 145766534|3432, 145766638|3597, 145769845|3915, 145773419|4233, 145776589|4497, 145777619|4600, 145781300|4759, 145781600|4923, 145794268|5063, 145854560|5235, 146069937|5575, 146070976|5769, 146072562|6252, 146073307|6349, 146073359|6506, 146074126|6848, 146074945|6956, 146075742|7126, 146075794|7445, 146075846|7544, 146076832|7736, 146077092|9942, wencelas+square+prague, 
146077152|2354, 146080683|2438, 146081653|2627, 146081765|2958, 146086922|3191, 146087414|3469, 146094180|3763, 146094344|4315, 146098380|4501, 146098484|4649, 146102112|4770, 146102164|4919, 146107217|5097, 146172847|5241, 146285756|5492, 146387216|5739, 146390899|5878, 146391864|6055, 146392735|6286, 146393502|6611, 146394321|6717, 146395088|6933, 146395140|7035, 146395907|7285, 146395959|7453, 146396778|7573, 146396830|7695, 146397816|7866, 146398076|9896, 146398156|11047, wencelas+square+prague, 
146398216|2373, 146401747|2458, 146402083|2595, 146402769|2704, 146408092|3082, 146408532|3295, 146408636|3458, 146418110|3736, 146418214|4169, 146419020|4322, 146422362|4474, 146422414|4581, 146422474|4722, 146442374|4919, 146459472|5151, 146459524|5344, 146467758|5447, 146472502|5571, 146642682|5709, 146901133|5894, 146901301|6008, 146902132|6099, 146902352|6202, 146903119|6404, 146903916|6529, 146904735|6639, 146904787|6736, 146905554|7109, 146905606|7257, 146906425|7402, 146906529|7491, 146908279|7678, 146908331|7778, 146909098|8035, 146909150|8114, 146909895|8229, 146910155|10000, petronas+towers, 
146910267|2428, 146913745|2537, 146914081|2619, 146914767|2731, 146920092|3074, 146920480|3357, 146920584|3509, 146923891|3937, 146930013|4137, 146933303|4295, 146934174|4424, 146935097|4566, 146935173|4684, 146939726|4812, 146950991|4968, 146966097|5107, 146975160|5586, 147032454|5829, 147141046|5953, 147246906|6077, 147301846|6171, 147377035|6267, 147504408|6481, 147520888|6587, 147521000|7407, 147524479|7491, 147524867|7572, 147531832|8153, 147531936|8246, 147532072|9369, 147535470|9478, 147536611|9656, 147536871|9892, big+ben, 
147536931|2362, 147540461|2448, 147540797|2591, 147540849|2681, 147541483|2813, 147541639|2942, 147546808|3128, 147547196|3386, 147547300|3529, 147554920|3846, 147558038|4476, 147563718|4657, 147564661|4973, 147573026|5136, 147743388|5380, 147924051|5600, 148027283|5763, 148147883|5879, 148242076|6012, 148242220|6106, 148243207|6210, 148243974|6314, 148244801|6446, 148248316|6578, 148249113|6698, 148249333|6824, 148250100|7019, 148250897|7117, 148251009|7216, 148254539|7301, 148254875|7385, 148255746|7466, 148256727|7550, 148258429|7999, 148258637|9925, 148258689|10033, singapore, 
148258749|2418, 148262280|2505, 148262616|2613, 148262668|2705, 148263302|2837, 148263458|2983, 148268624|3271, 148269116|3575, 148280939|4129, 148283953|4520, 148284289|4640, 148285056|4752, 148291315|4922, 148292418|5030, 148294811|5148, 148296506|5368, 148297377|5722, 148298300|5808, 148388409|5928, 148439905|6136, 148443136|6266, 148456112|6351, 148463667|6450, 148464464|6548, 148464516|6629, 148465261|6738, 148465521|9750, big+ben, 
148465581|7391, 148469112|7533, 148470210|7672, 148474233|7860, 148475846|8168, 148477130|8344, 148482666|8507, 148482770|9135, 148483568|9295, 148489439|9432, 148489775|9542, 148494109|9681, 148640004|10137, 148778948|10302, 148779000|10438, 148779935|10587, 148780155|10772, 148780922|11035, 148781741|11150, 148781793|11235, 148782560|11627, 148782612|11728, 148783379|11971, 148784198|12133, 148784302|12229, 148785288|12444, 148785548|14738, wencelas+square+prague, 
148785608|2434, 148789137|2550, 148789473|2643, 148790159|2770, 148790315|2932, 148795484|3140, 148795924|3366, 148796028|3477, 148799235|3984, 148804774|4487, 148808966|4709, 148816144|5062, 148828138|5287, 148933838|5446, 149073534|5583, 149200789|5723, 149390526|5904, 149524660|6067, 149525763|6170, 149526582|6269, 149526634|6375, 149527401|6599, 149527453|6708, 149528220|6921, 149528272|7034, 149529099|7234, 149532681|7331, 149533017|7413, 149533836|7492, 149534871|7571, 149535806|7698, 149536066|9892, pyongyang, 
149536126|2387, 149539656|2485, 149540626|2725, 149540678|2981, 149545898|3287, 149546442|3506, 149551986|3649, 149554238|4253, 149557477|4452, 149557813|4573, 149558826|4699, 149561780|4804, 149565979|4999, 149572615|5137, 149587830|5277, 149588949|5445, 149596408|5579, 149635594|5708, 149739877|5830, 149844449|5952, 150112288|6126, 150172993|6304, 150173928|6407, 150177167|6509, 150177503|6610, 150178300|6711, 150178520|6810, 150179287|7098, 150180084|7251, 150183674|7685, 150184010|7794, 150184062|7883, 150185299|8054, 150185467|8153, 150185727|9873, taipei+101, 
150188519|2529, 150189317|2619, 150189653|2709, 150190339|2825, 150190443|2936, 150195663|3153, 150196155|3452, 150203784|3740, 150203888|4335, 150207640|4596, 150208028|4741, 150214398|4875, 150216729|5259, 150226611|5376, 150562825|5625, 150746228|5793, 150919058|5924, 150919226|6026, 150920213|6145, 150920980|6252, 150921032|6345, 150921799|6478, 150921851|6600, 150922723|6873, 150922843|6950, 150929551|7037, 150930223|7111, 150930327|7187, 150932391|7273, 150933210|7365, 150933262|7448, 150934029|7880, 150934848|7963, 150935615|8204, 150935875|9812, pyongyang, 
150935935|2599, 150939465|2704, 150939853|2866, 150940539|2971, 150945862|3222, 150946250|3557, 150946302|3686, 150946354|3818, 150958171|4289, 150958407|4481, 150961645|4604, 150961697|4719, 150962568|4863, 150962672|4992, 150968785|5674, 151018403|5823, 151225508|5992, 151235895|6130, 151235947|6229, 151236714|6737, 151236766|6812, 151237533|6887, 151237585|6977, 151238352|7232, 151239149|7321, 151239357|9754, big+ben, 
151239417|2510, 151242947|2650, 151243969|2816, 151244125|2960, 151249291|3139, 151249783|3490, 151258101|3744, 151261395|4397, 151261783|4539, 151261919|4655, 151266361|4770, 151291960|4869, 151292779|5144, 151295683|5274, 151301126|5423, 151362595|5625, 151521051|5858, 151633068|6042, 151704140|6135, 151777222|6240, 151799346|6330, 151846698|6443, 151847633|6712, 151847685|6814, 151849279|7262, 151853628|7364, 151854068|7445, 151854835|7681, 151854887|7756, 151861791|7930, 151863325|8517, 151863545|8635, 151864312|8837, 151864572|9961, big+ben, 
151864684|2319, 151868498|2474, 151869132|2601, 151869348|2983, 151874791|3272, 151874895|3473, 151884273|3859, 151884333|4292, 151887727|4440, 151887831|4521, 151887907|4646, 151893228|4835, 151893624|4942, 151915218|5107, 151932206|5271, 151940494|5626, 151954566|5739, 152128245|5919, 152326565|6075, 152418756|6182, 152456193|6299, 152457082|6409, 152457901|6545, 152458005|7309, 152462400|7916, 152462927|8031, 152463187|11018, colosseum+rome, 
152463352|2401, 152466882|2537, 152467218|2627, 152467904|2750, 152468008|2894, 152473225|3079, 152473613|3397, 152473717|3545, 152482561|4153, 152482829|4471, 152486813|4645, 152486865|4790, 152503065|5168, 152503952|5425, 152511353|5537, 152661246|5719, 153063634|5898, 153340369|6055, 153376128|6223, 153377890|6790, 153381405|6924, 153382370|7068, 153383137|7179, 153383189|7284, 153387576|7394, 153387912|7492, 153387964|7574, 153388731|7662, 153389885|7786, 153390145|9902, the+great+wall+of+china, 
153390205|2583, 153393735|2665, 153394071|2783, 153394877|2952, 153400468|3324, 153400572|3449, 153408188|3757, 153411202|4347, 153412573|4556, 153421382|4767, 153422231|4929, 153423286|5096, 153434064|5272, 153680519|5535, 153955288|5777, 154088533|5958, 154102341|6053, 154103224|6296, 154103328|6473, 154104147|6645, 154104207|6808, 154108503|6901, 154108839|6993, 154108891|7065, 154109875|7142, 154110043|7230, 154110303|9863, singapore, 
154110415|2362, 154114229|2474, 154114915|2597, 154114967|2875, 154118609|3020, 154120629|3356, 154120733|3526, 154128344|3888, 154131462|4431, 154132669|4652, 154138831|4814, 154147177|5135, 154227236|5308, 154491502|5576, 154708425|5807, 154819982|5954, 154821451|6083, 154822480|6201, 154822532|6292, 154823299|6722, 154824118|6842, 154824170|6961, 154828580|7259, 154829683|7369, 154829735|7451, 154830884|7526, 154831144|9844, singapore, 
154834733|2496, 154835129|2666, 154838763|2809, 154840419|2961, 154840627|3199, 154842064|3472, 154846008|3764, 154846112|4011, 154851715|4192, 154855005|4355, 154855057|4502, 154855824|4649, 154856032|4781, 154856955|5018, 154861216|5177, 154898740|5337, 154899619|5694, 154912281|5870, 154913750|5981, 155095469|6150, 155246941|6256, 155347284|6387, 155348417|6473, 155349236|6553, 155349340|6845, 155350244|7008, 155350504|9758, petronas+towers, 
155354094|2343, 155354430|2550, 155355116|2644, 155355220|2914, 155360778|3156, 155360830|3326, 155360934|3462, 155368553|3604, 155368613|4123, 155372007|4341, 155372059|4495, 155378169|4665, 155386456|4973, 155480557|5151, 155894339|5392, 155998272|5564, 156056899|5765, 156060474|5871, 156060810|5978, 156061827|6089, 156062594|6484, 156063413|6587, 156064262|6710, 156065089|7041, 156068618|7140, 156068954|7218, 156069006|7297, 156070157|7377, 156070417|9930, singapore, 
156070477|2487, 156074008|2592, 156074344|2684, 156075030|2822, 156080356|3298, 156080744|3475, 156080848|3626, 156090237|4178, 156093251|4446, 156093587|4565, 156093691|4685, 156094510|4821, 156101895|5042, 156121107|5192, 156121159|5391, 156138056|5663, 156138108|5791, 156139107|5925, 156147393|6022, 156164964|6156, 156370803|6362, 156569920|6534, 156623321|6644, 156664809|6775, 156664861|7639, 156664913|7724, 156669308|8218, 156669568|9916, colosseum+rome, 
156669680|2663, 156673159|2801, 156677848|2971, 156683715|3301, 156683819|3569, 156691575|3919, 156696049|4395, 156696950|4589, 156706138|4792, 156707241|4997, 156715535|5119, 156804261|5330, 157000786|5578, 157117742|5718, 157214989|5824, 157304979|5937, 157428259|6091, 157505749|6206, 157531242|6361, 157533705|6604, 157534532|7064, 157541302|7154, 157541974|7232, 157543804|7354, 157544140|7455, 157544192|9931, 157544400|10024, peking, 
157547990|2480, 157548326|2580, 157549012|2676, 157549168|3030, 157554330|3267, 157554718|3515, 157554822|3658, 157562579|4161, 157565697|4629, 157566359|4964, 157572579|5208, 157572631|5399, 157580918|5510, 157584844|5611, 157900847|5864, 158273715|6071, 158396284|6262, 158396504|6397, 158398150|6899, 158402446|6995, 158404234|7071, 158406409|7166, 158408355|7255, 158408575|7345, 158409342|7881, 158409602|9803, peking, 
158409662|2447, 158413191|2552, 158413527|2634, 158414213|2772, 158419535|3221, 158419975|3487, 158420027|3611, 158427724|3995, 158431351|4516, 158432312|4660, 158441605|4873, 158441657|5015, 158442544|5164, 158495460|5372, 158718838|5593, 158941400|5777, 159031910|5911, 159033612|6467, 159033664|6559, 159034431|6776, 159034483|6870, 159035250|7068, 159035370|7147, 159042078|7236, 159042750|7317, 159043599|7398, 159043819|7473, 159044706|7563, 159045693|7769, 159046460|7851, 159047257|7938, 159047517|9848, 159047569|10276, cape+town, 
159047629|2411, 159051159|2514, 159051495|2628, 159052181|2759, 159052285|3009, 159057887|3395, 159057991|3592, 159068533|4249, 159068637|4473, 159072629|4634, 159072785|4755, 159072845|4880, 159089558|5123, 159090325|5276, 159106330|5478, 159107097|5607, 159117921|5764, 159121609|5873, 159315366|5997, 159539327|6131, 159552429|6250, 159552597|6351, 159553520|6462, 159554287|6861, 159555106|6961, 159555925|7288, 159556848|7594, 159558600|7884, 159558756|9782, 159558860|9898, petronas+towers, 
159558920|2437, 159562449|2533, 159562785|2620, 159563419|2721, 159563583|3045, 159569133|3507, 159569185|3661, 159577500|3955, 159577612|4359, 159580850|4511, 159581006|4673, 159581825|4812, 159598141|5339, 159598960|5470, 159606427|5578, 159607926|5696, 159768431|5845, 160013414|5978, 160381514|6143, 160473905|6273, 160474818|6373, 160475731|6479, 160475783|6582, 160477317|7124, 160477377|7460, 160480907|7549, 160481243|7625, 160481295|7704, 160482280|7869, 160482448|7983, 160482708|9827, the+great+wall+of+china, 
160482768|2340, 160486297|2469, 160486633|2561, 160487319|2696, 160487423|2908, 160492975|3223, 160493027|3381, 160493079|3496, 160498618|3590, 160500691|3706, 160500855|4273, 160504891|4437, 160504943|4544, 160515110|4873, 160519116|5132, 160525833|5254, 160561132|5444, 160852514|5653, 160946036|5844, 160946971|5944, 160947023|6048, 160948513|6522, 160948565|6631, 160949384|6862, 160950970|6986, 160951030|7135, 160954561|7236, 160954897|7319, 160954949|7404, 160958241|7769, 160958409|7857, 160958669|9855, sydney+harbour, 
160962259|2432, 160962595|2547, 160963281|2642, 160968608|3261, 160968996|3423, 160969100|3562, 160976757|3965, 160980107|4320, 160980263|4447, 160981030|4616, 160986940|4750, 160995234|5152, 161006075|5364, 161202466|5605, 161313811|5727, 161401845|5860, 161402840|6149, 161406019|6237, 161406355|6350, 161407372|6484, 161408139|6795, 161411781|6878, 161412117|7030, 161412936|7120, 161413971|7206, 161414958|7687, 161415703|7803, 161415963|10012, pyeongchang, 
161416023|2307, 161419553|2427, 161419889|2533, 161420575|2648, 161420627|2892, 161426228|3248, 161426332|3459, 161436543|4017, 161439609|4344, 161441562|4609, 161442457|4830, 161446244|5028, 161471655|5200, 161473333|5426, 161480801|5530, 161481473|5637, 161665940|5824, 161871449|6039, 161950302|6144, 162050854|6254, 162149074|6396, 162149462|6503, 162150281|6810, 162151048|7152, 162154637|7617, 162154973|7785, 162155025|7863, 162156007|7948, 162156175|8045, 162156435|9909, pyramids+of+giza, 
162160025|2373, 162160361|2495, 162160995|2586, 162161107|2947, 162166263|3176, 162166755|3449, 162172289|3675, 162174894|4114, 162178296|4389, 162182302|4554, 162182846|4727, 162188935|4911, 162189822|5185, 162200812|5314, 162311312|5459, 162526531|5601, 162736263|5771, 162855390|5945, 162868026|6078, 162869021|6378, 162872200|6478, 162872588|6577, 162873553|6710, 162874320|6990, 162874372|7087, 162875139|7279, 162875251|7404, 162878730|7485, 162879066|7562, 162879118|7645, 162880102|7747, 162880270|7844, 162880530|9890, singapore, 
162880590|2473, 162884456|2611, 162885142|2723, 162885358|3005, 162890854|3323, 162890958|3510, 162900117|3761, 162903571|4520, 162904421|4684, 162905188|4791, 162905300|4928, 162925198|5120, 162937574|5286, 162938707|5438, 162946229|5540, 162946901|5648, 163221140|5840, 163503534|6011, 163535305|6149, 163611095|6359, 163612082|6457, 163612849|6558, 163612901|6659, 163613668|6976, 163613720|7089, 163614465|7211, 163614525|7764, 163618056|7843, 163618392|7940, 163618444|8028, 163619428|8133, 163619596|8247, 163619856|9958, pyramids+of+giza, 
163619916|2345, 163623445|2445, 163623781|2549, 163624415|2658, 163624467|2860, 163624579|3011, 163630026|3233, 163630182|3562, 163637807|3725, 163637859|4232, 163638657|4439, 163645079|4752, 163648369|4927, 163648597|5111, 163656884|5226, 163774177|5385, 164000460|5556, 164312555|5821, 164354077|5932, 164355156|6034, 164355208|6124, 164356802|6579, 164359981|6671, 164360317|6755, 164361178|6848, 164361458|6926, 164364988|7005, 164365324|7087, 164366195|7166, 164367943|7266, 164368930|7358, 164368982|7430, 164369727|7546, 164369987|9857, pyongyang, 
164370047|2404, 164373912|2546, 164374016|2729, 164374650|2879, 164374866|2985, 164379973|3200, 164380465|3515, 164385995|3875, 164389009|4346, 164389345|4431, 164390112|4534, 164390931|4626, 164391750|4755, 164391810|4831, 164394989|4920, 164395377|5009, 164396174|5100, 164396941|5360, 164396993|5454, 164397760|5724, 164398579|5815, 164398631|5906, 164400217|6401, 164400962|6518, 164415017|7710, 164415173|8235, 164415249|8352, 164418982|8524, 164442044|8781, 164458658|8967, 164459010|9214, 164467029|9488, 164686789|9704, 164900766|9926, 164955286|10160, 164955390|10296, 164955650|10729, empire+state+building, 
164955755|2372, 164955867|2460, 164959344|2568, 164959680|2660, 164960366|2772, 164960530|3045, 164965635|3305, 164966075|3463, 164966127|3576, 164971664|3907, 164974678|4221, 164975066|4321, 164975833|4498, 164975885|4587, 164977419|5125, 164978238|5221, 164978290|5304, 164979824|5750, 164980643|5850, 164980695|5948, 164982281|6435, 164983100|6534, 164983927|6621, 164987106|6711, 164987442|6812, 164988239|6906, 164989036|7005, 164989564|7639, 165003090|7749, 165003246|8227, 165006979|8560, 165037679|8768, 165046596|8947, 165054064|9295, 165112356|9560, 165542761|9876, 165543097|10207, 165543357|10638, empire+state+building, 
165543417|2377, 165546947|2463, 165547283|2599, 165547917|2694, 165547969|2943, 165553190|3158, 165553630|3364, 165553682|3484, 165560980|3982, 165564434|4399, 165565947|4543, 165568856|4650, 165569839|4824, 165619990|4998, 165719499|5241, 165830672|5443, 165854611|5584, 165855378|5765, 165855598|6049, 165856417|6197, 165857184|6389, 165857244|6510, 165860759|6613, 165861556|6716, 165861776|6813, 165862543|6939, 165862647|7443, 165863631|7630, 165863891|9903, wencelas+square+prague, 
165867480|2415, 165867816|2515, 165868502|2612, 165873825|3119, 165874213|3360, 165874317|3484, 165882589|3994, 165886063|4342, 165886167|4493, 165886986|4617, 165892491|4780, 165893258|4967, 165896669|5073, 165904361|5171, 165952351|5270, 166055185|5411, 166466614|5633, 166701670|5797, 166719068|5927, 166719835|6171, 166723578|6360, 166724375|6500, 166724655|6585, 166728185|6676, 166729288|6756, 166729392|6840, 166731140|6927, 166731192|7007, 166732894|7533, 166733154|9836, peking, 
166733214|2638, 166736745|2747, 166737185|2876, 166741425|3040, 166741581|3195, 166743530|3476, 166747512|3671, 166753052|4229, 166753156|4353, 166753798|4518, 166753962|4652, 166757252|4755, 166761037|4872, 166768073|4986, 166790519|5134, 166790595|5268, 166798492|5437, 166871368|5565, 166886207|5673, 167178379|5841, 167432885|5964, 167511120|6175, 167512589|6376, 167512641|6523, 167513628|6809, 167514395|7017, 167515266|7136, 167516011|7264, 167516115|7407, 167516934|7510, 167517917|7622, 167518177|9990, mirabell+gardens, 
167518237|2331, 167521767|2416, 167522103|2527, 167522789|2650, 167522945|2947, 167528602|3341, 167534146|3595, 167537660|3886, 167540899|4235, 167542248|4467, 167546232|4615, 167546284|4755, 167547051|4866, 167547103|5085, 167563977|5240, 167564029|5385, 167565028|5560, 167573314|5687, 167645058|5859, 168016675|6064, 168079882|6227, 168080869|6537, 168081636|6679, 168081740|7372, 168082725|7566, 168082985|9873, acropolis+of+athens, 
168083090|2329, 168083202|2406, 168086680|2515, 168087650|2623, 168087702|2959, 168093361|3407, 168093413|3536, 168098950|3746, 168102858|4002, 168103063|4336, 168107436|4574, 168108417|4719, 168115106|4837, 168125693|4948, 168125745|5074, 168136874|5272, 168142839|5457, 168143778|5569, 168151895|5687, 168210239|5805, 168358979|5969, 168523332|6119, 168567828|6236, 168568711|6329, 168568815|6432, 168569582|6642, 168572821|6745, 168573157|6860, 168574122|6968, 168574941|7129, 168575760|7494, 168575812|7606, 168580319|7967, 168580579|9877, eiffel+tower, 
168584168|2448, 168584556|2647, 168585190|2807, 168590508|2986, 168590948|3315, 168591000|3494, 168599318|3797, 168602824|4371, 168603591|4516, 168603719|4643, 168608273|4778, 168608609|4880, 168634630|5037, 168637869|5153, 168639174|5316, 168649882|5450, 169004200|5800, 169121776|5989, 169186484|6075, 169189530|6193, 169190297|6567, 169191042|6668, 169191861|6797, 169194653|7308, 169195452|7401, 169195840|7493, 169204053|8145, 169204221|8278, 169204481|9936, big+ben, 
169204593|2407, 169208072|2517, 169208408|2602, 169209094|2755, 169214419|3132, 169214807|3327, 169214911|3549, 169220452|3672, 169224357|3831, 169227371|4382, 169228630|4558, 169231921|4666, 169232257|4774, 169236841|4893, 169242016|5003, 169247911|5143, 169248678|5386, 169265800|5551, 169265852|5653, 169273319|5754, 169274810|5872, 169546309|6030, 169689851|6161, 169690954|6290, 169694193|6390, 169694529|6491, 169695546|6599, 169696291|6723, 169696395|7660, 169700902|7932, 169701162|9897, eiffel+tower, 
169701222|2377, 169704752|2485, 169705088|2587, 169705722|2673, 169705774|2968, 169710993|3256, 169711485|3489, 169711537|3614, 169719756|3967, 169719816|4285, 169723904|4495, 169724827|4633, 169727284|4881, 169733316|5074, 169734083|5213, 169741603|5310, 169742472|5429, 169997056|5639, 170216484|5827, 170327967|6153, 170328187|6285, 170328954|6487, 170329006|6587, 170332595|6777, 170333750|6866, 170334569|6946, 170336271|7044, 170336439|7141, 170336699|10009, cape+town, 
170336759|2541, 170340289|2671, 170341259|2810, 170341311|2939, 170346529|3169, 170346969|3484, 170347021|3611, 170354638|3739, 170354750|4316, 170358040|4509, 170358144|4820, 170364254|5116, 170365021|5231, 170372659|5340, 170454127|5512, 170941555|5802, 171046078|6013, 171046823|6112, 171047043|6222, 171048629|6705, 171049448|6801, 171050253|6902, 171053783|7005, 171054119|7100, 171054171|7176, 171055321|7262, 171055581|9912, singapore, 
171055641|2340, 171059171|2428, 171059507|2545, 171060193|2657, 171060349|2914, 171065513|3073, 171065901|3316, 171065953|3471, 171066005|3609, 171074320|3861, 171078468|4517, 171078572|4710, 171079391|4942, 171094860|5149, 171099641|5476, 171157249|5626, 171423724|5854, 171545664|5991, 171752391|6200, 171947190|6372, 171970962|6476, 171971927|6591, 171973513|7147, 171973565|7247, 171974444|7632, 171978718|7726, 171979106|7838, 171980260|8089, 171980336|8528, 171983794|8623, 171984130|8743, 171984935|8869, 171985195|9943, the+great+wall+of+china, 
171985255|2424, 171988785|2538, 171989121|2645, 171989807|2796, 171989911|2949, 171995415|3317, 171995571|3466, 172000854|3654, 172004699|3819, 172004855|4648, 172007869|4769, 172008445|4920, 172013170|5063, 172031301|5423, 172048252|5571, 172055546|5802, 172071951|5950, 172570368|6244, 172571135|6371, 172571355|6472, 172572122|6773, 172572174|6871, 172572941|7096, 172576180|7262, 172577313|7403, 172577585|7493, 172577637|7575, 172583559|8010, 172583611|8106, 172584430|8199, 172585175|8301, 172585435|9768, colosseum+rome, 
172589026|2428, 172589362|2553, 172589967|2671, 172590019|2895, 172595237|3121, 172595573|3337, 172595677|3506, 172595781|3630, 172603810|4131, 172607368|4537, 172608881|4702, 172609752|4880, 172617319|5410, 172617439|5614, 172629256|5773, 172729190|5900, 172957757|6077, 173165808|6226, 173210904|6455, 173211292|6552, 173212059|6734, 173212878|6820, 173216520|6900, 173217601|7008, 173217653|7079, 173218179|7152, 173218706|7239, 173218966|9992, cape+town, 
173219026|2407, 173222555|2508, 173222891|2597, 173223525|2697, 173223741|2995, 173229181|3375, 173229285|3499, 173234796|3901, 173237810|4375, 173238146|4469, 173238198|4548, 173239017|4836, 173239784|5105, 173239836|5188, 173240655|5460, 173241482|5548, 173244661|5634, 173245049|5725, 173245846|5824, 173247380|6401, 173248199|6498, 173249018|6590, 173249070|6682, 173249837|7047, 173249889|7129, 173250656|7307, 173264180|7463, 173264284|8022, 173264336|8101, 173264396|8221, 173268406|8460, 173307701|8647, 173315169|9126, 173803866|9760, 173804202|9977, 173804462|10591, empire+state+building, 
173804522|2365, 173808053|2478, 173808389|2579, 173809075|2697, 173809179|2984, 173814397|3260, 173814837|3469, 173814889|3565, 173824269|3924, 173827061|4249, 173827619|4402, 173827827|4544, 173828706|4681, 173832381|4830, 173851563|4944, 173855138|5206, 173872132|5333, 173880420|5746, 173919379|5895, 174290090|6084, 174395865|6261, 174396033|6357, 174396800|6544, 174397020|6636, 174398554|7114, 174398606|7283, 174399477|7508, 174403866|8058, 174404126|9866, colosseum+rome, 
174404186|2467, 174407716|2566, 174408052|2664, 174408738|2796, 174408842|2899, 174414059|3239, 174414551|3488, 174421317|3822, 174425077|4343, 174426284|4484, 174432715|4706, 174441271|4915, 174445616|5064, 174617231|5332, 174718786|5555, 174719803|5708, 174720570|5965, 174720622|6087, 174721389|6285, 174721441|6395, 174722208|6623, 174723005|6733, 174723109|7428, 174724092|7526, 174724352|9933, wencelas+square+prague, 
174727943|2377, 174728279|2472, 174728331|2557, 174728965|2659, 174729121|2917, 174734289|3151, 174734677|3325, 174734781|3539, 174742682|4096, 174745696|4449, 174746240|4573, 174747067|4800, 174750792|4930, 174764095|5119, 174804321|5343, 174837526|5515, 174894349|5669, 175099992|5886, 175198929|6044, 175200062|6176, 175200282|6330, 175201816|6777, 175201868|6876, 175202635|7108, 175202687|7223, 175203454|7406, 175204333|7500, 175208199|7624, 175208251|7703, 175209352|7887, 175209404|7979, 175209664|9866, burj+khalifa, 
175213254|2319, 175213590|2456, 175214224|2549, 175214276|2898, 175219934|3275, 175222152|3570, 175227686|3683, 175227790|4417, 175230856|4575, 175237054|4758, 175237106|4917, 175237993|5060, 175252170|5220, 175511204|5425, 175651653|5667, 175652808|5863, 175654562|6363, 175655381|6473, 175656967|7022, 175657734|7266, 175657898|7345, 175661377|7427, 175661713|7511, 175662532|7604, 175663567|7687, 175664502|7960, 175664762|9896, pyeongchang, 
175668352|2393, 175668688|2525, 175668740|2615, 175669426|2718, 175669590|3002, 175675081|3377, 175679032|3850, 175687596|4204, 175687984|4355, 175688855|4560, 175688907|4655, 175693408|4835, 175693796|4937, 175711875|5088, 175728886|5257, 175729825|5515, 175737173|5637, 175752064|5776, 176072324|6056, 176251881|6245, 176255512|6365, 176256309|6464, 176257274|6577, 176257326|6692, 176258093|7170, 176259657|7289, 176259761|7408, 176264155|7765, 176264415|9927, colosseum+rome, 
176264475|2315, 176268342|2439, 176269028|2524, 176269132|2905, 176274687|3309, 176274791|3475, 176286080|3778, 176286132|4226, 176286938|4350, 176290228|4542, 176290280|4667, 176291099|4785, 176291151|4888, 176297879|5464, 176299644|5714, 176326786|5838, 176327553|5939, 176327605|6030, 176328424|6304, 176329191|6581, 176329243|6658, 176330010|6899, 176330062|6986, 176330881|7261, 176331648|7585, 176331700|7665, 176332467|7921, 176332675|9922, big+ben, 
176332735|2329, 176336600|2476, 176337205|2660, 176337309|2910, 176342914|3320, 176348783|3623, 176350015|3871, 176353029|4356, 176353521|4502, 176353573|4591, 176356455|4712, 176357274|4843, 176357550|4955, 176372922|5227, 176487485|5453, 176636068|5612, 176646259|5779, 176647078|6241, 176647897|6460, 176648716|6770, 176652722|7199, 176653855|7349, 176654179|7441, 176655165|7629, 176655984|7728, 176656751|8039, 176657011|9868, wencelas+square+prague, 
176660600|2507, 176661570|2686, 176661622|2982, 176667175|3312, 176667331|3454, 176680597|4377, 176682372|4523, 176685490|4612, 176685826|4700, 176689612|4826, 176696075|4951, 176700682|5083, 176702268|5400, 176718545|5510, 176719588|5735, 176727503|5847, 176848870|5985, 177082136|6227, 177143480|6384, 177144445|6486, 177145212|6901, 177145316|7390, 177149826|7839, 177150086|9976, eiffel+tower, 
177153676|2431, 177154698|2619, 177160017|3304, 177160405|3484, 177160509|3617, 177166054|3855, 177168305|4062, 177168365|4248, 177171984|4466, 177172893|4589, 177179969|4813, 177201800|5062, 177210297|5229, 177214703|5360, 177481178|5544, 177786597|5816, 177787868|5922, 177788687|6019, 177789454|6113, 177790325|6214, 177791859|6736, 177791971|7337, 177795786|7487, 177795838|7585, 177797075|7684, 177797243|7779, 177797503|9938, taipei+101, 
177801093|2429, 177801429|2527, 177802115|2776, 177802219|2869, 177802331|2960, 177807877|3332, 177807929|3527, 177813473|3662, 177816093|3839, 177816197|4297, 177816875|4544, 177816927|4720, 177824086|4964, 177824526|5088, 177852810|5356, 177906393|5495, 177913793|5631, 178010524|5776, 178155623|5920, 178233343|6043, 178269307|6170, 178272770|6265, 178272822|6360, 178273787|6466, 178274554|6756, 178275351|6883, 178275403|6975, 178276937|7445, 178277816|7548, 178282143|7650, 178282531|7745, 178283683|7929, 178283943|9874, burj+khalifa, 
178285395|2429, 178287532|2541, 178287868|2626, 178288554|2765, 178288710|2997, 178294372|3454, 178299962|3741, 178302662|3935, 178306012|4366, 178306914|4526, 178307681|4654, 178308560|4771, 178312287|4891, 178325587|5006, 178340846|5189, 178394260|5366, 178400715|5491, 178555222|5764, 178633322|5891, 178757516|6024, 178757729|6163, 178761528|6261, 178762273|6355, 178763260|6456, 178763312|6544, 178764079|6671, 178764184|7573, 178767773|7677, 178768109|7791, 178768161|7882, 178769314|8060, 178769574|9944, burj+khalifa, 
178773164|2497, 178773500|2633, 178774186|2740, 178774290|3059, 178779844|3372, 178779896|3526, 178780000|3628, 178787491|3932, 178790785|4509, 178791121|4656, 178797393|4898, 178797445|5114, 178798332|5254, 178804789|5376, 178889585|5618, 179034305|5808, 179125524|5937, 179216602|6042, 179355309|6209, 179458825|6365, 179511577|6506, 179560718|6630, 179598816|6726, 179626608|6823, 179627375|6927, 179627595|7006, 179628362|7090, 179628414|7165, 179629181|7579, 179629948|7681, 179630208|9861, peking, 
179630268|2399, 179633799|2506, 179634821|2606, 179634985|2987, 179640427|3299, 179640479|3441, 179640583|3677, 179648280|3991, 179651519|4271, 179651907|4450, 179652756|4565, 179655894|4716, 179662286|4878, 179663053|5174, 179670573|5296, 179794911|5504, 180030748|5718, 180220629|5913, 180252529|6064, 180253516|6290, 180254343|6612, 180261111|6701, 180261783|6788, 180262632|6866, 180263735|6954, 180265489|7472, 180266308|7815, 180267053|7908, 180267157|9828, 180267313|9950, cape+town, 
180267373|2322, 180270902|2414, 180271238|2526, 180271924|2614, 180277194|3094, 180277634|3321, 180281541|3863, 180281645|3961, 180287301|4261, 180291561|4470, 180294731|4628, 180295119|4780, 180298852|4891, 180309922|4999, 180310741|5163, 180329105|5694, 180329992|5914, 180337392|6022, 180398364|6134, 180663165|6324, 180753274|6491, 180754301|6597, 180755068|6898, 180755120|6996, 180755939|7473, 180756810|7569, 180761320|7863, 180761580|9940, eiffel+tower, 
180761745|2469, 180765275|2580, 180765611|2669, 180766297|2831, 180766453|2962, 180771620|3223, 180772008|3485, 180772112|3752, 180779731|3923, 180779783|4655, 180781702|4808, 180789798|5049, 180790767|5193, 180798984|5321, 180844176|5469, 181168502|5712, 181330618|5853, 181480698|5971, 181498968|6093, 181499188|6186, 181500722|6752, 181500774|6842, 181505132|7081, 181506287|7166, 181507106|7243, 181508089|7331, 181508141|7417, 181508972|7686, 181509128|7764, 181509895|8020, 181510155|9997, pyongyang, 
181510207|1384, 181510267|2376, 181513797|2482, 181514133|2579, 181514819|2670, 181514975|2962, 181520579|3429, 181520683|3585, 181528827|4098, 181531841|4396, 181533152|4561, 181538388|4769, 181539207|4929, 181546674|5041, 181550937|5159, 181937051|5418, 182108976|5542, 182159359|5697, 182218163|5884, 182221586|6021, 182221922|6131, 182222939|6273, 182224525|6905, 182225382|7099, 182228912|7177, 182229248|7254, 182230067|7330, 182231219|7457, 182231479|9806, singapore, 
182231539|2532, 182235070|2620, 182235406|2705, 182236092|2818, 182241851|3494, 182249504|3834, 182249556|4385, 182250362|4525, 182259489|4742, 182259541|4951, 182260480|5125, 182267966|5252, 182523618|5544, 182610215|5718, 182674152|5941, 182675285|6049, 182676290|6152, 182676342|6250, 182677109|6668, 182677161|6779, 182677928|7001, 182677980|7086, 182681570|7240, 182682725|7322, 182683758|7481, 182684745|7587, 182685512|7719, 182685772|9957, pyeongchang, 
182689363|2498, 182689699|2627, 182690385|2716, 182690541|3016, 182696203|3457, 182708018|3944, 182708078|4331, 182711368|4439, 182711420|4559, 182712343|4838, 182712395|4931, 182713162|5033, 182713274|5160, 182716737|5269, 182719590|5498, 182720357|5860, 182720409|5951, 182721228|6201, 182722047|6534, 182722814|6818, 182722866|6894, 182723633|7094, 182723685|7201, 182724482|7290, 182725227|7398, 182725435|9794, big+ben, 
182726887|2535, 182729026|2628, 182729362|2729, 182730152|2888, 182735367|3046, 182735859|3569, 182745280|3782, 182748682|4362, 182750247|4551, 182750351|4650, 182750411|4754, 182754853|4869, 182755241|4970, 182783573|5098, 182787767|5267, 182800663|5432, 182859007|5550, 182974219|5735, 183133106|5924, 183254525|6050, 183355032|6170, 183465945|6285, 183507754|6449, 183507974|6596, 183508793|6809, 183509560|6946, 183509664|7437, 183510645|7614, 183510697|10340, 183510905|10462, mirabell+gardens, 
183511017|2540, 183514495|2636, 183514831|2731, 183515465|2865, 183515629|3035, 183521071|3241, 183521175|3430, 183521227|3549, 183528976|3774, 183532840|4483, 183533176|4628, 183538656|4799, 183539475|5016, 183539699|5131, 183547824|5226, 183687315|5408, 183719290|5578, 183884110|5783, 183993990|5905, 184187717|6080, 184362285|6282, 184362337|6415, 184363260|6693, 184364087|6772, 184368415|6867, 184368751|6952, 184369664|7043, 184370461|7143, 184371228|7240, 184371268|9152, 184371528|9858, peking, 
184375118|3335, 184375454|3453, 184376140|3562, 184376244|3781, 184376408|3900, 184381849|4192, 184381953|4374, 184390192|4792, 184393871|5281, 184394363|5449, 184398916|5740, 184400592|5838, 184416400|5957, 184427563|6169, 184481154|6303, 184542476|6552, 184712126|6775, 184796903|6890, 184847162|7023, 184848463|7135, 184849260|7234, 184850027|7618, 184850079|7705, 184851665|8047, 184851717|8176, 184855308|8264, 184856411|8377, 184856463|8479, 184857617|8570, 184857877|10825, burj+khalifa, 
184857937|2437, 184861467|2563, 184861803|2644, 184862489|2851, 184862705|3005, 184867814|3250, 184868202|3433, 184868306|3584, 184876264|4130, 184879278|4634, 184879718|4740, 184885063|4865, 184889069|5077, 184892373|5225, 184928325|5407, 185168286|5627, 185329751|5805, 185455748|5947, 185568511|6130, 185568667|6220, 185569654|6633, 185570533|6753, 185573996|6908, 185574961|7052, 185575728|7196, 185575788|7551, 185579317|7636, 185579653|7706, 185579705|7792, 185580689|7877, 185580857|7991, 185580909|11218, 185581117|11398, singapore, 
185581177|2400, 185584706|2485, 185585042|2601, 185585728|2752, 185585884|2874, 185591049|3030, 185591437|3384, 185591541|3518, 185597422|4190, 185600436|4368, 185601591|4491, 185602410|4598, 185602462|4683, 185603229|4942, 185604048|5033, 185604108|5116, 185607287|5202, 185607623|5284, 185608420|5371, 185609217|5467, 185609269|5550, 185610036|5940, 185610088|6034, 185610855|6219, 185610907|6313, 185611726|6613, 185626070|6757, 185626226|7294, 185629959|7523, 185630295|7646, 185644092|7841, 185661512|7934, 185669605|8119, 185669725|8274, 185677073|8525, 185922965|8783, 186165764|8932, 186166100|9265, 186166360|10093, empire+state+building, 
186169950|2380, 186170286|2485, 186170920|2576, 186170972|2823, 186171024|2936, 186176189|3249, 186176629|3421, 186176681|3549, 186184157|3866, 186193473|4620, 186193525|4790, 186194412|4934, 186205110|5082, 186386555|5379, 186528085|5510, 186608089|5692, 186609192|5896, 186609412|5997, 186610946|6431, 186610998|6526, 186611765|6716, 186611817|6844, 186612756|7094, 186619414|7177, 186620086|7261, 186621866|7356, 186622254|7445, 186623021|7738, 186623073|7828, 186623840|8000, 186624100|9869, pyeongchang, 
186627690|2405, 186628026|2507, 186628712|2608, 186628876|2947, 186634526|3317, 186640029|3772, 186642244|4011, 186645258|4336, 186646496|4513, 186652752|4748, 186655931|4893, 186657184|5048, 186664643|5151, 186706365|5266, 187350734|5648, 187478965|5773, 187479353|5893, 187480184|6270, 187480340|6378, 187481107|6568, 187481159|6659, 187481926|6903, 187481986|6984, 187485165|7066, 187485501|7149, 187486298|7238, 187486518|7310, 187487285|7584, 187487545|9830, peking, 
187491135|2409, 187491471|2512, 187492105|2633, 187492157|2905, 187497376|3070, 187497816|3398, 187497920|3579, 187505538|3855, 187506592|4020, 187506704|4304, 187510844|4646, 187517966|4796, 187518018|4933, 187518905|5098, 187530230|5273, 187822066|5471, 187979518|5597, 188107542|5744, 188222751|5907, 188223686|5994, 188223914|6097, 188227429|6223, 188228290|6372, 188228446|6475, 188229213|6761, 188230010|6848, 188230062|6961, 188230889|7331, 188234471|7411, 188234807|7487, 188235626|7596, 188236659|7721, 188236919|9926, pyongyang, 
188237031|2415, 188240508|2546, 188241478|2638, 188241530|2900, 188246750|3060, 188247242|3550, 188252952|3783, 188255730|4076, 188259080|4551, 188259236|4722, 188260770|5027, 188279022|5308, 188279871|5455, 188279991|5548, 188288167|5691, 188455040|5856, 188759220|6036, 189053447|6184, 189141812|6310, 189152227|6410, 189152447|6512, 189153214|6928, 189154033|7032, 189154800|7257, 189155597|7367, 189155761|7482, 189159239|7588, 189160342|7671, 189160446|7754, 189162200|7857, 189162368|7953, 189162628|9848, the+great+wall+of+china, 
189162740|2388, 189166217|2491, 189166605|2608, 189167239|2743, 189169031|3069, 189173002|3493, 189173054|3611, 189182445|3933, 189182505|4191, 189187623|4488, 189191017|4641, 189191920|4761, 189196360|4864, 189225983|4970, 189226780|5086, 189227847|5304, 189238983|5418, 189361903|5554, 189782142|5776, 189869175|5982, 189911463|6090, 189945211|6296, 189948171|6411, 189949751|6610, 189949919|6778, 189949971|7483, 189950023|7573, 189951006|7746, 189951266|9945, mirabell+gardens, 
189954856|2513, 189955192|2614, 189955878|2695, 189955982|2942, 189961146|3164, 189961534|3407, 189961586|3547, 189961638|3653, 189967691|4167, 189970930|4296, 189971266|4403, 189972123|4495, 189975077|4588, 189975413|4676, 189975465|4776, 189976232|4954, 189976284|5047, 189977051|5332, 189977103|5415, 189977870|5603, 189978689|5702, 189978741|5799, 189980275|6274, 189980327|6369, 189981146|6473, 189981913|6903, 189982732|6994, 189983551|7265, 189997075|7411, 189997842|7575, 189997946|7816, 189997998|7916, 189998134|8065, 190001808|8259, 190015898|8521, 190041435|8802, 190213054|9491, 190537763|9837, 190537931|9984, 190538191|10447, empire+state+building, 
190538251|3737, 190541781|3877, 190542751|3970, 190546446|4471, 190548461|4751, 190548513|4892, 190548565|4996, 190556314|5222, 190560178|5844, 190560566|5989, 190560618|6145, 190566836|6328, 190567939|6668, 190580263|6809, 190987273|7070, 191254940|7246, 191389554|7379, 191390489|7486, 191390709|7615, 191395136|8073, 191396383|8155, 191399898|8238, 191401846|8338, 191402066|8440, 191402863|8523, 191403630|9053, 191403890|12452, peking, 
191404002|2399, 191407479|2494, 191408449|2607, 191412142|3088, 191413721|3329, 191414213|3485, 191419754|3724, 191421828|4056, 191421940|4285, 191425334|4465, 191426153|4601, 191434309|4729, 191435188|4950, 191442596|5083, 191533582|5255, 191859937|5633, 191860932|5841, 191864111|5956, 191864447|6048, 191865464|6159, 191866261|6256, 191867028|6361, 191867080|6484, 191867847|6845, 191868666|6940, 191869433|7186, 191869493|7571, 191873022|7666, 191873358|7753, 191873410|7825, 191876870|8150, 191877130|9864, sydney+harbour, 
191877190|2332, 191880721|2433, 191881109|2604, 191881743|2736, 191881847|2979, 191887009|3213, 191887397|3458, 191887449|3585, 191887501|3726, 191891445|3837, 191896983|3967, 191900049|4373, 191902002|4616, 191902054|4710, 191902166|4840, 191906715|5011, 191938465|5286, 191939262|5448, 191947547|5671, 191972339|5825, 192230386|5969, 192381823|6128, 192382904|6227, 192382956|6329, 192383723|6433, 192384542|6535, 192385309|6626, 192388899|7584, 192389235|7661, 192389287|7743, 192390440|7922, 192390700|9885, petronas+towers, 
192394290|2405, 192394626|2533, 192395312|2637, 192395468|2954, 192401024|3378, 192401180|3549, 192409835|4286, 192413341|4535, 192414906|4662, 192418533|4937, 192420097|5132, 192434788|5267, 192435831|5578, 192443135|5700, 192545064|5816, 192853316|5999, 193027516|6118, 193230723|6244, 193307197|6359, 193308180|6563, 193311359|6658, 193311695|6769, 193312712|6876, 193313531|7214, 193317887|7581, 193318275|7678, 193319428|7828, 193319688|9932, the+great+wall+of+china, 
193323279|2420, 193323615|2622, 193324249|2748, 193324301|2886, 193329518|3043, 193330010|3379, 193330062|3503, 193341873|3967, 193345327|4335, 193346073|4456, 193346996|4679, 193350561|5157, 193351328|5470, 193351380|5567, 193352147|5792, 193352199|5873, 193353026|6120, 193356205|6207, 193356541|6299, 193357390|6409, 193358157|6723, 193358209|6812, 193358976|6997, 193359028|7088, 193359825|7183, 193360592|7285, 193360800|9867, big+ben, 
193360860|2372, 193364390|2490, 193364726|2578, 193365412|2703, 193367200|2988, 193371221|3474, 193377459|4183, 193377583|4284, 193377643|4381, 193380597|4472, 193380985|4565, 193381804|4958, 193382571|5046, 193382623|5126, 193384157|5571, 193384976|5673, 193385028|5767, 193385795|6213, 193389034|6311, 193389370|6410, 193390167|6500, 193390986|6596, 193404614|6728, 193405433|6990, 193406230|7120, 193406386|7251, 193407153|7365, 193410887|7611, 193425506|7809, 193450508|7909, 193457977|8169, 193458649|8509, 193825385|8738, 193946672|8931, 193947008|9320, 193947112|10088, 193947372|10316, 193954304|10713, empire+state+building, 
193954364|2361, 193957895|2437, 193958231|2550, 193958917|2648, 193959133|2999, 193964627|3292, 193964731|3453, 193974109|4026, 193977459|4373, 193977615|4564, 193978434|4814, 193994696|5241, 193994748|5394, 193995855|5615, 194003598|5749, 194188271|5905, 194408031|6043, 194603671|6178, 194829486|6364, 194862986|6487, 194868860|6617, 194868920|6723, 194872099|6842, 194872435|6931, 194873452|7064, 194874249|7159, 194875076|7269, 194878605|7384, 194878941|7472, 194878993|7552, 194879979|7637, 194880147|7740, 194880407|9924, the+great+wall+of+china, 
194880572|2427, 194884103|2529, 194884439|2619, 194885073|2758, 194885125|2900, 194890340|3251, 194890780|3457, 194890832|3618, 194896358|3736, 194898730|3976, 194901900|4416, 194903167|4581, 194917583|4826, 194917971|5029, 194938284|5187, 194945968|5307, 195192393|5528, 195421611|5701, 195483635|5837, 195498711|5938, 195564021|6052, 195567364|6152, 195567700|6281, 195568717|6401, 195570251|6959, 195571048|7057, 195574689|7153, 195575770|7263, 195575822|7341, 195576807|7509, 195576975|7601, 195577235|9783, mt.+everest, 
195577295|2356, 195580826|2459, 195581162|2553, 195581848|2641, 195587166|3158, 195587554|3352, 195587658|3516, 195595562|3742, 195598680|4381, 195599068|4566, 195613476|4745, 195621592|4988, 195633171|5125, 195759093|5277, 196168087|5593, 196231235|5714, 196248409|5820, 196248461|5912, 196249280|6226, 196250099|6587, 196250926|6698, 196254105|6833, 196255238|6947, 196256225|7038, 196256337|7140, 196260611|7246, 196260947|7337, 196260999|7424, 196262151|7513, 196262411|9844, mt.+everest, 
196262471|2370, 196266000|2481, 196266336|2580, 196266941|2693, 196267157|2994, 196272647|3362, 196272751|3520, 196280144|3765, 196281054|3993, 196285039|4432, 196286276|4650, 196289290|4802, 196289678|5005, 196307211|5490, 196307263|5598, 196307435|5700, 196315559|5817, 196490473|5963, 196871800|6105, 197096819|6232, 197169998|6364, 197179646|6472, 197180633|6576, 197181400|6987, 197181452|7119, 197182219|7310, 197182323|7545, 197183309|7724, 197183569|9902, the+great+wall+of+china, 
197187159|2341, 197187495|2469, 197187547|2555, 197188233|2676, 197188397|2933, 197193842|3219, 197193998|3443, 197201642|3815, 197204933|4282, 197212760|4520, 197216050|4711, 197216222|4909, 197224467|5051, 197291822|5172, 197545952|5366, 197627142|5552, 197628327|5783, 197629094|6171, 197630081|6270, 197630900|6551, 197631667|6854, 197631719|6928, 197632546|7152, 197636873|7235, 197637261|7357, 197638242|7434, 197638294|7517, 197638554|9822, pyeongchang, 
197642144|2500, 197643114|2710, 197643166|3010, 197648384|3242, 197648928|3521, 197656800|3885, 197657016|4360, 197660948|4526, 197661052|4701, 197675565|4924, 197692149|5134, 197693028|5251, 197724156|5401, 198172509|5704, 198317970|5962, 198327144|6102, 198327963|6207, 198328782|6313, 198328834|6405, 198329601|6694, 198329653|6791, 198330420|7066, 198330532|7455, 198334011|7534, 198334347|7622, 198334399|7710, 198335591|7804, 198335851|9939, mt.+everest, 
198335911|2430, 198339442|2520, 198339778|2636, 198340464|2751, 198340568|2997, 198345783|3210, 198346171|3445, 198346275|3629, 198354772|4064, 198354832|4359, 198358122|4483, 198358226|4598, 198358278|4693, 198359976|4877, 198363650|4980, 198376184|5097, 198454644|5522, 198510306|5669, 198798726|5976, 198812394|6111, 198815573|6214, 198815961|6308, 198816926|6421, 198818460|6900, 198818512|7007, 198819279|7315, 198822869|7585, 198823205|7683, 198823257|7768, 198824243|7943, 198824411|8028, 198824671|9857, burj+khalifa, 
198824731|2387, 198828262|2484, 198829232|2600, 198829336|2966, 198834500|3199, 198834992|3516, 198840529|3683, 198842683|3844, 198842743|4325, 198846258|4473, 198847271|4638, 198850561|4786, 198850613|4891, 198857436|5303, 198858479|5524, 198873719|5676, 199157675|5822, 199447344|6044, 199448511|6181, 199448731|6281, 199450325|6760, 199453968|6844, 199457767|6928, 199458616|7003, 199459719|7087, 199460706|7423, 199461473|7760, 199461733|9851, cape+town, 
199461793|2408, 199465324|2507, 199465660|2625, 199466346|2730, 199466502|2994, 199471671|3264, 199472059|3442, 199472163|3621, 199479796|3856, 199482862|4407, 199490405|4614, 199494411|4853, 199494971|4979, 199761876|5243, 200179366|5564, 200199435|5725, 200200422|5865, 200200590|5970, 200201513|6072, 200201565|6179, 200203099|6594, 200203918|6689, 200207157|6816, 200207493|6910, 200208290|6996, 200208510|7084, 200209337|7196, 200212867|7279, 200213203|7361, 200213255|7431, 200214238|7511, 200214406|7610, 200214666|9949, pyongyang, 
200218256|2420, 200218592|2537, 200219278|2620, 200219494|2989, 200225096|3443, 200234156|3935, 200237610|4406, 200238304|4558, 200239227|4691, 200239994|5028, 200256975|5380, 200257794|5516, 200258146|5713, 200269501|5854, 200300041|6003, 200775558|6263, 200776545|6511, 200777312|6613, 200778131|6723, 200778183|7489, 200778235|7566, 200779221|7915, 200779481|9880, acropolis+of+athens, 
200783071|2457, 200783407|2608, 200784093|2718, 200784197|2982, 200789806|3432, 200791974|3587, 200797512|3825, 200798258|4446, 200798370|4625, 200807496|4783, 200807548|4921, 200816231|5128, 201138987|5462, 201221747|5632, 201222471|5837, 201223436|5948, 201224181|6039, 201224233|6144, 201225000|6547, 201225819|6639, 201225871|6729, 201227457|7203, 201228224|7284, 201228388|7362, 201231866|7453, 201232202|7531, 201234054|7617, 201234989|8187, 201235249|9917, pyeongchang, 
201235309|2362, 201238840|2464, 201239176|2566, 201239862|2681, 201239966|2943, 201245187|3194, 201245575|3464, 201245679|3593, 201254512|4389, 201254624|4552, 201258070|4750, 201261804|4904, 201263019|5052, 201287241|5219, 201288098|5383, 201295506|5513, 201432051|5703, 201637819|5808, 201872734|5986, 201872786|6114, 201873889|6214, 201874109|6301, 201874928|6693, 201875725|6789, 201877319|7335, 201881185|7556, 201881237|7653, 201882642|7772, 201882902|9889, taipei+101, 
201886492|2420, 201887514|2622, 201887730|2989, 201893175|3386, 201893279|3508, 201894511|3699, 201900085|4244, 201904277|4452, 201907134|4671, 201915038|4812, 201999883|5072, 202196527|5392, 202197514|5685, 202199100|6195, 202200634|6807, 202200686|6944, 202201609|7327, 202202436|7417, 202206599|7518, 202206935|7617, 202207732|7716, 202207952|7798, 202208719|8077, 202208771|10277, 202208979|10422, wencelas+square+prague, 
202209039|2287, 202212569|2373, 202212905|2491, 202213591|2597, 202213695|2834, 202218863|3052, 202219355|3364, 202229838|3913, 202229942|4246, 202233934|4415, 202233986|4524, 202234090|4607, 202238642|4731, 202238978|4826, 202239030|4910, 202250520|5054, 202250572|5193, 202251339|5373, 202267674|5474, 202271137|5581, 202272210|5701, 202279454|5808, 202324346|5907, 202670884|6115, 202695877|6276, 202696842|6402, 202697062|6496, 202697829|6699, 202697881|6803, 202698700|7067, 202699445|7218, 202699549|7415, 202704057|7946, 202704317|9851, eiffel+tower, 
202707908|2518, 202708244|2645, 202708930|2798, 202709034|2906, 202709146|3024, 202714642|3313, 202714746|3546, 202714798|3670, 202723665|3776, 202726679|4419, 202727969|4633, 202728788|4762, 202748904|5189, 202750037|5410, 202750089|5515, 202758556|5684, 202759280|5878, 203014647|6055, 203226367|6276, 203264325|6453, 203266079|7050, 203266898|7483, 203267002|7564, 203268756|7917, 203269016|9914, acropolis+of+athens, 
203272607|2410, 203272995|2605, 203273629|2745, 203273793|3023, 203279339|3375, 203279443|3520, 203283324|3648, 203288868|3799, 203288920|4317, 203289614|4464, 203289718|4588, 203293033|4722, 203297102|4860, 203313602|4976, 203327624|5155, 203334923|5371, 203343763|5494, 203526381|5632, 203846937|5853, 203973405|6090, 204001671|6262, 204049583|6408, 204051337|6850, 204052923|7243, 204053742|7357, 204053846|7492, 204054830|7661, 204055090|9962, mirabell+gardens, 
204058680|2395, 204059016|2545, 204059068|2647, 204059754|2792, 204059866|2904, 204065310|3245, 204065518|3447, 204071391|3710, 204072948|3861, 204076731|4350, 204078222|4511, 204087930|4685, 204087982|4819, 204096267|4988, 204305944|5228, 204640478|5524, 204792634|5709, 204792970|5812, 204793965|5918, 204797144|6014, 204798277|6156, 204798497|6259, 204799316|6695, 204800083|6941, 204800135|7040, 204803694|7222, 204804544|7302, 204804932|7396, 204805915|7483, 204806850|7621, 204807110|9837, pyongyang, 
204810699|2420, 204811035|2546, 204811721|2743, 204811773|2969, 204816992|3212, 204817432|3389, 204818664|3904, 204818768|4044, 204827245|4364, 204828379|4588, 204832058|4826, 204833101|5053, 204845286|5204, 204978410|5359, 205122148|5730, 205122652|5913, 205123669|6091, 205124436|6517, 205125233|6621, 205125285|6720, 205126104|7240, 205126871|7550, 205126975|7660, 205127960|7846, 205128220|9962, wencelas+square+prague, 
205128280|2309, 205131810|2403, 205132146|2511, 205132832|2622, 205132936|2920, 205138098|3066, 205138590|3314, 205144127|3571, 205144288|4075, 205147467|4163, 205148600|4308, 205148660|4399, 205151950|4494, 205152769|4569, 205152821|4654, 205153566|4742, 205154385|4835, 205154437|4926, 205156023|5477, 205156842|5574, 205157609|5674, 205157661|5759, 205158480|6125, 205159247|6393, 205160066|6492, 205173589|7112, 205173745|7527, 205173881|7741, 205177555|7860, 205191291|7983, 205193514|8114, 205217184|8239, 205217416|8473, 205224886|8667, 205287198|8901, 205713579|9302, 205713747|9484, 205713915|9627, 205714175|10332, empire+state+building, 
205714287|2476, 205717764|2611, 205718786|2734, 205718890|2914, 205724103|3223, 205724491|3431, 205724595|3595, 205732287|3986, 205735637|4359, 205736612|4522, 205743434|4871, 205744253|5213, 205744605|5321, 205760377|5463, 205892534|5603, 206333583|5894, 206337266|6066, 206338295|6188, 206338515|6292, 206340049|6740, 206340101|6820, 206340920|7078, 206341665|7161, 206342484|7255, 206342744|9937, cape+town, 
206342849|2336, 206342961|2423, 206346439|2533, 206346775|2616, 206347461|2746, 206352783|3079, 206353223|3291, 206353327|3538, 206362136|3989, 206362300|4287, 206366268|4486, 206366372|4646, 206376641|5129, 206377097|5326, 206385302|5443, 206487773|5597, 207052298|5930, 207114326|6109, 207200105|6284, 207205437|6881, 207205773|6965, 207205825|7044, 207207573|7138, 207210980|7222, 207211356|7304, 207212153|7398, 207213140|7518, 207213192|9708, 207213400|9841, peking, 
207213460|2379, 207216991|2481, 207217327|2590, 207217961|2718, 207223232|2998, 207223672|3448, 207223776|3593, 207226480|3707, 207231821|3852, 207231977|4464, 207232671|4586, 207235745|4726, 207239807|4874, 207252341|5003, 207271590|5201, 207324626|5403, 207332890|5571, 207391530|5737, 207606318|5875, 207688962|6029, 207689182|6144, 207689949|6437, 207690001|6526, 207690768|6719, 207690880|6808, 207694343|6904, 207695140|7021, 207695400|7199, 207696219|7400, 207696279|7482, 207699810|7573, 207700913|7688, 207700965|7795, 207702118|7954, 207702378|9829, burj+khalifa, 
207702438|2467, 207705968|2613, 207706356|2729, 207707146|2929, 207712313|3113, 207712701|3363, 207714145|3546, 207720774|3704, 207721624|4398, 207721748|4516, 207728497|4723, 207737261|4833, 207756707|5015, 207810174|5190, 207818408|5344, 207875514|5509, 208092357|5659, 208172780|5808, 208173815|5998, 208176994|6127, 208177382|6249, 208178347|6346, 208179114|6444, 208179166|6551, 208180752|6967, 208181549|7156, 208182376|7354, 208185957|7441, 208186293|7527, 208186345|7617, 208188069|7744, 208188121|9815, 208188329|9979, burj+khalifa, 
208191920|2486, 208192256|2580, 208192942|2685, 208193106|2981, 208198549|3261, 208198601|3411, 208198705|3515, 208207877|3886, 208210891|4358, 208211435|4564, 208215988|4871, 208216324|4994, 208241445|5238, 208242212|5412, 208249731|5524, 208250403|5637, 208438882|5780, 208702516|5946, 208832864|6116, 208917434|6246, 208918231|6344, 208919218|6445, 208920015|6547, 208920067|6653, 208920886|7085, 208921705|7224, 208926062|7617, 208926398|7694, 208926450|7778, 208927436|7864, 208927604|7955, 208927864|9932, pyramids+of+giza, 
208927924|2300, 208931453|2385, 208931789|2568, 208932423|2713, 208932475|2878, 208938083|3232, 208938187|3431, 208943731|3630, 208945884|4149, 208949869|4386, 208951106|4522, 208954456|4724, 208960488|4854, 208961255|5023, 208961427|5132, 208969661|5262, 209137815|5412, 209427543|5539, 209551214|5698, 209551278|5836, 209552473|5981, 209553352|6117, 209556531|6227, 209557612|6325, 209557780|6412, 209557832|6498, 209558599|6828, 209559366|6957, 209559626|9909, cape+town, 
209559686|2539, 209563215|2634, 209563603|2743, 209564253|2941, 209564417|3071, 209569510|3330, 209569898|3496, 209570002|3600, 209575536|3810, 209577649|3974, 209577709|4174, 209581224|4376, 209585191|4551, 209586294|4681, 209591532|4810, 209592467|5074, 209593458|5155, 209601636|5254, 209625476|5345, 209995744|5583, 210016999|5716, 210083972|5883, 210085295|6055, 210088884|6718, 210089220|6788, 210089272|6867, 210090486|6946, 210090654|7027, 210090914|9923, toronto+canada, 
210091026|2467, 210094839|2588, 210095525|2780, 210095577|2927, 210100794|3189, 210101286|3544, 210103454|3658, 210108957|3774, 210109061|4471, 210109113|4631, 210115031|4802, 210119343|5054, 210130453|5249, 210176294|5402, 210452517|5595, 210532518|5751, 210533621|5854, 210534440|5954, 210535259|6074, 210538498|6174, 210538834|6275, 210539631|6376, 210540450|6467, 210541489|6623, 210542256|6861, 210545899|6947, 210546235|7029, 210546287|7110, 210548035|7201, 210548087|7283, 210548854|7460, 210549074|7537, 210549841|7855, 210550101|9864, pyeongchang, 
210550161|2446, 210554027|2616, 210554661|2725, 210558355|3119, 210560321|3438, 210560425|3638, 210569467|3772, 210569579|4322, 210572869|4477, 210572973|4637, 210573740|4749, 210576979|4851, 210577315|4951, 210590752|5126, 210595087|5381, 210595974|5667, 210604141|5787, 210643100|5915, 210986192|6113, 211109807|6256, 211110794|6391, 211110846|6487, 211111613|6694, 211112432|6810, 211112484|7521, 211112536|7601, 211113523|7919, 211114049|8018, 211114309|9929, acropolis+of+athens, 
211114421|2440, 211118236|2550, 211118288|2655, 211118922|2756, 211124190|3147, 211124578|3406, 211124682|3531, 211132863|4039, 211132967|4343, 211136751|4501, 211137988|4641, 211138100|4737, 211146515|4893, 211146567|5033, 211147454|5179, 211154914|5324, 211258337|5443, 211549968|5752, 211635508|5890, 211635844|6008, 211637598|6129, 211637710|6232, 211641173|6335, 211641225|6429, 211642190|6547, 211643009|6889, 211643836|7205, 211647366|7310, 211647702|7384, 211647754|7460, 211648970|7540, 211649138|7631, 211649398|9984, toronto+canada, 
211649458|2369, 211652988|2478, 211653324|2616, 211654010|2731, 211659618|3232, 211659826|3561, 211667039|3701, 211667292|3960, 211667352|4168, 211670642|4328, 211670850|4486, 211677526|4682, 211678345|4876, 211679336|5010, 211727183|5178, 212011824|5346, 212093013|5588, 212094745|5762, 212095197|5885, 212095964|6090, 212096016|6185, 212097550|6600, 212097602|6691, 212098369|6866, 212098481|7135, 212101959|7221, 212102347|7310, 212103327|7387, 212103495|7493, 212103755|9875, pyeongchang, 
212103815|2363, 212107344|2496, 212108366|2725, 212108530|3001, 212114178|3471, 212119552|3645, 212121922|3779, 212122026|4631, 212122198|4824, 212139487|5083, 212155726|5277, 212184690|5503, 212521968|5743, 212762515|5941, 212789264|6056, 212789304|6158, 212790838|6498, 212790890|6589, 212791657|6819, 212791709|6911, 212792476|7121, 212792528|7238, 212796886|7428, 212797274|7510, 212798093|7588, 212798145|7675, 212799129|7766, 212800064|7973, 212800324|9869, mt.+everest, 
212800384|2421, 212804250|2564, 212804936|2661, 212805092|2952, 212810597|3265, 212810753|3515, 212820120|3867, 212823134|4440, 212823678|4568, 212824581|4774, 212828307|4918, 212828643|5036, 212829574|5197, 212867241|5355, 212868090|5534, 212868210|5651, 212876324|5777, 212918045|5935, 213231605|6092, 213391002|6244, 213391170|6375, 213391937|6478, 213392157|6580, 213392976|7008, 213393743|7282, 213393795|7365, 213393847|7457, 213394666|7564, 213399059|7921, 213399319|9835, colosseum+rome, 
213402909|2416, 213403245|2541, 213403879|2648, 213409151|3054, 213409539|3380, 213409591|3537, 213409643|3643, 213419093|4016, 213422495|4428, 213424068|4573, 213427299|4653, 213428544|4803, 213432218|4906, 213432606|5006, 213443329|5158, 213460424|5597, 213468658|5887, 213477422|6001, 213884424|6227, 213884592|6339, 213885587|6545, 213889102|6650, 213889899|6758, 213890119|6845, 213890159|6964, 213890926|7087, 213891745|7268, 213891849|7561, 213896359|8131, 213896619|9926, eiffel+tower, 
213900210|2453, 213900546|2592, 213901232|2718, 213901336|2965, 213906502|3174, 213906994|3533, 213914466|3889, 213917809|4362, 213919748|4637, 213929017|4831, 213929069|5015, 213929956|5157, 213941618|5298, 214095564|5414, 214376150|5776, 214418980|5944, 214420071|6120, 214420890|6455, 214420950|6547, 214425247|6648, 214425635|6729, 214426454|6826, 214427836|6940, 214428096|9771, toronto+canada, 
214431687|3675, 214432023|3783, 214432709|3872, 214437980|4391, 214438420|4614, 214438524|4746, 214446136|5124, 214446196|5327, 214449694|5552, 214451207|5728, 214459297|5859, 214460116|6028, 214467584|6153, 214533927|6403, 214885692|6632, 214888931|6799, 214890180|6940, 214890400|7033, 214891167|7334, 214892016|7433, 214893550|7964, 214893602|8069, 214894421|8296, 214895188|8462, 214897980|8724, 214899113|8826, 214899165|8905, 214902430|9226, 214902690|11547, sydney+harbour, 
214902802|2423, 214906280|2514, 214906616|2593, 214907250|2710, 214907302|2953, 214912519|3257, 214918540|3554, 214922382|3712, 214922494|4226, 214927297|4491, 214927401|4596, 214927461|4721, 214931954|4870, 214950367|4992, 214951186|5120, 214967359|5334, 214975646|5568, 215017345|5735, 215481638|5935, 215493963|6129, 215494898|6489, 215495747|6595, 215497281|7203, 215497385|7387, 215501778|7727, 215502038|9995, colosseum+rome, 
215502150|2527, 215505964|2691, 215506650|2777, 215506754|3044, 215512311|3373, 215512415|3574, 215512467|3679, 215522972|4433, 215526314|4597, 215527879|4725, 215528802|4814, 215533302|5068, 215536094|5191, 215537213|5293, 215556087|5414, 215556139|5529, 215573070|5750, 215573122|5895, 215581409|6086, 215649878|6208, 216095983|6387, 216096035|6509, 216096203|6630, 216097138|6730, 216097935|6836, 216097987|7670, 216098039|7748, 216102433|8240, 216102693|9988, colosseum+rome, 
216102753|2402, 216106282|2493, 216106618|2595, 216107304|2683, 216107460|2984, 216112628|3179, 216113016|3357, 216113120|3496, 216122026|3726, 216125040|4277, 216125532|4403, 216125584|4547, 216126427|4664, 216130981|4816, 216155660|4999, 216159726|5302, 216168267|5448, 216201151|5577, 216503706|5758, 216731540|5915, 216832162|6098, 216832330|6196, 216833317|6297, 216834084|6727, 216834903|6827, 216835722|6928, 216836549|7412, 216840078|7529, 216840414|7611, 216840466|7693, 216841619|7797, 216841879|9939, pyramids+of+giza, 
216845468|2419, 216845804|2555, 216846438|2651, 216848175|3008, 216852040|3225, 216852196|3482, 216862102|4146, 216865392|4409, 216865496|4518, 216866315|4642, 216866367|4782, 216884038|5206, 216884857|5322, 216884909|5443, 216893145|5576, 216897056|5695, 217211697|5872, 217402391|6035, 217403210|6195, 217404197|6504, 217404964|6764, 217405016|6874, 217405887|7211, 217405939|7298, 217407693|7399, 217407953|9923, acropolis+of+athens, 
217408013|2356, 217411543|2459, 217411879|2574, 217412565|2663, 217412669|2931, 217417835|3305, 217418327|3438, 217423860|3692, 217427767|3958, 217427931|4414, 217432071|4619, 217436571|4834, 217436959|4941, 217446872|5065, 217447691|5251, 217463966|5387, 217464785|5527, 217471311|5657, 217473409|5791, 217641245|5935, 217888735|6070, 217892310|6230, 217893275|6341, 217893495|6459, 217894262|6672, 217895059|6769, 217895111|6868, 217895878|7291, 217896675|7387, 217896727|7498, 217896831|7591, 217897598|7712, 217902637|8160, 217902897|9922, eiffel+tower, 
217903009|2628, 217906487|2709, 217906875|2817, 217907525|2946, 217912781|3202, 217913221|3484, 217913273|3646, 217917233|3799, 217922763|3972, 217922867|4446, 217923509|4570, 217923673|4712, 217926627|4805, 217930748|4932, 217939124|5041, 217941765|5147, 217945823|5396, 217963179|5535, 217963231|5642, 217963351|5728, 217971466|5852, 218023110|5966, 218387232|6231, 218388271|6485, 218388323|6578, 218389142|6883, 218389909|7183, 218389961|7476, 218390013|7561, 218395042|8149, 218395302|9906, eiffel+tower, 
218395362|2390, 218398893|2526, 218399229|2640, 218399915|2758, 218400019|2896, 218404436|3058, 218405622|3383, 218405726|3528, 218413258|3812, 218416608|4219, 218416764|4419, 218417768|4557, 218430213|4725, 218446896|4997, 218450858|5118, 218624986|5359, 218877955|5545, 219031739|5733, 219031907|5848, 219032894|5966, 219033713|6354, 219034480|6652, 219034532|6748, 219035299|6962, 219036118|7089, 219038910|7266, 219040045|7374, 219040097|7475, 219041502|7669, 219041762|10024, taipei+101, 
219044554|2417, 219045688|2535, 219046374|2635, 219046426|2925, 219051643|3123, 219052083|3472, 219052187|3592, 219061171|3802, 219064185|4444, 219065496|4625, 219066375|4761, 219071256|4922, 219096309|5088, 219096361|5375, 219097404|5472, 219104648|5584, 219255881|5720, 219671056|5876, 219771889|6044, 219772277|6168, 219773044|6486, 219774061|6588, 219775595|7090, 219775700|7433, 219779290|7551, 219779626|7636, 219779678|7723, 219780830|7834, 219781090|9916, pyramids+of+giza, 
219781150|2518, 219785016|2691, 219785702|2785, 219791027|3208, 219791415|3430, 219791519|3731, 219800422|4309, 219803772|4486, 219804643|4617, 219807934|4768, 219809127|4911, 219812854|5087, 219838290|5229, 219839087|5393, 219847374|5675, 219848865|5780, 220076379|5924, 220430174|6126, 220511346|6273, 220512437|6380, 220513256|6707, 220514023|7036, 220514083|7612, 220517613|7704, 220517949|7780, 220518001|7874, 220518984|8003, 220519152|8102, 220519412|9984, pyramids+of+giza, 
220523002|2484, 220523338|2614, 220524024|2748, 220524128|2882, 220524240|2972, 220529344|3167, 220529732|3391, 220529836|3558, 220537463|3933, 220537731|4503, 220548069|4781, 220548836|4971, 220559661|5093, 220894805|5405, 221083567|5593, 221256396|5752, 221257163|5883, 221258318|6006, 221258538|6102, 221259305|6399, 221260184|6520, 221263363|6626, 221263699|6717, 221264496|6862, 221265535|6978, 221266340|7096, 221269869|7190, 221270205|7266, 221271238|7361, 221271406|7441, 221271666|9800, pyongyang, 
221275256|2435, 221275592|2557, 221276226|2691, 221281496|3217, 221281988|3606, 221290042|3779, 221290166|4245, 221293620|4430, 221294387|4536, 221294551|4714, 221311527|4868, 221327586|5166, 221387580|5367, 221537513|5574, 221692804|5719, 221743494|5850, 221743662|5947, 221745416|6349, 221746243|6656, 221749422|6752, 221749758|6845, 221750775|6961, 221751542|7348, 221751654|7448, 221755467|7545, 221755519|7643, 221756503|7835, 221756671|7936, 221756723|9836, 221756931|9959, burj+khalifa, 
221757043|2457, 221760520|2569, 221760856|2661, 221761490|2770, 221761602|3058, 221766761|3296, 221767149|3433, 221767253|3615, 221771134|3732, 221776683|3910, 221776743|4472, 221779749|4614, 221780137|4694, 221780249|4804, 221784690|4902, 221798944|5015, 221817523|5152, 221821772|5320, 221847844|5485, 221924868|5592, 222317784|5772, 222535399|6092, 222536526|6293, 222539973|6461, 222541106|6628, 222541326|6731, 222542093|7033, 222542912|7171, 222542964|7296, 222543835|7518, 222543887|7599, 222544870|7690, 222545637|7775, 222545689|7853, 222547223|8403, 222547483|9977, mirabell+gardens, 
222547648|2444, 222551178|2561, 222551514|2664, 222552148|2772, 222557420|3125, 222557808|3386, 222557912|3500, 222563459|3637, 222568838|4261, 222569226|4390, 222569330|4535, 222570149|4624, 222574650|4827, 222595713|4987, 222596480|5146, 222604117|5346, 222608348|5474, 222889738|5625, 223180371|5813, 223183610|5953, 223184114|6061, 223184334|6146, 223185299|6246, 223186096|6360, 223186863|6789, 223190454|7490, 223190790|7588, 223190842|7676, 223192248|7853, 223192508|9875, taipei+101, 
223196098|2527, 223196434|2636, 223197068|2768, 223197172|2984, 223202340|3248, 223202780|3400, 223202884|3586, 223212054|3839, 223212218|4692, 223215172|4794, 223219294|5031, 223244686|5206, 223244738|5356, 223249527|5563, 223278440|5677, 223747070|5965, 223903219|6163, 223922387|6293, 223923206|6396, 223923258|6496, 223924844|7008, 223925611|7297, 223925663|7387, 223930020|7603, 223930356|7704, 223930408|7792, 223931562|7900, 223931822|9856, pyramids+of+giza, 
223931882|2376, 223935413|2474, 223935749|2576, 223936487|2700, 223938280|3010, 223942199|3319, 223942303|3530, 223951691|3925, 223955318|4553, 223956167|4641, 223957024|4773, 223963711|4936, 223993110|5229, 223997840|5474, 224002668|5580, 224253234|5746, 224435654|5900, 224435822|6068, 224436809|6175, 224437628|6453, 224438395|6738, 224438447|6831, 224439266|7104, 224440033|7360, 224440137|7494, 224441122|7755, 224441382|9898, petronas+towers, 
224441442|2396, 224444972|2536, 224445308|2621, 224445942|2733, 224445994|2951, 224451213|3128, 224451601|3404, 224455580|3676, 224461098|3875, 224461844|4411, 224462008|4575, 224464962|4662, 224465358|4774, 224469851|4889, 224483338|4976, 224498665|5133, 224500363|5373, 224504202|5481, 224533386|5583, 224609316|5729, 224820255|5960, 224992928|6146, 225093416|6288, 225221991|6471, 225223146|6598, 225223913|6899, 225223965|7404, 225224017|7491, 225225526|7886, 225225786|9865, mirabell+gardens, 
225225846|2665, 225229377|2771, 225229713|2875, 225230399|2961, 225236055|3529, 225236107|3725, 225236211|3841, 225245057|4372, 225248123|4709, 225249205|4837, 225249309|4966, 225250188|5112, 225260526|5279, 225275688|5418, 225276515|5520, 225283976|5655, 225319970|5784, 225614230|5954, 225847194|6102, 225861219|6244, 225864626|6352, 225864962|6456, 225865759|6541, 225865979|6648, 225866798|6942, 225867595|7057, 225868362|7586, 225871952|7744, 225872288|7911, 225872340|8039, 225873577|8169, 225873745|8256, 225874005|10217, taipei+101, 
225874117|2424, 225877595|2562, 225877931|2655, 225878617|2846, 225878781|3055, 225883885|3287, 225884429|3595, 225893832|3843, 225893956|4272, 225896970|4424, 225898229|4586, 225898281|4667, 225898341|4781, 225903170|4890, 225925239|5005, 225932433|5202, 225937209|5352, 225944895|5450, 226140606|5608, 226577171|5869, 226615607|6048, 226653297|6233, 226656587|6461, 226657522|6712, 226657614|6836, 226658433|7089, 226659997|7234, 226660049|7486, 226660101|7568, 226661083|7653, 226661343|9907, mirabell+gardens, 
226661455|2424, 226664933|2543, 226665269|2644, 226666007|2761, 226671282|3145, 226671670|3347, 226675289|3704, 226680822|4046, 226680934|4175, 226684328|4420, 226685095|4682, 226685914|4785, 226702101|5003, 226702920|5225, 226711154|5419, 226715065|5538, 226978093|5700, 227219657|5907, 227220592|6244, 227220644|6342, 227221411|6553, 227222230|6688, 227223027|6797, 227223824|6972, 227223876|7193, 227223928|7304, 227224914|7564, 227225174|9867, acropolis+of+athens, 
227225234|2571, 227228763|2691, 227229733|2806, 227235005|3275, 227235341|3434, 227235445|3576, 227235497|3673, 227247678|4357, 227247730|4571, 227248601|4716, 227248713|4830, 227258686|5020, 227275055|5191, 227282523|5327, 227284126|5465, 227533305|5606, 227858831|5784, 227859994|5909, 227863509|6038, 227864306|6188, 227864526|6281, 227865345|6740, 227866112|7031, 227866164|7151, 227870522|7593, 227870910|7736, 227872316|7947, 227872576|9864, taipei+101, 
227876166|2475, 227876502|2592, 227877136|2678, 227877188|2922, 227882744|3169, 227882796|3394, 227882900|3552, 227893111|4007, 227893171|4347, 227897155|4495, 227897207|4634, 227898078|4763, 227898130|4884, 227902632|5050, 227915007|5183, 227931650|5426, 227931822|5565, 227939886|5682, 227982150|5788, 228444931|5988, 228522717|6176, 228604813|6322, 228605580|6529, 228605800|6634, 228606567|6914, 228607364|7038, 228607424|7611, 228610954|7703, 228611290|7785, 228611342|7854, 228612497|8032, 228612757|9982, pyramids+of+giza, 
228612817|2401, 228616347|2544, 228616683|2648, 228617317|2831, 228617481|3008, 228623028|3332, 228623080|3492, 228623132|3605, 228630767|4017, 228633781|4293, 228634325|4461, 228641860|4973, 228641912|5253, 228646700|5403, 228677048|5566, 228954590|5750, 229131018|5900, 229134936|6025, 229135951|6165, 229136718|6412, 229136770|6501, 229136830|6676, 229141180|6763, 229141516|6837, 229141568|6919, 229143548|7000, 229143828|7092, 229146955|7168, 229147291|7249, 229148256|7369, 229148516|9796, toronto+canada, 
229148576|2480, 229152106|2570, 229152442|2690, 229153128|2774, 229153344|2951, 229158841|3449, 229158945|3702, 229166732|4315, 229169746|4542, 229170186|4689, 229170298|4798, 229180271|4964, 229195821|5116, 229204109|5299, 229208515|5505, 229713510|5758, 229781571|5973, 229782390|6132, 229783217|6237, 229786396|6331, 229786732|6438, 229787529|6541, 229787685|6666, 229788452|6964, 229788504|7054, 229789323|7379, 229792912|7533, 229794067|7706, 229795302|7801, 229795470|7893, 229795730|9883, taipei+101, 
229795790|7755, 229799319|7840, 229800289|8082, 229800401|8364, 229805944|8678, 229806048|8828, 229811323|9155, 229813704|9359, 229813816|9733, 229819054|9992, 229836449|10208, 229852655|10374, 229856510|10531, 229889192|10656, 230172828|10858, 230419860|10999, 230481499|11136, 230482550|11251, 230483369|11367, 230484136|11699, 230484188|11791, 230484955|12010, 230488194|12129, 230489327|12252, 230489495|12422, 230489555|12612, 230493085|12699, 230493421|12786, 230493473|12881, 230494625|13057, 230494885|15236, mt.+everest, 
230494945|2358, 230498475|2496, 230498811|2588, 230499445|2719, 230499609|3009, 230505053|3264, 230505209|3381, 230510755|3580, 230514700|3814, 230518275|4251, 230519236|4419, 230522190|4499, 230526260|4633, 230542349|4818, 230555387|5028, 230556326|5146, 230564347|5298, 230711747|5430, 230996994|5706, 230997929|5835, 230998149|5924, 230998968|6253, 230999735|6351, 230999787|6446, 231000606|6648, 231002140|7140, 231002296|7233, 231004050|7577, 231004310|9910, petronas+towers, 
231004370|2460, 231007901|2600, 231008237|2688, 231008923|2775, 231009139|3019, 231014240|3246, 231014628|3443, 231014732|3680, 231024140|3874, 231027379|4453, 231028564|4631, 231029369|4775, 231036057|4908, 231036833|5003, 231065948|5224, 231070606|5443, 231109281|5548, 231147540|5653, 231413584|5835, 231708342|6034, 231783719|6252, 231785042|6379, 231786576|6912, 231786628|7012, 231787447|7291, 231788318|7608, 231789300|7777, 231789560|9789, mirabell+gardens, 
231793150|2477, 231793486|2588, 231794172|2684, 231799881|3305, 231799985|3464, 231808684|3974, 231808848|4377, 231812988|4658, 231817488|4786, 231827503|4982, 231844967|5161, 231857212|5291, 232193220|5533, 232386991|5727, 232477915|5917, 232481305|6062, 232481693|6174, 232482628|6479, 232483425|6582, 232484244|6692, 232484296|6787, 232485115|7047, 232489472|7363, 232489808|7447, 232489860|7539, 232491014|7736, 232491274|9876, mt.+everest, 
232494066|2545, 232494864|2657, 232495834|2740, 232496050|3081, 232501495|3387, 232501599|3656, 232506877|3791, 232508990|3982, 232509102|4256, 232512721|4449, 232513630|4602, 232522050|4780, 232522869|4910, 232523093|5061, 232532684|5219, 232925146|5466, 232926301|5584, 233011791|5737, 233013114|5851, 233014700|6395, 233015467|6652, 233015519|6787, 233016286|6994, 233016398|7161, 233020213|7242, 233020265|7317, 233021482|7394, 233021650|7505, 233021726|8647, 233025183|8743, 233026324|8928, 233026584|9842, toronto+canada, 
233030174|2481, 233030510|2618, 233030562|2697, 233031196|2830, 233031412|3044, 233036906|3361, 233037010|3608, 233045232|3991, 233045344|4423, 233048686|4582, 233048790|4724, 233049557|4872, 233052796|5001, 233059933|5200, 233060804|5364, 233068272|5510, 233077087|5651, 233326999|5821, 233644967|6031, 233650901|6192, 233651992|6298, 233655231|6441, 233655567|6541, 233656364|6628, 233656584|6713, 233657351|7095, 233658148|7219, 233658408|9927, cape+town, 
233658468|2470, 233661997|2584, 233662333|2683, 233662967|2789, 233666662|3193, 233668626|3410, 233668678|3593, 233668730|3714, 233676379|3873, 233676439|4217, 233679781|4425, 233680652|4612, 233681555|4748, 233696419|5007, 233716708|5183, 233724787|5307, 234066412|5553, 234262065|5753, 234326773|5850, 234341671|5958, 234342606|6051, 234342819|6147, 234346282|6253, 234347027|6369, 234347247|6480, 234348833|6982, 234353243|7292, 234353579|7385, 234354398|7485, 234355548|7632, 234355808|9955, mt.+everest, 
234355868|2293, 234359397|2377, 234359733|2475, 234360419|2574, 234364165|3002, 234366231|3332, 234371776|3582, 234373889|3845, 234377059|4359, 234378089|4497, 234378141|4618, 234384065|4752, 234384117|5036, 234385160|5144, 234397097|5272, 234672031|5433, 234787581|5567, 234876754|5709, 234877939|5843, 234879543|5976, 234880310|6124, 234881181|6279, 234885590|6570, 234885926|6663, 234885978|6761, 234888124|6893, 234888384|9778, toronto+canada, 
234888496|2549, 234891974|2637, 234892931|2749, 234893095|2945, 234898576|3333, 234898680|3507, 234906592|3798, 234909883|4314, 234910271|4428, 234911188|4569, 234917816|4712, 234944955|5054, 234956148|5200, 235309625|5424, 235494587|5673, 235577320|5807, 235578285|5921, 235579272|6029, 235579324|6155, 235580091|6365, 235580143|6462, 235580910|6683, 235580962|6785, 235581729|7016, 235581789|7310, 235585320|7391, 235585656|7486, 235585708|7601, 235586694|7692, 235586862|7786, 235587122|9821, mt.+everest, 
235587182|2356, 235590711|2438, 235591047|2627, 235591733|2755, 235591949|3019, 235597437|3402, 235597541|3540, 235608075|3999, 235608135|4229, 235611425|4386, 235612296|4514, 235612400|4616, 235613167|4730, 235617289|4914, 235637228|5070, 235649163|5219, 235650296|5397, 235650348|5520, 235657932|5646, 235692923|5774, 236093005|5987, 236094160|6304, 236095694|6950, 236095798|7458, 236096781|7820, 236097041|10363, petronas+towers, 
236097101|2478, 236100631|2597, 236101653|2702, 236103445|3048, 236107519|3469, 236113058|3786, 236115132|3950, 236118146|4338, 236119436|4591, 236129641|5183, 236130528|5291, 236138807|5470, 236364590|5630, 236555223|5788, 236555275|5952, 236557037|6353, 236560216|6456, 236560552|6544, 236561569|6649, 236562366|6751, 236564012|7276, 236568309|7348, 236569464|7431, 236569516|7541, 236572974|7932, 236573234|9851, sydney+harbour, 
236573339|2444, 236573451|2524, 236576930|2620, 236577266|2700, 236577952|2811, 236583276|3198, 236583716|3452, 236583820|3590, 236591423|3963, 236591483|4332, 236594981|4564, 236603898|4817, 236608628|5123, 236617351|5271, 236946751|5526, 237033967|5683, 237034187|5806, 237034954|5900, 237035174|6003, 237036708|6508, 237036760|6599, 237037527|6827, 237038324|6932, 237038376|7028, 237039143|7281, 237042733|7681, 237043069|7847, 237043121|7932, 237047109|8438, 237047369|9925, sydney+harbour, 
237050960|2435, 237051296|2551, 237051982|2635, 237052086|2874, 237052198|2985, 237057688|3260, 237057792|3579, 237066235|4145, 237070171|4666, 237070559|4772, 237076486|4951, 237079725|5138, 237080926|5294, 237088385|5407, 237138259|5548, 237483211|5728, 237483599|5850, 237569856|6012, 237570412|6128, 237571179|6397, 237574418|6534, 237574806|6643, 237575883|6748, 237579696|6854, 237579748|6940, 237581782|7028, 237582549|7265, 237582833|7349, 237583600|7594, 237583860|9832, toronto+canada, 
237583972|2472, 237587450|2607, 237587786|2701, 237588420|2832, 237588524|3051, 237594024|3325, 237594128|3501, 237594180|3627, 237599458|3739, 237601570|3887, 237604809|4356, 237606098|4552, 237609448|4735, 237614577|4926, 237615396|5063, 237623683|5178, 237627991|5292, 238017403|5534, 238105550|5830, 238106537|6088, 238107304|6519, 238108235|6601, 238111713|6689, 238112101|6764, 238112153|6843, 238114304|6936, 238114564|9971, toronto+canada, 
238118154|2465, 238118490|2598, 238119176|2683, 238119340|2986, 238124782|3273, 238124938|3507, 238132814|4163, 238135880|4565, 238136320|4684, 238144398|4830, 238148404|5034, 238148860|5125, 238157116|5238, 238353327|5412, 238574400|5665, 238575219|5796, 238575387|5894, 238577141|6273, 238577960|6596, 238578757|6718, 238579524|6818, 238580395|6964, 238581162|7215, 238581222|7314, 238584751|7402, 238585087|7484, 238585139|7576, 238588346|7809, 238588514|7897, 238588774|9904, sydney+harbour, 
238592365|2479, 238592701|2603, 238593335|2711, 238593387|2975, 238598992|3363, 238599148|3569, 238604684|3697, 238606758|3965, 238609772|4288, 238610212|4453, 238610264|4592, 238619145|4735, 238619197|4884, 238620084|5008, 238630732|5150, 238879506|5381, 239048331|5654, 239049296|5758, 239049348|5875, 239050335|6178, 239051102|6267, 239051869|6369, 239052688|6483, 239052748|7591, 239056279|7682, 239056615|7761, 239056667|7917, 239060654|8462, 239060914|9837, sydney+harbour, 
239064504|2506, 239064840|2621, 239065526|2714, 239065630|2932, 239069272|3060, 239071238|3403, 239071342|3595, 239078951|3765, 239079075|4266, 239083223|4467, 239083379|4627, 239092231|4799, 239092283|4914, 239096956|5177, 239185677|5459, 239505251|5675, 239521585|5799, 239521741|5900, 239522508|6287, 239522560|6387, 239523327|6590, 239524124|6718, 239524176|6825, 239524943|7233, 239524995|7374, 239525814|7611, 239529404|7694, 239529740|7777, 239530559|7861, 239534017|8138, 239534069|9741, 239534277|9869, sydney+harbour, 
