||class android.net.TrafficStats:public static long android.net.TrafficStats.getMobileTxBytes()
7780581|1, 7780641|2114, 7781092|2229, 7782398|2391, 7782450|2495, 7784663|2801, 7787670|3139, 7787756|3264, 7787912|3554, 7787982|3895, 7788676|4142, 7789231|4238, 7789786|4533, 7790341|4893, 7790896|5152, 7791451|5516, 7791563|5600, 7792013|5693, 7792567|5793, 7792951|5884, 7793558|6061, 7793610|6421, 7794165|6516, 7794720|6788, 7794876|6971, 7795084|7205, 7797178|7497, 7797264|7612, 7797324|7706, 7797770|7860, 7798640|8148, 7799680|8318, 7800402|8491, 7800714|8661, 7808216|8972, 7811284|9268, 7811606|9495, 7811658|9632, 7811970|10183, 7812178|10310, empire+state+building, 
7812238|2311, 7812689|2409, 7814000|2531, 7814052|2623, 7816201|2946, 7818053|3209, 7819364|3440, 7819636|4167, 7820885|4445, 7824147|4607, 7825390|5300, 7826076|5528, 7826894|5630, 7828113|5745, 7833607|5937, 7839869|6102, 7847568|6326, 7847807|6440, 7848665|6864, 7848717|7107, 7849093|7209, 7849875|7304, 7850209|7409, 7851515|7532, 7851754|7717, 7852014|9749, 7852274|9898, the+great+wall+of+china, 
7852334|2354, 7852629|2442, 7852963|2564, 7854096|2667, 7854711|2969, 7859371|3396, 7859561|3589, 7859717|3732, 7860077|4231, 7863030|4424, 7863585|4694, 7864452|5042, 7865059|5300, 7865373|5408, 7866819|5566, 7870239|5729, 7875110|5884, 7879461|6085, 7880016|6219, 7880758|6523, 7881377|7085, 7882736|7340, 7882840|7518, 7883360|9900, acropolis+of+athens, 
7883715|2403, 7883871|2505, 7885195|2602, 7885247|2706, 7887164|3012, 7889283|3345, 7890505|3510, 7890591|3637, 7892443|4235, 7895096|4487, 7896008|4867, 7898098|5093, 7899121|5386, 7900625|5541, 7901835|5673, 7906735|5828, 7911294|5964, 7911481|6070, 7911616|6263, 7912830|6371, 7913265|6560, 7913317|6692, 7913377|7443, 7913911|7555, 7915344|7640, 7915583|8083, 7916051|9847, 7916103|9955, petronas+towers, 
7916163|2358, 7916614|2441, 7917943|2565, 7917995|2732, 7919767|2879, 7919913|2979, 7922046|3320, 7923277|3443, 7923537|3832, 7925753|4230, 7926590|4425, 7928318|4657, 7928873|5031, 7929792|5303, 7930347|5428, 7930820|5567, 7935209|5915, 7941565|6131, 7943992|6264, 7944786|6367, 7945405|6985, 7945960|7266, 7947181|7367, 7947267|7450, 7947371|7646, 7947631|9731, 7947891|9865, acropolis+of+athens, 
7947951|2349, 7948246|2438, 7948580|2559, 7949725|2645, 7949777|2797, 7952200|3177, 7953832|3432, 7955079|3596, 7955131|3915, 7955287|4234, 7958638|4497, 7959423|4599, 7961270|4759, 7962176|4922, 7963667|5063, 7966511|5235, 7972347|5571, 7973328|5769, 7973828|6252, 7974435|6349, 7975042|6848, 7975478|6956, 7975530|7125, 7976835|7445, 7976887|7736, 7977407|9942, wencelas+square+prague, 
7977467|2276, 7977762|2354, 7977918|2437, 7979279|2627, 7981184|2958, 7981635|3188, 7984552|3469, 7984760|3760, 7986806|4257, 7988992|4498, 7989096|4767, 7990847|4919, 7992881|5097, 7995112|5241, 7998544|5486, 8002954|5739, 8003851|5876, 8004645|6055, 8005252|6286, 8005871|6717, 8006478|6933, 8007033|7285, 8008338|7573, 8008390|7695, 8008494|7866, 8009014|9896, 8009149|11047, wencelas+square+prague, 
8009209|2292, 8009504|2373, 8009660|2457, 8010968|2595, 8011020|2704, 8012791|2824, 8013440|3082, 8015054|3294, 8016345|3456, 8016605|3736, 8018259|4169, 8018723|4322, 8020826|4471, 8021176|4722, 8022734|4919, 8024237|5151, 8024357|5344, 8025878|5447, 8026984|5571, 8030312|5707, 8035911|5894, 8036098|6007, 8036788|6095, 8036923|6202, 8037411|6529, 8038018|6639, 8038573|6732, 8039128|7099, 8040989|7402, 8041093|7677, 8041648|7778, 8042024|8036, 8042076|8115, 8042128|8229, 8042388|9736, 8042648|10000, petronas+towers, 
8042708|2348, 8043003|2428, 8043337|2537, 8044487|2619, 8044539|2731, 8046246|2835, 8046843|3072, 8049686|3353, 8049772|3508, 8049824|3936, 8050416|4137, 8051305|4295, 8053897|4424, 8054538|4566, 8054658|4684, 8055659|4811, 8056425|4956, 8057656|5087, 8059004|5575, 8063476|5829, 8065608|5952, 8067636|6077, 8068728|6171, 8070184|6268, 8073106|6481, 8073709|6587, 8073769|7299, 8074064|7407, 8074398|7491, 8075648|7572, 8075939|8153, 8075991|8247, 8076051|9278, 8076401|9370, 8076557|9477, 8078086|9656, 8078606|9891, big+ben, 
8078961|2362, 8079117|2448, 8080427|2591, 8082191|2813, 8082337|2943, 8082840|3127, 8085625|3385, 8085711|3529, 8085971|3846, 8088650|4476, 8089465|4654, 8090512|4973, 8092508|5136, 8097406|5380, 8101311|5589, 8103951|5763, 8106343|5879, 8108402|6013, 8108537|6106, 8109279|6210, 8109834|6314, 8110240|6446, 8110957|6578, 8111699|6699, 8111751|6823, 8112179|7020, 8112786|7117, 8113141|7217, 8113297|7301, 8114729|7385, 8115336|7466, 8115388|7550, 8115639|7999, 8115899|9776, 8115951|9916, 8116159|10034, singapore, 
8116514|2418, 8116670|2505, 8118004|2613, 8118056|2837, 8119973|2983, 8120476|3267, 8123339|3575, 8123663|4127, 8123723|4364, 8124357|4518, 8124912|4640, 8127289|4752, 8129354|4922, 8131026|5030, 8131130|5147, 8131789|5368, 8132653|5583, 8134150|5722, 8134791|5808, 8138275|5926, 8140761|6136, 8142002|6267, 8142898|6351, 8143593|6451, 8143977|6548, 8144029|6737, 8144549|9749, big+ben, 
8144904|7391, 8146578|7533, 8147231|7670, 8150478|7860, 8151827|8168, 8151879|8344, 8152035|8507, 8153652|9133, 8154957|9293, 8155747|9432, 8157436|9541, 8158390|9681, 8165633|10136, 8168944|10302, 8169131|10436, 8169873|10587, 8169925|10771, 8170480|11035, 8171035|11148, 8171590|11726, 8172145|11971, 8172197|12130, 8173502|12229, 8173606|12444, 8174126|14738, wencelas+square+prague, 
8174186|2303, 8174481|2434, 8174637|2550, 8175943|2643, 8175995|2770, 8177912|2932, 8178415|3140, 8181194|3365, 8181280|3476, 8181384|3979, 8182028|4467, 8185873|4700, 8186740|5061, 8188656|5286, 8193002|5446, 8196082|5582, 8199544|5723, 8203739|5903, 8206765|6067, 8207663|6170, 8208218|6269, 8208773|6599, 8209328|6919, 8210238|7234, 8210572|7331, 8211827|7413, 8212382|7492, 8212434|7570, 8212673|7696, 8212933|9745, 8213193|9892, pyongyang, 
8213548|2387, 8213704|2485, 8213882|2601, 8215065|2725, 8216771|2981, 8218792|3285, 8220311|3506, 8220467|3649, 8220571|4139, 8221259|4452, 8221635|4572, 8224176|4698, 8224510|4804, 8225631|4999, 8226450|5137, 8227317|5277, 8228539|5445, 8229461|5578, 8231525|5708, 8234408|5830, 8236332|5952, 8242295|6125, 8243865|6304, 8244164|6407, 8244792|6510, 8245176|6610, 8245918|6710, 8245970|6809, 8246406|7098, 8246458|7251, 8246518|7565, 8246969|7685, 8248402|7794, 8248589|8053, 8248641|8152, 8248901|9735, 8249161|9874, taipei+101, 
8249221|2362, 8249620|2529, 8249850|2619, 8250980|2710, 8251032|2825, 8252828|2936, 8253391|3147, 8256274|3452, 8256430|3740, 8256534|3841, 8257849|4191, 8257935|4334, 8260040|4596, 8260595|4741, 8260907|4871, 8262296|5259, 8263771|5376, 8272274|5625, 8276162|5793, 8280097|5923, 8280336|6026, 8281078|6144, 8281633|6252, 8282188|6478, 8282313|6874, 8283014|6950, 8283682|7037, 8285314|7111, 8286347|7272, 8286954|7365, 8287573|7963, 8287625|8199, 8288145|9812, pyongyang, 
8288205|2425, 8288500|2599, 8288656|2704, 8290031|2861, 8290135|2971, 8292503|3222, 8294206|3557, 8295475|3686, 8295955|4289, 8296385|4481, 8297274|4604, 8300053|4863, 8302233|5675, 8304429|5822, 8312940|5990, 8314171|6130, 8314726|6737, 8315281|6887, 8315717|7232, 8315769|7321, 8316185|9754, big+ben, 
8316245|2424, 8316540|2510, 8316874|2650, 8318054|2816, 8319911|2959, 8320474|3115, 8323346|3490, 8323554|3743, 8323606|3900, 8323676|4231, 8326287|4386, 8327020|4539, 8327430|4655, 8328319|4770, 8329531|4869, 8329583|4996, 8330190|5144, 8331016|5274, 8331697|5419, 8335111|5625, 8338555|5858, 8341294|6042, 8342646|6135, 8344154|6240, 8345499|6330, 8346487|6442, 8346539|6538, 8347281|6712, 8347341|7175, 8348255|7262, 8349144|7364, 8350398|7446, 8350953|7681, 8351109|7930, 8351308|8514, 8351915|8636, 8351967|8982, 8352227|9826, 8352487|9960, big+ben, 
8352842|2319, 8354326|2474, 8354378|2580, 8356085|2843, 8356526|2983, 8358355|3272, 8359605|3473, 8359865|3859, 8360225|4292, 8363204|4440, 8363324|4646, 8364325|4834, 8365298|4942, 8366372|5108, 8367655|5264, 8367775|5445, 8369296|5626, 8370506|5736, 8374493|5918, 8378341|6075, 8380716|6182, 8382337|6299, 8382996|6409, 8383048|6545, 8384356|7309, 8384564|7916, 8384628|8032, 8385148|11012, colosseum+rome, 
8385213|2319, 8385568|2401, 8385902|2537, 8387053|2627, 8387105|2750, 8388962|2894, 8389525|3079, 8392386|3397, 8392472|3545, 8392796|4153, 8396019|4471, 8397098|4645, 8398341|5168, 8399670|5425, 8400220|5538, 8405042|5718, 8413136|5898, 8418579|6053, 8420486|6223, 8421091|6790, 8421801|6924, 8422595|7068, 8423031|7174, 8423091|7284, 8424149|7395, 8425581|7491, 8425633|7661, 8425872|7785, 8426392|9903, the+great+wall+of+china, 
8426747|2583, 8426903|2665, 8428668|2771, 8430033|2950, 8432286|3324, 8433548|3449, 8433808|3757, 8436398|4347, 8437203|4550, 8438415|4759, 8439022|4927, 8440121|5094, 8442897|5249, 8448959|5535, 8455504|5777, 8458846|5957, 8459345|6053, 8460035|6296, 8460087|6473, 8460642|6645, 8460754|6808, 8461205|6901, 8462635|6993, 8462822|7142, 8462874|7230, 8463394|9862, singapore, 
8463454|2283, 8463749|2362, 8464083|2455, 8465285|2597, 8467141|2875, 8467652|3020, 8469308|3356, 8470578|3525, 8470838|3889, 8473340|4431, 8474628|4652, 8475443|4813, 8475563|4976, 8477383|5135, 8481484|5308, 8487058|5574, 8491780|5807, 8494516|5954, 8495567|6083, 8496257|6201, 8496309|6292, 8496916|6722, 8497471|6840, 8497531|7172, 8498537|7259, 8500019|7368, 8500258|7526, 8500778|9843, singapore, 
8500838|2388, 8501289|2495, 8502990|2665, 8503410|2808, 8505811|2960, 8507485|3198, 8507537|3471, 8507641|3763, 8508860|3888, 8508946|4010, 8509410|4191, 8510351|4354, 8510906|4633, 8513050|4780, 8514613|5017, 8515289|5176, 8517160|5336, 8517212|5530, 8518595|5693, 8520417|5869, 8522078|5980, 8526013|6148, 8529081|6255, 8531807|6386, 8532601|6472, 8532653|6552, 8533873|6763, 8533959|6844, 8534011|7103, 8534531|9756, petronas+towers, 
8534591|2243, 8535042|2343, 8535220|2454, 8536349|2551, 8536401|2643, 8538318|2903, 8540339|3156, 8540426|3326, 8541682|3462, 8541734|3603, 8541942|3750, 8542302|4123, 8545211|4338, 8546026|4665, 8546146|4847, 8547675|4973, 8551207|5151, 8560617|5392, 8562997|5563, 8564943|5765, 8565632|5871, 8566186|5979, 8566980|6089, 8567587|6480, 8568023|6587, 8568630|6710, 8569037|7041, 8569371|7140, 8570622|7218, 8570861|7377, 8571381|9927, singapore, 
8571441|2405, 8571736|2486, 8571892|2591, 8573221|2683, 8573273|2821, 8575044|2987, 8575693|3298, 8577305|3473, 8578599|3625, 8578859|4177, 8579375|4445, 8580108|4564, 8582144|4685, 8582316|4818, 8583826|5041, 8585364|5188, 8586335|5660, 8587152|5924, 8588621|6021, 8590438|6155, 8594930|6359, 8599385|6533, 8601219|6644, 8602342|6771, 8603564|7544, 8603650|7638, 8603858|8218, 8604378|9910, colosseum+rome, 
8604438|2447, 8604733|2656, 8605067|2800, 8607288|2970, 8612120|3298, 8612206|3566, 8612466|3918, 8612530|4127, 8616400|4394, 8616784|4583, 8617612|4775, 8619020|4996, 8620840|5118, 8624594|5318, 8629445|5577, 8632085|5717, 8633905|5821, 8636280|5936, 8638672|6090, 8641057|6204, 8642371|6360, 8642423|6477, 8643158|6603, 8643218|6981, 8643625|7064, 8644409|7153, 8646226|7231, 8646600|7352, 8646704|7454, 8646964|9824, 8647016|9930, 8647224|10023, peking, 
8647284|2342, 8647735|2480, 8649061|2580, 8649113|2676, 8650821|2897, 8650967|3030, 8651470|3267, 8654270|3513, 8654356|3658, 8654616|4157, 8654676|4415, 8657376|4629, 8657995|4935, 8658862|5207, 8658982|5399, 8660503|5510, 8661366|5611, 8669657|5863, 8677393|6066, 8681134|6248, 8681876|6397, 8681936|6814, 8682850|6900, 8683296|6995, 8684897|7071, 8685554|7165, 8686483|7255, 8686587|7345, 8686639|7880, 8687159|9803, peking, 
8687219|2365, 8687514|2447, 8687848|2545, 8688974|2635, 8689026|2772, 8690798|2914, 8691447|3220, 8694309|3487, 8694569|3995, 8694629|4334, 8697588|4516, 8698086|4660, 8699287|4873, 8700061|5164, 8703682|5372, 8709297|5593, 8713959|5776, 8716708|5911, 8717514|6467, 8718069|6774, 8718129|7066, 8718830|7147, 8719498|7236, 8721132|7317, 8721822|7399, 8721926|7473, 8721978|7563, 8722772|7769, 8723208|7851, 8723260|7938, 8723780|9849, 8723832|10352, cape+town, 
8723944|2411, 8724343|2514, 8725672|2628, 8725724|2759, 8727515|3009, 8729699|3394, 8730985|3592, 8731321|4249, 8733126|4473, 8735547|4634, 8735633|4756, 8735983|4880, 8737460|5123, 8737512|5263, 8738795|5478, 8738978|5607, 8740462|5764, 8742070|5873, 8746369|5996, 8751396|6131, 8751843|6250, 8751895|6351, 8752637|6462, 8753256|6961, 8753863|7288, 8755081|7466, 8755722|7595, 8755878|7883, 8756294|9782, 8756398|9898, petronas+towers, 
8756753|2437, 8757087|2525, 8758216|2620, 8758268|2721, 8760479|3045, 8763610|3505, 8763870|3954, 8764230|4359, 8767043|4511, 8767129|4673, 8767684|4811, 8769418|5339, 8770033|5456, 8771007|5578, 8772977|5696, 8776327|5844, 8781301|5976, 8788675|6140, 8791660|6273, 8792223|6373, 8792830|6479, 8792882|6582, 8792998|7122, 8793353|7460, 8793687|7549, 8794943|7625, 8795130|7870, 8795182|7983, 8795702|9812, the+great+wall+of+china, 
8796057|2340, 8796213|2469, 8797538|2561, 8797590|2696, 8799361|2799, 8799507|2903, 8801623|3191, 8802883|3381, 8802935|3590, 8803143|3707, 8806293|4271, 8807372|4437, 8807800|4871, 8808604|5132, 8809762|5251, 8813333|5444, 8819531|5653, 8822835|5844, 8823263|5944, 8823315|6047, 8823986|6522, 8824593|6860, 8825148|6985, 8825555|7135, 8825889|7236, 8827143|7319, 8827382|7769, 8827434|7858, 8827954|9855, sydney+harbour, 
8828014|2337, 8828465|2432, 8829787|2547, 8829839|2642, 8831611|2899, 8833778|3260, 8835052|3422, 8835138|3561, 8835398|3965, 8835458|4134, 8838641|4319, 8838727|4446, 8839282|4598, 8839542|4748, 8841042|5152, 8843250|5363, 8849170|5606, 8851302|5727, 8854103|5860, 8854696|6149, 8855030|6237, 8855414|6350, 8856208|6484, 8856268|6727, 8856320|6795, 8857326|6878, 8857504|6950, 8858755|7030, 8859310|7120, 8859362|7206, 8859977|7687, 8860029|7803, 8860289|9862, 8860549|10012, pyeongchang, 
8860661|2307, 8861060|2427, 8862366|2533, 8862418|2645, 8864336|2892, 8866455|3244, 8867744|3459, 8868080|4016, 8870517|4344, 8872934|4604, 8873549|4829, 8874055|5009, 8876106|5167, 8877471|5426, 8878385|5529, 8879433|5637, 8883383|5823, 8888584|6039, 8891097|6144, 8893073|6254, 8896196|6397, 8896352|6503, 8896907|6810, 8896959|7152, 8897019|7524, 8897470|7617, 8897648|7711, 8898905|7785, 8899092|7948, 8899144|8045, 8899404|9756, 8899664|9910, pyramids+of+giza, 
8899724|2236, 8900175|2369, 8901481|2495, 8901533|2586, 8903305|2827, 8903746|2947, 8903954|3159, 8906865|3449, 8907021|3675, 8907197|4109, 8908386|4388, 8910956|4544, 8911604|4725, 8912471|4911, 8912591|5086, 8913800|5185, 8915035|5314, 8918529|5456, 8923504|5601, 8928090|5770, 8931862|5945, 8932226|6078, 8932819|6378, 8933153|6478, 8933529|6577, 8934323|6710, 8934930|6990, 8935337|7405, 8935671|7485, 8936925|7562, 8937112|7746, 8937164|7844, 8937424|9798, 8937684|9890, singapore, 
8937744|2390, 8938039|2474, 8939501|2611, 8939553|2723, 8941326|2876, 8941524|3005, 8943589|3292, 8944870|3510, 8945130|3761, 8948033|4518, 8949340|4684, 8950245|4928, 8950765|5120, 8952095|5285, 8953324|5438, 8954290|5540, 8955338|5648, 8961454|5834, 8967174|6011, 8969739|6149, 8971299|6359, 8972093|6457, 8972648|6558, 8973076|7089, 8973128|7211, 8973483|7764, 8973639|7842, 8975074|7940, 8975261|8133, 8975313|8247, 8975573|9818, 8975833|9958, pyramids+of+giza, 
8976188|2345, 8976522|2444, 8977670|2549, 8977722|2658, 8979579|2860, 8979934|3011, 8981745|3233, 8983043|3562, 8983303|3725, 8984918|4232, 8986179|4439, 8986851|4752, 8987740|4918, 8988232|5110, 8989751|5226, 8994141|5385, 8999785|5556, 9006776|5821, 9007743|5932, 9008620|6034, 9009090|6579, 9009424|6671, 9009808|6754, 9010550|6848, 9011040|6926, 9011196|7005, 9012629|7087, 9013236|7166, 9013978|7266, 9014413|7358, 9014465|7431, 9014517|7547, 9015037|9857, pyongyang, 
9015392|2404, 9016894|2546, 9016980|2729, 9018795|2872, 9018993|2985, 9019444|3190, 9022324|3514, 9022480|3875, 9022540|4216, 9022996|4346, 9023729|4432, 9024284|4535, 9024839|4625, 9024951|4756, 9025245|4831, 9025579|4920, 9025955|5009, 9026562|5100, 9026614|5360, 9027169|5454, 9027724|5724, 9028279|5815, 9028779|6401, 9028831|6519, 9029155|7710, 9031210|8092, 9031296|8236, 9031416|8351, 9031862|8524, 9033148|8779, 9033824|8967, 9034688|9215, 9036054|9488, 9040318|9704, 9044270|9921, 9045892|10160, 9045944|10296, 9046204|10534, 9046464|10729, empire+state+building, 
9046589|2372, 9046884|2460, 9047218|2568, 9048347|2660, 9048399|2772, 9050170|2891, 9050611|3045, 9052337|3305, 9053705|3463, 9053861|3907, 9054555|4221, 9055110|4321, 9055665|4587, 9056284|5125, 9056839|5222, 9057458|5750, 9058013|5849, 9058632|6435, 9059187|6534, 9059593|6621, 9059927|6711, 9060303|6812, 9060687|6907, 9060739|7003, 9061063|7749, 9063182|8226, 9063242|8391, 9063688|8541, 9064922|8767, 9065598|8947, 9066632|9295, 9068778|9560, 9077202|9876, 9077576|10207, 9078096|10634, empire+state+building, 
9078451|2378, 9078607|2463, 9079919|2599, 9079971|2693, 9081825|2943, 9082328|3150, 9085269|3364, 9085489|3964, 9089682|4399, 9090289|4543, 9090445|4650, 9092630|4824, 9095835|4992, 9099111|5241, 9101295|5443, 9102422|5584, 9103112|5749, 9103164|5988, 9103719|6197, 9104125|6509, 9104459|6611, 9105525|6716, 9105629|6813, 9105681|6939, 9106897|7357, 9106983|7444, 9107035|7630, 9107555|9904, wencelas+square+prague, 
9107615|2330, 9108066|2415, 9109373|2515, 9109425|2612, 9111196|2901, 9111845|3114, 9114620|3360, 9114706|3485, 9114978|3994, 9116297|4322, 9118357|4493, 9118912|4617, 9119172|4780, 9119284|4967, 9120456|5072, 9122037|5172, 9124396|5270, 9126955|5411, 9135863|5619, 9140959|5797, 9142252|5927, 9142447|6171, 9143555|6358, 9144297|6500, 9144704|6585, 9144860|6675, 9146294|6756, 9146901|6841, 9147508|6928, 9147759|7532, 9148279|9836, peking, 
9148339|2549, 9148634|2638, 9148790|2725, 9150554|2877, 9151117|3040, 9154125|3194, 9155405|3476, 9155595|3671, 9157312|4227, 9157398|4352, 9158537|4518, 9158983|4653, 9159932|4755, 9160378|4872, 9161048|4986, 9162383|5133, 9163625|5267, 9166106|5418, 9167614|5552, 9168980|5673, 9175203|5839, 9180143|5964, 9182391|6175, 9183756|6375, 9184550|6809, 9185105|7016, 9185533|7136, 9186140|7259, 9187447|7405, 9187499|7509, 9187603|7622, 9187863|9819, 9188123|9965, mirabell+gardens, 
9188478|2331, 9188634|2417, 9189941|2527, 9189993|2638, 9191910|2947, 9195311|3338, 9195415|3593, 9195467|3740, 9195571|3886, 9195631|4056, 9196259|4234, 9198750|4468, 9200916|4615, 9201471|5085, 9202390|5240, 9203207|5560, 9204854|5688, 9207088|5859, 9215351|6064, 9217206|6227, 9217948|6537, 9218000|6679, 9219219|7283, 9219305|7373, 9219409|7655, 9219669|9738, 9219929|9873, acropolis+of+athens, 
9220054|2329, 9220349|2406, 9220683|2515, 9221880|2624, 9223650|2848, 9223796|2960, 9227228|3407, 9227332|3746, 9227488|3992, 9229321|4336, 9231633|4575, 9232165|4719, 9232955|4837, 9234277|4948, 9235040|5272, 9235196|5457, 9236473|5569, 9237696|5688, 9239486|5805, 9242346|5969, 9246073|6119, 9247248|6236, 9247938|6329, 9247990|6432, 9248102|6642, 9248552|6745, 9249114|6860, 9249908|6968, 9250515|7129, 9251872|7494, 9251976|7967, 9252496|9877, eiffel+tower, 
9252556|2333, 9253007|2448, 9253185|2545, 9254334|2647, 9256096|2792, 9256693|2976, 9259632|3314, 9259892|3797, 9259952|4163, 9263204|4365, 9263759|4515, 9263819|4636, 9264880|4779, 9265438|4877, 9266434|5037, 9266884|5152, 9268168|5315, 9270560|5447, 9278613|5787, 9281830|5989, 9283182|6075, 9284028|6193, 9284456|6568, 9285063|6668, 9285115|6797, 9285175|7222, 9285574|7308, 9285804|7401, 9287059|7493, 9287414|8140, 9287466|8278, 9287986|9936, big+ben, 
9288046|2325, 9288341|2407, 9288675|2518, 9289827|2602, 9289879|2755, 9291587|2896, 9292236|3132, 9293851|3327, 9295117|3549, 9295273|3672, 9295377|3831, 9295893|4382, 9298737|4557, 9299239|4666, 9299853|4773, 9300906|4893, 9302124|5003, 9302280|5143, 9304118|5551, 9304238|5653, 9305152|5754, 9306761|5872, 9312568|6030, 9315376|6161, 9315914|6289, 9316364|6390, 9316926|6488, 9317497|6599, 9317549|6723, 9318768|7565, 9318854|7660, 9319062|7931, 9319582|9897, eiffel+tower, 
9319642|2271, 9319937|2377, 9320271|2485, 9321423|2587, 9321475|2674, 9323182|2854, 9323328|2968, 9323831|3256, 9326699|3488, 9326919|3967, 9327331|4278, 9330079|4481, 9331790|4624, 9332952|4881, 9333819|5074, 9333939|5212, 9335408|5310, 9337235|5429, 9342834|5616, 9347980|5827, 9351758|6152, 9352552|6285, 9352604|6486, 9353159|6586, 9353219|6677, 9353670|6777, 9355664|6866, 9356219|6947, 9356406|7044, 9356510|7141, 9356770|9828, 9357030|10010, cape+town, 
9357090|2342, 9357385|2541, 9357719|2670, 9358904|2810, 9360699|2940, 9361262|3170, 9364161|3484, 9364317|3738, 9364421|3823, 9364781|4316, 9367655|4508, 9368470|5116, 9368590|5231, 9370261|5340, 9374421|5512, 9385178|5796, 9388008|6013, 9388750|6112, 9388802|6222, 9389473|6705, 9389901|6801, 9390308|6902, 9390464|7005, 9391897|7101, 9392136|7263, 9392396|9907, 9392656|10017, singapore, 
9393011|2340, 9393167|2428, 9394492|2545, 9394544|2657, 9396453|2914, 9396956|3073, 9398584|3317, 9399858|3470, 9400118|3860, 9404149|4504, 9404339|4710, 9404894|4926, 9406073|5149, 9406204|5356, 9407577|5476, 9410240|5626, 9416467|5854, 9418859|5991, 9422975|6194, 9427347|6372, 9428438|6475, 9429232|6590, 9430394|7147, 9430454|7537, 9431184|7632, 9431570|7726, 9432822|7839, 9433061|8088, 9433181|8528, 9433627|8623, 9434435|8743, 9434487|8870, 9434747|9806, 9435007|9943, the+great+wall+of+china, 
9435067|2346, 9435362|2425, 9435696|2536, 9436847|2645, 9436899|2797, 9438752|2949, 9442098|3316, 9442184|3467, 9442340|3653, 9442444|3819, 9444536|4648, 9445230|4769, 9446135|4920, 9446858|5062, 9447777|5423, 9449008|5571, 9449128|5692, 9450545|5802, 9451911|5949, 9462242|6222, 9462932|6371, 9462984|6472, 9463539|6773, 9463651|7097, 9464279|7262, 9465345|7404, 9466757|7493, 9467081|8009, 9467636|8106, 9468072|8199, 9468124|8300, 9468644|9768, colosseum+rome, 
9468704|2319, 9469155|2428, 9470485|2553, 9470537|2671, 9472332|2895, 9472947|3116, 9474578|3327, 9475838|3505, 9475924|3630, 9476352|4131, 9479330|4537, 9481145|4699, 9481700|4880, 9482631|5409, 9483353|5615, 9485444|5773, 9489104|5901, 9493532|6075, 9498038|6223, 9500643|6455, 9500747|6552, 9501354|6735, 9501798|6820, 9502301|6900, 9503791|7008, 9504030|7239, 9504290|9806, 9504550|9988, cape+town, 
9504610|2311, 9504905|2407, 9505061|2508, 9506373|2597, 9506425|2689, 9508135|2872, 9508576|2995, 9510425|3375, 9511697|3498, 9511853|3900, 9512547|4376, 9513102|4469, 9513657|4836, 9514212|5105, 9514767|5461, 9515173|5548, 9515507|5634, 9515883|5725, 9516490|5824, 9517161|6401, 9517716|6499, 9518271|6589, 9518826|7047, 9519138|7463, 9519190|7612, 9521309|8022, 9521421|8221, 9522373|8458, 9523725|8647, 9524759|9112, 9535329|9731, 9535703|9976, 9535963|10463, 9536223|10591, empire+state+building, 
9536578|2365, 9536912|2478, 9538045|2579, 9538097|2698, 9539950|2985, 9540453|3260, 9543336|3462, 9543596|3924, 9543656|4126, 9544008|4249, 9544845|4403, 9546880|4544, 9547547|4681, 9548119|4831, 9548872|4944, 9549996|5206, 9551279|5333, 9551399|5540, 9552920|5737, 9555257|5894, 9562445|6081, 9565735|6261, 9565787|6357, 9566529|6544, 9566581|6636, 9567200|7114, 9568558|7507, 9568766|8058, 9569286|9866, colosseum+rome, 
9569346|2385, 9569398|2467, 9569797|2566, 9571123|2664, 9571175|2795, 9572970|2899, 9573711|3237, 9576429|3489, 9576637|3822, 9578271|4161, 9580150|4342, 9580903|4484, 9583205|4666, 9585164|4915, 9585832|5064, 9591681|5330, 9594324|5555, 9595118|5708, 9595170|5965, 9595725|6087, 9596280|6395, 9596664|6623, 9596716|6719, 9596768|6874, 9597986|7330, 9598072|7428, 9598176|7526, 9598436|9814, 9598696|9932, wencelas+square+prague, 
9599207|2378, 9600513|2472, 9600565|2658, 9602338|2798, 9602484|2918, 9603165|3139, 9604593|3325, 9605871|3514, 9606079|4059, 9608793|4449, 9609434|4573, 9610339|4798, 9610673|4930, 9611878|5119, 9613915|5343, 9615488|5513, 9618520|5668, 9624041|5886, 9626810|6043, 9627791|6176, 9627843|6330, 9628514|6777, 9629069|7108, 9629624|7405, 9629979|7498, 9631619|7624, 9631806|7887, 9631858|7979, 9632118|9708, 9632378|9866, burj+khalifa, 
9632438|2231, 9632889|2319, 9634219|2454, 9634271|2549, 9636126|2898, 9638242|3275, 9639432|3428, 9639570|3570, 9639726|3683, 9639778|3789, 9641793|4416, 9642309|4575, 9643302|4752, 9644196|5061, 9646177|5218, 9653321|5421, 9657266|5667, 9658247|5863, 9659053|6363, 9659660|6473, 9660279|7023, 9660339|7266, 9661189|7345, 9661523|7427, 9662776|7511, 9663331|7604, 9663383|7687, 9663622|7960, 9663882|9762, 9664142|9896, pyeongchang, 
9664202|2307, 9664653|2393, 9666002|2525, 9666088|2615, 9666140|2713, 9667911|2862, 9668352|3002, 9670171|3362, 9671361|3744, 9671551|3850, 9672223|4204, 9672956|4355, 9675598|4560, 9676104|4834, 9677226|4937, 9677590|5088, 9678509|5257, 9679537|5515, 9680098|5637, 9681967|5777, 9688155|6024, 9692284|6245, 9693054|6365, 9693564|6464, 9694171|6577, 9694223|6692, 9694659|7170, 9695996|7288, 9696082|7408, 9696186|7765, 9696706|9917, colosseum+rome, 
9696766|2222, 9697061|2314, 9698548|2438, 9698600|2656, 9700307|2791, 9700453|2904, 9702568|3308, 9703838|3474, 9704098|3742, 9704150|3953, 9705845|4224, 9706309|4348, 9707198|4533, 9708512|4666, 9709067|4784, 9710787|5462, 9712907|5713, 9713999|5836, 9714051|5938, 9714606|6030, 9715161|6303, 9715716|6580, 9716271|6898, 9716826|7260, 9717381|7584, 9717433|7920, 9717849|9919, big+ben, 
9718204|2329, 9719664|2476, 9719716|2660, 9721574|2910, 9725151|3320, 9725497|3622, 9725549|3868, 9726065|4356, 9728879|4502, 9729035|4711, 9730724|4842, 9731272|4954, 9733427|5227, 9737539|5453, 9740810|5612, 9742051|5779, 9742606|6241, 9743161|6461, 9743716|6771, 9744456|7181, 9745530|7350, 9746939|7441, 9746991|7629, 9747598|7726, 9747650|8038, 9748170|9836, wencelas+square+prague, 
9748230|2374, 9748681|2506, 9748859|2602, 9750038|2686, 9751810|2852, 9751956|2982, 9754067|3312, 9755349|3451, 9758062|4377, 9759730|4523, 9760272|4612, 9761005|4699, 9761511|4825, 9762174|4951, 9762833|5083, 9763943|5400, 9764619|5510, 9764739|5632, 9765896|5735, 9767262|5846, 9770157|5985, 9774681|6226, 9776544|6384, 9777338|6486, 9777390|6900, 9778610|7302, 9778696|7390, 9778904|7838, 9779164|9843, 9779424|9975, eiffel+tower, 
9779484|2285, 9779935|2431, 9780113|2529, 9781246|2619, 9781298|2713, 9783006|2926, 9783655|3244, 9786451|3484, 9786537|3617, 9786693|3855, 9786797|4062, 9787151|4246, 9789956|4466, 9790368|4589, 9791763|4797, 9793472|5060, 9795173|5210, 9796684|5359, 9802813|5543, 9809826|5816, 9810672|5922, 9811227|6019, 9811782|6114, 9812337|6214, 9812453|6736, 9812808|7337, 9814393|7486, 9814580|7684, 9814632|7779, 9815152|9939, taipei+101, 
9815212|2283, 9815663|2430, 9816989|2527, 9817041|2767, 9818898|2869, 9819253|2960, 9822376|3332, 9822532|3661, 9822584|3837, 9823872|4297, 9825564|4496, 9825684|4718, 9827557|4965, 9827947|5088, 9829464|5348, 9831781|5494, 9832543|5631, 9836383|5776, 9839616|5920, 9841228|6043, 9842788|6170, 9843506|6262, 9844300|6466, 9844352|6756, 9845335|6883, 9846006|7445, 9846789|7549, 9847175|7649, 9848431|7745, 9848670|7928, 9849190|9874, burj+khalifa, 
9849250|2327, 9849597|2429, 9849879|2540, 9851031|2626, 9851083|2766, 9852855|2878, 9853001|2997, 9856400|3452, 9856556|3741, 9856660|3935, 9859513|4364, 9860921|4525, 9861476|4654, 9862381|4771, 9862537|4891, 9863365|5005, 9864544|5189, 9866529|5366, 9868014|5491, 9873200|5764, 9875290|5891, 9878201|6024, 9878825|6163, 9879647|6261, 9880337|6355, 9880493|6456, 9881048|6545, 9881100|6671, 9881225|7574, 9881676|7678, 9883108|7791, 9883347|8060, 9883867|9940, burj+khalifa, 
9883927|2415, 9884378|2498, 9885708|2633, 9885760|2740, 9887531|2912, 9887677|3059, 9889776|3373, 9890982|3524, 9891068|3628, 9891328|3932, 9891398|4344, 9893926|4509, 9894659|4656, 9894919|4898, 9895474|5103, 9896751|5254, 9897071|5375, 9901158|5611, 9904218|5807, 9906785|5938, 9908899|6042, 9911833|6205, 9916325|6365, 9919523|6506, 9923360|6630, 9924868|6727, 9926199|6823, 9926941|6927, 9926993|7005, 9927548|7090, 9927600|7579, 9927664|7682, 9928184|9862, peking, 
9928244|2304, 9928539|2400, 9928873|2507, 9930028|2606, 9930080|2726, 9931789|2868, 9931935|2986, 9934049|3300, 9935235|3442, 9935321|3678, 9935581|3977, 9936269|4271, 9938591|4451, 9938799|4566, 9939315|4717, 9940360|4879, 9940480|5174, 9942009|5293, 9946725|5505, 9952484|5719, 9956970|5888, 9957781|6065, 9958523|6289, 9958938|6613, 9959774|6702, 9961587|6789, 9962277|6867, 9962433|6955, 9963291|7473, 9963718|7815, 9963770|7910, 9964082|9829, 9964290|9951, cape+town, 
9964645|2322, 9964801|2412, 9966132|2526, 9966184|2614, 9967894|2880, 9968543|3094, 9970159|3322, 9971486|3863, 9971572|3961, 9972082|4261, 9972860|4470, 9975653|4629, 9976268|4780, 9976892|4887, 9978036|4999, 9978591|5162, 9979586|5694, 9980308|5914, 9981531|6022, 9983321|6134, 9989076|6324, 9991166|6491, 9991908|6597, 9992463|6996, 9993683|7371, 9994324|7473, 9994376|7690, 9994584|7863, 9995104|9940, eiffel+tower, 
9995169|2373, 9995524|2466, 9995858|2580, 9997011|2669, 9997063|2823, 9998920|2960, 9999423|3220, 10002230|3486, 10002316|3750, 10002576|3923, 10004631|4655, 10004691|4806, 10006007|5049, 10006864|5193, 10007667|5321, 10010169|5469, 10018539|5712, 10022753|5854, 10025717|5971, 10026403|6093, 10027010|6182, 10027629|6752, 10027689|7004, 10028695|7082, 10030684|7165, 10031239|7243, 10031291|7325, 10031981|7686, 10032033|7764, 10032085|8020, 10032345|9873, 10032605|9997, pyongyang, 
10032657|1468, 10032717|2268, 10033012|2376, 10033168|2469, 10034500|2579, 10034552|2665, 10036470|2962, 10039837|3429, 10040109|4097, 10042831|4397, 10044027|4560, 10044235|4769, 10044910|4929, 10045884|5040, 10047451|5159, 10056863|5418, 10060421|5542, 10062316|5697, 10063925|5884, 10064562|6018, 10065116|6130, 10065910|6274, 10066410|6905, 10067372|7099, 10067706|7177, 10068959|7255, 10069011|7330, 10069250|7458, 10069770|9807, singapore, 
10069830|2445, 10070125|2532, 10070459|2620, 10071588|2705, 10071640|2818, 10076975|3494, 10077235|3834, 10078842|4385, 10080225|4525, 10081622|4741, 10082899|5125, 10083801|5247, 10091156|5543, 10093618|5717, 10096044|5941, 10096659|6049, 10097349|6152, 10097401|6250, 10098008|6668, 10098563|7001, 10098623|7157, 10099074|7240, 10101058|7322, 10101110|7481, 10101852|7587, 10101904|7717, 10102164|9844, 10102424|9956, pyeongchang, 
10102484|2374, 10102935|2495, 10104258|2626, 10104310|2714, 10106082|2880, 10106228|3015, 10109598|3455, 10109870|3943, 10109922|4074, 10110282|4316, 10111171|4439, 10113926|4837, 10114332|5159, 10115050|5268, 10115813|5496, 10116420|5859, 10116975|6200, 10117530|6533, 10118085|6816, 10118513|7200, 10118949|7289, 10119001|7396, 10119417|9793, big+ben, 
10119477|2343, 10119824|2535, 10120106|2628, 10121235|2729, 10123146|2888, 10123709|3046, 10123887|3279, 10126607|3569, 10126867|3783, 10129692|4360, 10131003|4551, 10131558|4650, 10131670|4751, 10132619|4869, 10133185|4970, 10134069|5098, 10136251|5267, 10138705|5431, 10141406|5550, 10143694|5734, 10147421|5924, 10150316|6050, 10152795|6170, 10154979|6283, 10156875|6449, 10156927|6591, 10157482|6809, 10157534|6944, 10158752|7347, 10158838|7437, 10158942|7614, 10159254|10341, 10159462|10462, mirabell+gardens, 
10159522|2436, 10159817|2540, 10160151|2636, 10161284|2731, 10163044|2865, 10163485|3035, 10165298|3237, 10166571|3429, 10166779|3774, 10166831|4025, 10168397|4286, 10170251|4478, 10170984|4627, 10171244|4799, 10171799|5016, 10172521|5131, 10174095|5226, 10178429|5401, 10180242|5578, 10183414|5779, 10185546|5905, 10189845|6078, 10194123|6280, 10195344|6599, 10195985|6694, 10196391|6772, 10197016|6867, 10197392|6953, 10197962|7043, 10198569|7143, 10198621|7240, 10198704|9152, 10199224|9858, peking, 
10199284|3213, 10199735|3336, 10201064|3453, 10201116|3561, 10202974|3781, 10203329|3900, 10205146|4191, 10206407|4373, 10206667|4793, 10208200|5043, 10208854|5281, 10210806|5449, 10210866|5581, 10211867|5739, 10212435|5838, 10212955|5957, 10214316|6169, 10215848|6303, 10219540|6508, 10224156|6775, 10226631|6889, 10228182|7023, 10228992|7134, 10229599|7234, 10230206|7618, 10231316|8047, 10231376|8176, 10231827|8264, 10233310|8376, 10233549|8569, 10234069|10825, burj+khalifa, 
10234129|2354, 10234424|2436, 10234758|2562, 10235909|2643, 10237669|2849, 10238110|3004, 10238318|3249, 10241149|3431, 10241235|3583, 10241507|4129, 10241567|4410, 10244153|4633, 10244794|4739, 10245054|4864, 10245616|5076, 10247015|5224, 10249977|5406, 10256078|5626, 10259428|5803, 10262727|5946, 10265892|6129, 10265944|6220, 10266686|6632, 10267092|6752, 10267809|6907, 10268603|7050, 10268655|7195, 10268715|7471, 10269010|7550, 10269344|7635, 10270597|7705, 10270784|7876, 10270836|7990, 10271148|11217, 10271356|11397, singapore, 
10271416|2307, 10271468|2400, 10271867|2485, 10273193|2601, 10275017|2752, 10275163|2875, 10275666|3030, 10278531|3384, 10278617|3518, 10278845|4189, 10279479|4365, 10280589|4491, 10281144|4598, 10281699|4941, 10282105|5116, 10282439|5202, 10282823|5285, 10283199|5371, 10283754|5468, 10283806|5550, 10284413|5940, 10284968|6313, 10285523|6614, 10285887|6757, 10287913|7140, 10287999|7294, 10288059|7375, 10288505|7522, 10289063|7646, 10289375|7841, 10290051|7934, 10290415|8118, 10291137|8273, 10291627|8504, 10297235|8783, 10301967|8932, 10302019|9113, 10302393|9264, 10302913|10093, empire+state+building, 
10302973|2280, 10303424|2380, 10304731|2485, 10304783|2574, 10306641|2823, 10306701|2936, 10307382|3242, 10310127|3421, 10310387|3866, 10313912|4618, 10314746|4933, 10315919|5081, 10322207|5379, 10325932|5509, 10328099|5689, 10329163|5895, 10329215|5997, 10329834|6431, 10330441|6716, 10330501|7012, 10330960|7094, 10331692|7177, 10333508|7261, 10334385|7356, 10334541|7446, 10335148|7739, 10335200|8107, 10335460|9695, 10335720|9869, pyeongchang, 
10335780|2265, 10336231|2405, 10337558|2507, 10337610|2608, 10339383|2831, 10339824|2947, 10342968|3316, 10343124|3768, 10343228|4011, 10346573|4335, 10347404|4513, 10348070|4748, 10348404|4893, 10349868|5048, 10350780|5151, 10352962|5266, 10367822|5640, 10370370|5773, 10371299|5892, 10371989|6270, 10372041|6378, 10372596|6659, 10373002|6983, 10373336|7066, 10373712|7149, 10374402|7238, 10374506|7310, 10374558|7584, 10375078|9829, peking, 
10375138|2275, 10375589|2409, 10376916|2512, 10376968|2633, 10378885|2891, 10379388|3070, 10382287|3398, 10382373|3578, 10382633|3851, 10382761|4016, 10384735|4304, 10386885|4644, 10387752|4796, 10389029|5095, 10390616|5273, 10397596|5472, 10401603|5597, 10404706|5738, 10407233|5895, 10407420|5994, 10407878|6097, 10408595|6223, 10409337|6372, 10409389|6476, 10409816|6761, 10410423|6961, 10410483|7248, 10411385|7331, 10411719|7411, 10412975|7488, 10413266|7721, 10413526|9743, 10413786|9926, pyongyang, 
10413846|2342, 10414141|2415, 10414475|2546, 10415678|2638, 10417473|2900, 10417880|3058, 10419554|3303, 10420942|3542, 10421098|3783, 10421202|4076, 10421262|4293, 10424414|4551, 10424500|4722, 10424564|5027, 10426252|5307, 10426859|5455, 10427581|5549, 10429217|5691, 10433663|5856, 10439539|6035, 10445814|6184, 10447686|6308, 10448216|6407, 10448823|6512, 10449442|7032, 10449878|7256, 10449930|7366, 10450840|7482, 10451174|7588, 10452428|7671, 10453035|7755, 10453274|7857, 10453326|7953, 10453846|9848, the+great+wall+of+china, 
10454201|2388, 10454535|2491, 10455689|2608, 10455741|2743, 10457449|2840, 10457942|3069, 10460996|3493, 10461256|3921, 10461610|4186, 10465620|4488, 10466595|4640, 10467560|4759, 10468449|4864, 10470208|4970, 10470815|5082, 10472906|5303, 10474586|5418, 10478192|5554, 10486911|5775, 10489182|5982, 10490045|6090, 10491259|6296, 10491761|6410, 10492502|6582, 10492606|6778, 10493825|7396, 10493911|7483, 10494015|7746, 10494535|9946, mirabell+gardens, 
10494595|2385, 10495046|2513, 10496351|2614, 10498109|2838, 10498255|2942, 10498758|3164, 10500400|3405, 10501705|3546, 10501933|4165, 10502383|4296, 10502945|4402, 10503357|4495, 10503691|4588, 10504246|4676, 10504801|5047, 10505356|5332, 10505911|5603, 10506466|5702, 10507085|6274, 10507640|6473, 10508195|6904, 10508259|6994, 10508866|7263, 10509178|7410, 10509230|7574, 10511345|7805, 10511755|8065, 10512089|8259, 10512781|8521, 10513821|8802, 10519081|9488, 10525612|9835, 10525799|9984, 10526319|10448, empire+state+building, 
10526379|3654, 10526674|3736, 10527008|3876, 10528189|3969, 10529958|4276, 10530555|4458, 10532258|4747, 10533512|4891, 10533824|5221, 10535414|5617, 10537447|5843, 10538002|5988, 10538817|6320, 10540206|6667, 10543067|6808, 10551732|7069, 10558146|7246, 10560850|7376, 10561172|7480, 10561779|7613, 10561839|7976, 10562478|8073, 10564253|8154, 10564963|8238, 10565721|8337, 10565773|8440, 10566380|8522, 10566432|9052, 10566952|12451, peking, 
10567012|2311, 10567307|2396, 10567641|2495, 10568841|2607, 10570614|2841, 10571211|3088, 10572781|3321, 10574178|3485, 10574334|3724, 10574438|4055, 10574798|4285, 10577791|4465, 10578346|4600, 10578710|4728, 10579437|4950, 10580477|5083, 10584095|5253, 10591576|5632, 10592169|5841, 10592503|5956, 10592879|6048, 10593450|6159, 10594057|6256, 10594664|6360, 10595219|6842, 10595283|6940, 10595335|7186, 10595395|7483, 10595690|7572, 10595846|7667, 10597280|7753, 10597571|8150, 10598091|9864, sydney+harbour, 
10598151|2332, 10598602|2433, 10598780|2517, 10599912|2605, 10599964|2736, 10601817|2979, 10602320|3212, 10603942|3458, 10605200|3584, 10605304|3837, 10605460|3967, 10607617|4372, 10610171|4616, 10610521|4840, 10611325|5011, 10613359|5285, 10613966|5448, 10614086|5563, 10615607|5667, 10617129|5825, 10622312|5968, 10626202|6128, 10627048|6227, 10627100|6433, 10628210|6535, 10628262|6754, 10628322|7465, 10628773|7583, 10630204|7661, 10630443|7923, 10630703|9743, 10630963|9885, petronas+towers, 
10631023|2290, 10631474|2404, 10632806|2532, 10632858|2634, 10634566|2860, 10634712|2953, 10636733|3377, 10638207|3548, 10638591|4281, 10641515|4535, 10642900|4661, 10643912|4936, 10645126|5131, 10645750|5266, 10645870|5465, 10647027|5576, 10648056|5699, 10651705|5812, 10657685|5996, 10661013|6117, 10665676|6243, 10667475|6358, 10668068|6562, 10668224|6657, 10668777|6769, 10669571|6875, 10670178|7213, 10670238|7406, 10670919|7580, 10672172|7677, 10672411|7827, 10672931|9894, the+great+wall+of+china, 
10672991|2314, 10673442|2420, 10673620|2539, 10674752|2622, 10674804|2748, 10676659|2886, 10677162|3043, 10680098|3371, 10680422|3967, 10683450|4335, 10683554|4456, 10684780|4578, 10685421|4679, 10686196|5158, 10686803|5470, 10687358|5792, 10687764|6120, 10688098|6207, 10688474|6299, 10689081|6409, 10689688|6724, 10690124|7088, 10690731|7183, 10690783|7285, 10690991|9723, 10691199|9867, big+ben, 
10691259|2267, 10691554|2372, 10691888|2490, 10693017|2578, 10693069|2703, 10694842|2825, 10695283|2988, 10698406|3471, 10698574|4183, 10698644|4284, 10699004|4381, 10699338|4469, 10699893|4565, 10700448|4958, 10701003|5046, 10701622|5571, 10702229|5672, 10702341|6213, 10702791|6311, 10703344|6410, 10703899|6500, 10704003|6595, 10704870|6728, 10705306|6990, 10707935|7120, 10708021|7251, 10708133|7365, 10708757|7611, 10709449|7807, 10710489|7909, 10710609|8036, 10711523|8169, 10712577|8509, 10719285|8736, 10722093|8931, 10722467|9320, 10723689|9928, 10723775|10089, 10724243|10316, 10724523|10713, empire+state+building, 
10724878|2362, 10725034|2438, 10726341|2551, 10726393|2649, 10728603|3000, 10730451|3293, 10731767|3454, 10732051|4026, 10732111|4212, 10733300|4372, 10735390|4565, 10735945|4815, 10737240|5242, 10737371|5508, 10738588|5616, 10739963|5750, 10745034|5906, 10749194|6044, 10753094|6176, 10758069|6365, 10758693|6488, 10759591|6619, 10759997|6724, 10760331|6844, 10760707|6932, 10761278|7065, 10761885|7159, 10762292|7270, 10762626|7386, 10763878|7472, 10764065|7638, 10764117|7741, 10764637|9926, the+great+wall+of+china, 
10764702|2331, 10765057|2427, 10765213|2529, 10766524|2619, 10766576|2757, 10768368|2900, 10770449|3236, 10771832|3457, 10771988|3736, 10772092|3976, 10772152|4204, 10774770|4416, 10776230|4581, 10776854|4826, 10777977|5028, 10780143|5187, 10781434|5307, 10787945|5528, 10792862|5701, 10795674|5837, 10796285|5938, 10797915|6051, 10798521|6151, 10799083|6281, 10799877|6401, 10800369|6959, 10800865|7056, 10801316|7153, 10802800|7262, 10802987|7509, 10803039|7601, 10803559|9784, mt.+everest, 
10803914|2356, 10804070|2459, 10805398|2553, 10805450|2641, 10807987|3153, 10809423|3352, 10810708|3516, 10810916|3741, 10810968|3864, 10813528|4381, 10814321|4563, 10815322|4744, 10817223|4988, 10819537|5125, 10823492|5275, 10834066|5591, 10835501|5714, 10836794|5820, 10837349|6227, 10837904|6587, 10838310|6699, 10838644|6833, 10839155|6947, 10839866|7037, 10840597|7134, 10840983|7246, 10842238|7338, 10842477|7513, 10843101|9844, mt.+everest, 
10843161|2287, 10843456|2370, 10843790|2480, 10844933|2580, 10844985|2693, 10846755|2839, 10847196|2992, 10850284|3363, 10850370|3520, 10850682|3765, 10850734|3993, 10852345|4233, 10853163|4432, 10854828|4650, 10855284|4802, 10856017|5001, 10857879|5490, 10858601|5700, 10860185|5814, 10864787|5957, 10872778|6105, 10877198|6229, 10879157|6364, 10879604|6472, 10880346|6576, 10880901|6987, 10880953|7310, 10882174|7454, 10882260|7544, 10882364|7724, 10882624|9754, 10882884|9902, the+great+wall+of+china, 
10883395|2342, 10884738|2469, 10884824|2555, 10884876|2676, 10886646|2801, 10886844|2931, 10888901|3199, 10890200|3444, 10890460|3815, 10893907|4282, 10895145|4519, 10896034|4711, 10896756|4894, 10898152|5051, 10900652|5163, 10907450|5366, 10909301|5549, 10910583|5783, 10911441|6266, 10912048|6552, 10912603|6855, 10912663|7076, 10913341|7152, 10913601|7234, 10915028|7356, 10915215|7434, 10915267|7518, 10915787|9810, pyeongchang, 
10915847|2407, 10916246|2500, 10916476|2609, 10917679|2710, 10919596|3010, 10920099|3242, 10922995|3521, 10923255|3882, 10925330|4358, 10927470|4527, 10929177|4922, 10930434|5132, 10931459|5251, 10934100|5401, 10946063|5703, 10951131|5958, 10952133|6102, 10952688|6207, 10953243|6312, 10953798|6694, 10953850|7065, 10953910|7376, 10954205|7455, 10954539|7534, 10955791|7622, 10956113|7805, 10956373|9781, 10956633|9940, mt.+everest, 
10956988|2430, 10957144|2520, 10958475|2636, 10958527|2751, 10960236|2997, 10960885|3210, 10962502|3440, 10963814|3628, 10964138|4064, 10964498|4360, 10965387|4483, 10967520|4598, 10968980|4877, 10969314|4980, 10969964|5097, 10974741|5522, 10977084|5669, 10984635|5974, 10985831|6111, 10986165|6213, 10986549|6308, 10987343|6421, 10988014|6900, 10988066|7315, 10988126|7501, 10988577|7585, 10990009|7683, 10990196|7943, 10990248|8029, 10990768|9857, burj+khalifa, 
10991123|2388, 10991457|2483, 10992637|2594, 10994406|2819, 10994552|2967, 10995233|3199, 10997920|3515, 10998024|3683, 10998180|3844, 10998534|4324, 10999252|4473, 11001711|4638, 11002600|4786, 11003467|5303, 11003587|5414, 11004804|5524, 11007312|5674, 11013771|5822, 11020649|6044, 11021661|6179, 11021713|6281, 11021773|6677, 11022192|6760, 11022642|6844, 11024788|6929, 11025634|7087, 11026428|7424, 11026480|7759, 11027000|9851, cape+town, 
11027355|2407, 11027511|2506, 11028842|2624, 11028894|2729, 11030604|2834, 11030750|2992, 11031431|3249, 11032863|3441, 11034147|3620, 11034355|3855, 11034467|4225, 11037880|4406, 11038937|4586, 11039499|4852, 11040843|4977, 11048979|5242, 11058991|5560, 11059407|5724, 11060149|5864, 11060336|5969, 11061078|6071, 11061697|6593, 11062207|6806, 11062813|6910, 11063607|7084, 11064014|7194, 11064170|7278, 11065605|7360, 11065792|7511, 11065844|7609, 11066104|9788, 11066364|9949, pyongyang, 
11066424|2308, 11066875|2420, 11068204|2537, 11068256|2620, 11069964|2860, 11070405|2984, 11073526|3443, 11073786|3935, 11073846|4206, 11076651|4405, 11077842|4557, 11078483|4691, 11079957|5376, 11080512|5515, 11081376|5700, 11082250|5854, 11084332|6000, 11094683|6263, 11095477|6511, 11096032|6612, 11096084|6721, 11097388|7489, 11097492|7915, 11097752|9748, 11098012|9880, acropolis+of+athens, 
11098072|2329, 11098523|2457, 11099854|2608, 11099906|2718, 11101679|2841, 11101825|2982, 11105245|3398, 11105297|3587, 11105349|3688, 11105505|3825, 11108397|4446, 11108757|4625, 11109906|4783, 11110026|4921, 11112606|5128, 11120887|5379, 11123539|5632, 11124475|5837, 11125038|5948, 11125645|6144, 11126252|6546, 11126807|6639, 11127426|7203, 11128093|7284, 11128388|7362, 11128722|7452, 11129972|7531, 11130579|7617, 11130818|8186, 11131338|9917, pyeongchang, 
11131693|2362, 11131849|2464, 11133179|2566, 11133231|2681, 11134999|2943, 11135648|3195, 11138464|3464, 11138550|3593, 11138834|4386, 11141236|4551, 11142271|4749, 11142717|4904, 11143682|5052, 11144963|5219, 11145991|5382, 11146604|5512, 11151330|5702, 11155864|5809, 11161550|5985, 11161820|6114, 11162614|6214, 11162666|6301, 11163102|6693, 11163709|6789, 11163885|7316, 11165769|7556, 11166008|7760, 11166528|9889, taipei+101, 
11166588|2330, 11167039|2419, 11167217|2529, 11168399|2621, 11170551|2988, 11173622|3385, 11173708|3506, 11173760|3698, 11174276|4242, 11178092|4450, 11179442|4670, 11181124|4811, 11185469|5055, 11190522|5391, 11191264|5684, 11191883|6195, 11192502|6806, 11193722|7210, 11194363|7326, 11194769|7416, 11194977|7517, 11195539|7616, 11196229|7715, 11196333|7797, 11196385|8076, 11196645|10274, 11196905|10422, wencelas+square+prague, 
11197260|2287, 11197416|2373, 11198721|2491, 11198773|2598, 11200545|2712, 11200691|2834, 11202712|3052, 11204060|3363, 11204396|3913, 11206058|4246, 11207351|4413, 11208470|4525, 11208556|4607, 11209565|4730, 11210176|4826, 11210939|5054, 11211494|5191, 11212576|5473, 11213286|5582, 11214615|5701, 11215283|5808, 11216813|5907, 11224180|6112, 11225135|6275, 11226064|6402, 11226116|6495, 11226723|6700, 11227159|7061, 11227211|7217, 11228431|7317, 11228517|7415, 11228725|7946, 11228985|9691, 11229245|9852, eiffel+tower, 
11229305|2398, 11229756|2518, 11231082|2645, 11231134|2798, 11232994|2906, 11233349|3024, 11235291|3310, 11236616|3546, 11236824|3776, 11236876|3884, 11237570|4407, 11241119|4633, 11241674|4762, 11242600|5188, 11243761|5410, 11245544|5684, 11246604|5878, 11251440|6055, 11256207|6275, 11257542|6453, 11258348|7049, 11260210|7483, 11260314|7916, 11260366|8039, 11260886|9910, acropolis+of+athens, 
11261397|2408, 11261575|2518, 11262731|2604, 11262783|2745, 11264489|2894, 11264930|3022, 11266765|3374, 11268067|3519, 11268171|3647, 11268327|3798, 11269934|4316, 11271073|4462, 11271219|4587, 11271729|4717, 11272789|4860, 11274414|4975, 11275206|5154, 11278649|5370, 11280608|5492, 11284444|5631, 11291239|5852, 11294290|6081, 11295791|6261, 11296727|6407, 11297533|6850, 11298088|7240, 11299863|7354, 11300001|7491, 11300053|7660, 11300573|9961, mirabell+gardens, 
11300633|2311, 11301084|2394, 11302395|2544, 11304239|2791, 11304594|2903, 11306414|3244, 11307724|3445, 11307828|3701, 11307984|3861, 11311821|4349, 11312037|4509, 11313538|4683, 11315187|4987, 11321468|5226, 11329209|5522, 11332780|5708, 11333154|5810, 11333747|5917, 11334081|6014, 11335199|6155, 11335251|6255, 11335858|6694, 11336413|6940, 11336473|7128, 11337427|7221, 11337657|7302, 11338911|7395, 11338963|7482, 11339202|7618, 11339462|9700, 11339722|9837, pyongyang, 
11339782|2345, 11340233|2420, 11341559|2546, 11341611|2743, 11343467|2969, 11344030|3212, 11345669|3387, 11346863|3904, 11347001|4042, 11349426|4364, 11351404|4588, 11352115|4827, 11353251|4929, 11354302|5053, 11356680|5204, 11360228|5360, 11364153|5730, 11364902|5912, 11365696|6091, 11366124|6517, 11366176|6620, 11366731|6720, 11367338|7239, 11368608|7551, 11368694|7660, 11368798|7846, 11369318|9961, wencelas+square+prague, 
11369673|2309, 11369829|2400, 11371135|2511, 11371187|2616, 11373103|2920, 11373606|3067, 11376514|3314, 11376670|3571, 11377088|4075, 11377422|4163, 11377806|4308, 11378218|4398, 11379107|4494, 11379535|4654, 11380142|4742, 11380749|4835, 11381368|5478, 11381923|5573, 11382478|5674, 11383033|6125, 11383588|6393, 11383640|6634, 11383952|7113, 11386057|7512, 11386467|7742, 11386623|7861, 11387441|7982, 11387493|8114, 11388533|8239, 11388675|8458, 11389709|8667, 11391855|8901, 11400279|9302, 11400601|9484, 11400653|9627, 11400913|10207, 11401173|10332, empire+state+building, 
11401233|2391, 11401528|2476, 11401862|2611, 11403042|2734, 11404900|2914, 11405463|3221, 11407064|3431, 11408337|3595, 11408597|3986, 11408657|4162, 11411883|4359, 11412524|4521, 11413391|4871, 11414088|5213, 11414870|5321, 11417409|5462, 11421185|5602, 11430275|5893, 11431224|6066, 11432153|6188, 11432288|6292, 11432959|6741, 11433395|7078, 11434002|7161, 11434054|7255, 11434314|9813, 11434574|9937, cape+town, 
11434699|2336, 11434994|2423, 11435328|2533, 11436456|2617, 11436508|2746, 11438270|2854, 11438919|3007, 11440564|3291, 11441732|3431, 11441818|3538, 11442206|3989, 11443887|4286, 11446390|4485, 11447767|5129, 11449043|5326, 11450669|5443, 11454223|5597, 11466513|5930, 11468239|6109, 11470915|6284, 11470975|6791, 11472232|6881, 11473663|6965, 11473962|7137, 11474547|7222, 11475109|7304, 11475851|7399, 11475955|7518, 11476215|9692, 11476475|9839, peking, 
11476830|2379, 11477164|2481, 11478291|2590, 11478343|2718, 11480114|2851, 11480555|2998, 11483593|3448, 11483679|3593, 11483783|3707, 11483939|3852, 11485524|4296, 11486826|4462, 11486990|4586, 11487974|4726, 11488863|4874, 11489513|4993, 11490699|5201, 11492811|5402, 11494332|5570, 11498501|5738, 11503086|5876, 11505363|6028, 11505970|6144, 11506525|6437, 11506585|6720, 11506931|6808, 11507641|6904, 11508518|7199, 11509125|7401, 11509237|7482, 11509636|7573, 11511067|7687, 11511119|7795, 11511358|7954, 11511878|9830, burj+khalifa, 
11511938|2285, 11512233|2467, 11512567|2613, 11513722|2729, 11515627|2907, 11516130|3112, 11517747|3352, 11519028|3546, 11519184|3704, 11519236|3874, 11520766|4118, 11522122|4398, 11522312|4516, 11523392|4714, 11524619|4832, 11525451|5016, 11527436|5190, 11529025|5344, 11532032|5507, 11537276|5659, 11539127|5808, 11539803|5998, 11540137|6127, 11540513|6249, 11541307|6347, 11541914|6445, 11542414|6967, 11543021|7156, 11543983|7355, 11544317|7441, 11545569|7527, 11545860|7744, 11546172|9815, 11546380|9975, burj+khalifa, 
11546440|2334, 11547069|2486, 11548223|2580, 11548275|2685, 11550241|2981, 11552309|3261, 11553494|3411, 11553580|3515, 11553840|3879, 11554200|4356, 11557127|4565, 11557187|4713, 11558188|4870, 11558748|4994, 11560135|5238, 11560307|5412, 11561776|5522, 11562824|5638, 11567380|5770, 11572320|5945, 11576297|6116, 11578814|6246, 11579504|6344, 11580036|6445, 11580643|6547, 11581250|7085, 11581805|7224, 11581865|7493, 11582546|7617, 11583800|7694, 11583987|7864, 11584039|7955, 11584299|9828, 11584559|9932, pyramids+of+giza, 
11584619|2301, 11584914|2385, 11585248|2483, 11586396|2569, 11586448|2714, 11588364|2879, 11590472|3221, 11591728|3431, 11591832|3631, 11591884|3761, 11591988|4096, 11595585|4388, 11596047|4523, 11597348|4725, 11597660|4856, 11598215|5020, 11598937|5130, 11600317|5263, 11605505|5410, 11612055|5540, 11615158|5699, 11615293|5837, 11616274|5982, 11616680|6114, 11617014|6228, 11617398|6326, 11618192|6413, 11618244|6828, 11618308|6958, 11618828|9910, cape+town, 
11619183|2539, 11619339|2634, 11621040|2743, 11622409|2937, 11622850|3071, 11624576|3329, 11625858|3495, 11625944|3600, 11626048|3809, 11626204|3943, 11626558|4174, 11627268|4376, 11630074|4552, 11631184|4681, 11631444|4810, 11632130|5072, 11633228|5155, 11634624|5254, 11637095|5345, 11645005|5583, 11646322|5716, 11648867|5883, 11649345|6055, 11649405|6629, 11649856|6719, 11651290|6789, 11651477|6946, 11651529|7028, 11651789|9780, 11652049|9905, toronto+canada, 
11652109|2339, 11652404|2467, 11653890|2588, 11653942|2780, 11655797|2927, 11656538|3189, 11659204|3545, 11659308|3658, 11659412|3774, 11659464|3876, 11661468|4471, 11662082|4802, 11662852|5043, 11665620|5247, 11667814|5403, 11674631|5595, 11676969|5751, 11677763|5855, 11678318|5954, 11678430|6074, 11679058|6174, 11679442|6275, 11680049|6376, 11680791|6465, 11681398|6623, 11681458|6861, 11682464|6947, 11683892|7029, 11684499|7201, 11685189|7460, 11685241|7537, 11685293|7854, 11685813|9865, pyeongchang, 
11685873|2348, 11686168|2446, 11687656|2616, 11687708|2725, 11690011|3118, 11692915|3436, 11693001|3636, 11693261|3772, 11693621|4321, 11696474|4476, 11696560|4637, 11696672|4749, 11697122|4851, 11697684|4951, 11698163|5125, 11699030|5381, 11700359|5667, 11700735|5787, 11702471|5915, 11709630|6112, 11712785|6255, 11713527|6391, 11714082|6695, 11714134|6810, 11715352|7429, 11715438|7522, 11715542|7920, 11715606|8018, 11715866|9780, 11716126|9926, acropolis+of+athens, 
11716481|2441, 11716815|2545, 11717968|2655, 11718020|2754, 11719790|2916, 11720439|3147, 11723222|3405, 11723308|3531, 11723580|4029, 11724876|4343, 11726990|4501, 11727460|4640, 11727872|4737, 11729021|4892, 11729743|5178, 11731317|5324, 11734149|5439, 11742308|5752, 11743972|5887, 11744346|6008, 11745088|6128, 11745494|6232, 11746204|6335, 11746998|6547, 11747605|6888, 11748012|7205, 11748346|7310, 11749602|7384, 11749789|7540, 11749841|7630, 11750101|9826, 11750361|9984, toronto+canada, 
11750421|2288, 11750716|2369, 11750872|2477, 11752199|2616, 11752251|2731, 11754022|2880, 11754901|3232, 11757679|3561, 11757731|3701, 11757939|3960, 11758299|4167, 11760615|4325, 11761256|4486, 11762071|4658, 11762626|4876, 11763348|5010, 11766381|5178, 11773581|5346, 11776706|5588, 11777687|5759, 11778564|5885, 11779119|6090, 11779738|6600, 11779790|6866, 11779850|7044, 11780145|7136, 11780479|7221, 11781731|7311, 11781970|7493, 11782230|9715, 11782490|9875, pyeongchang, 
11782602|2363, 11783001|2496, 11784384|2726, 11786241|3001, 11789694|3471, 11789850|3639, 11790006|3779, 11791993|4626, 11792413|4824, 11794784|5083, 11795208|5270, 11799139|5497, 11807657|5743, 11814313|5929, 11816136|6054, 11816807|6497, 11817362|6911, 11817917|7238, 11817977|7331, 11818983|7428, 11820415|7510, 11820970|7588, 11821022|7766, 11821261|7972, 11821521|9750, 11821781|9870, mt.+everest, 
11822136|2421, 11823621|2564, 11823673|2661, 11825580|2951, 11827691|3265, 11828989|3515, 11829249|3868, 11829309|4303, 11829943|4440, 11832564|4568, 11833529|4774, 11833685|4912, 11834252|5035, 11834658|5196, 11836408|5355, 11837015|5534, 11837737|5650, 11838485|5776, 11840874|5935, 11846906|6091, 11850789|6243, 11850976|6375, 11851111|6478, 11851718|6580, 11852273|7008, 11852828|7282, 11854135|7457, 11854187|7681, 11854395|7921, 11854915|9835, colosseum+rome, 
11855426|2416, 11856755|2541, 11856807|2648, 11858577|2877, 11859174|3054, 11860836|3366, 11862160|3537, 11862420|4014, 11865363|4414, 11867026|4573, 11867360|4654, 11868641|4804, 11869027|4906, 11869408|5006, 11870223|5158, 11871558|5595, 11871678|5781, 11873147|5887, 11874357|5999, 11882868|6224, 11883055|6340, 11883648|6545, 11884366|6651, 11885108|6754, 11885243|6846, 11885850|7087, 11885902|7268, 11887121|7437, 11887207|7561, 11887415|8131, 11887675|9751, 11887935|9926, eiffel+tower, 
11887995|2338, 11888446|2452, 11889757|2592, 11889809|2719, 11891662|2965, 11892343|3151, 11895089|3532, 11895349|3888, 11898543|4360, 11899706|4631, 11900855|4831, 11901410|5015, 11902132|5157, 11904614|5298, 11908383|5412, 11915853|5763, 11917080|5944, 11918009|6120, 11918564|6456, 11918919|6547, 11919253|6648, 11921063|6729, 11921115|6825, 11921354|6941, 11921874|9771, toronto+canada, 
11922385|3675, 11923711|3783, 11923763|3873, 11925471|4080, 11927638|4368, 11928935|4614, 11929021|4746, 11929281|5121, 11929641|5327, 11933456|5552, 11934115|5728, 11934479|5859, 11935154|6026, 11936068|6153, 11939899|6401, 11947405|6623, 11948085|6799, 11949398|6941, 11949450|7033, 11949878|7334, 11950485|7433, 11951156|7964, 11951711|8291, 11951763|8461, 11951823|8630, 11952222|8725, 11953705|8826, 11953996|9226, 11954516|11548, sydney+harbour, 
11954576|2330, 11954871|2423, 11955205|2514, 11956333|2594, 11956385|2710, 11958154|2844, 11958240|2953, 11960321|3257, 11961823|3554, 11961927|3712, 11962287|4223, 11966664|4491, 11967014|4721, 11967903|4870, 11968656|4983, 11969211|5121, 11969575|5334, 11971164|5568, 11973404|5735, 11982682|5935, 11984172|6129, 11984787|6489, 11985394|6595, 11985510|7203, 11986729|7290, 11986815|7388, 11986919|7728, 11987179|9914, 11987439|9995, colosseum+rome, 
11987499|2437, 11987794|2527, 11989276|2691, 11989328|2885, 11991245|3044, 11993266|3367, 11994661|3574, 11995357|4426, 11997941|4597, 11999702|4725, 12000343|4814, 12000849|5068, 12001359|5191, 12002540|5292, 12003511|5414, 12004846|5750, 12004966|5895, 12006664|6083, 12009217|6208, 12017953|6386, 12018612|6509, 12018799|6630, 12019422|6730, 12019474|6836, 12020781|7670, 12020989|8240, 12021249|9768, 12021509|9988, colosseum+rome, 
12021569|2318, 12021864|2402, 12022020|2493, 12023330|2595, 12023382|2681, 12025087|2877, 12025233|2984, 12025736|3179, 12027360|3357, 12028656|3496, 12028916|3726, 12028976|4131, 12029610|4277, 12032241|4398, 12032361|4659, 12033917|4816, 12035361|4994, 12036273|5302, 12037511|5447, 12039686|5573, 12046027|5757, 12051682|5915, 12054639|6098, 12054691|6195, 12055433|6297, 12055988|6727, 12056052|6827, 12056659|6928, 12057066|7412, 12057400|7528, 12058656|7611, 12058895|7795, 12059415|9937, pyramids+of+giza, 
12059475|2332, 12059926|2418, 12061254|2555, 12061306|2651, 12063561|3007, 12065338|3225, 12066649|3482, 12067045|4146, 12070235|4409, 12070321|4518, 12070876|4640, 12072171|5207, 12072726|5322, 12072846|5443, 12073820|5576, 12075382|5695, 12081352|5866, 12086806|6025, 12087413|6195, 12088155|6504, 12088710|6762, 12090572|7211, 12090676|7399, 12090728|7528, 12091248|9922, acropolis+of+athens, 
12091308|2273, 12091603|2356, 12091759|2459, 12093066|2574, 12093118|2663, 12094890|2814, 12095036|2930, 12096918|3305, 12098437|3437, 12098541|3692, 12098593|3811, 12098697|3958, 12100712|4393, 12102912|4619, 12102972|4700, 12104151|4834, 12104532|4941, 12104740|5065, 12105295|5250, 12105659|5387, 12106214|5527, 12107196|5653, 12108511|5791, 12111717|5924, 12117029|6070, 12118093|6230, 12118415|6341, 12119074|6460, 12119502|6672, 12120109|6769, 12120545|7291, 12121152|7387, 12122373|7498, 12122459|7591, 12122511|7712, 12122679|8159, 12122731|9716, 12123199|9922, eiffel+tower, 
12123259|2529, 12123554|2627, 12123888|2709, 12125432|2818, 12126799|2946, 12127448|3201, 12129064|3484, 12130350|3646, 12130454|3799, 12130610|3972, 12132281|4446, 12132333|4571, 12133896|4713, 12134230|4805, 12135291|4932, 12136006|5041, 12136613|5147, 12137353|5396, 12138960|5533, 12139012|5643, 12139485|5729, 12141009|5853, 12142695|5964, 12150374|6231, 12151303|6485, 12151858|6883, 12151910|7182, 12153211|7476, 12153483|8149, 12154003|9906, eiffel+tower, 
12154115|2390, 12154514|2525, 12155841|2637, 12155893|2759, 12157686|2896, 12158093|3057, 12161069|3383, 12161155|3528, 12161415|3799, 12162664|4218, 12164761|4419, 12165347|4557, 12166569|4725, 12168376|4996, 12169194|5118, 12174426|5340, 12180554|5545, 12184551|5734, 12184603|5848, 12185345|5966, 12185900|6354, 12186455|6652, 12187010|6962, 12187469|7266, 12189004|7374, 12189243|7669, 12189503|9834, 12189763|10021, taipei+101, 
12189823|2316, 12190222|2413, 12191596|2535, 12191648|2635, 12193562|2896, 12194065|3114, 12197002|3472, 12197088|3592, 12197348|3802, 12199849|4444, 12201223|4625, 12202128|4757, 12203399|4922, 12203971|5088, 12204646|5375, 12205803|5472, 12206471|5584, 12210392|5712, 12219582|5876, 12222862|6040, 12223205|6168, 12223768|6486, 12224427|6588, 12224543|7090, 12224668|7433, 12225119|7551, 12226552|7636, 12226791|7835, 12227051|9778, 12227311|9916, pyramids+of+giza, 
12227371|2415, 12227666|2518, 12229148|2691, 12229200|2785, 12231554|3208, 12233173|3426, 12234404|3616, 12234490|3730, 12234810|4308, 12235999|4486, 12238270|4617, 12238898|4768, 12240231|4911, 12240565|5087, 12241955|5230, 12242562|5393, 12242682|5547, 12244203|5675, 12245806|5780, 12250639|5911, 12258686|6125, 12260620|6272, 12261414|6381, 12261969|6707, 12262021|7035, 12262376|7612, 12262710|7704, 12263965|7780, 12264152|8004, 12264204|8103, 12264464|9861, 12264724|9981, pyramids+of+giza, 
12264784|2371, 12265235|2485, 12266541|2615, 12266593|2748, 12268385|2881, 12268497|2972, 12268948|3167, 12270552|3389, 12271834|3558, 12272094|3933, 12275292|4503, 12276597|4781, 12276840|4971, 12278502|5093, 12288322|5405, 12292648|5592, 12296531|5752, 12296718|5883, 12297647|6005, 12298254|6102, 12298809|6399, 12299215|6520, 12299371|6626, 12299925|6717, 12300532|6858, 12301146|6979, 12301553|7096, 12301887|7190, 12303140|7266, 12303327|7361, 12303379|7442, 12303899|9800, pyongyang, 
12304410|2435, 12305732|2557, 12305784|2691, 12307553|2952, 12308202|3106, 12311071|3578, 12311331|3774, 12311461|4245, 12314711|4430, 12315266|4536, 12315616|4684, 12316999|4868, 12318724|5138, 12321197|5367, 12326527|5574, 12330280|5719, 12331958|5850, 12332010|5947, 12332816|6349, 12333222|6656, 12333556|6752, 12333940|6844, 12334734|6961, 12334786|7346, 12335141|7448, 12336728|7545, 12336915|7835, 12336967|7936, 12337279|9835, 12337487|9958, burj+khalifa, 
12337547|2374, 12337842|2457, 12338176|2567, 12339327|2661, 12339379|2770, 12341347|3058, 12343316|3296, 12343415|3433, 12344719|3615, 12344823|3732, 12344979|3910, 12345039|4472, 12347697|4615, 12348252|4694, 12348602|4804, 12348936|4903, 12350199|5015, 12351065|5152, 12353463|5320, 12356050|5484, 12358434|5590, 12366581|5772, 12373116|6092, 12373768|6291, 12374322|6461, 12374876|6628, 12375670|6731, 12376277|7033, 12376832|7291, 12378048|7420, 12378689|7518, 12378793|7690, 12379348|7775, 12379412|8403, 12379932|9977, mirabell+gardens, 
12379997|2355, 12380352|2444, 12380508|2561, 12381819|2665, 12381871|2770, 12383578|2893, 12384227|3117, 12387017|3387, 12387103|3500, 12387207|3637, 12387259|3801, 12387329|4034, 12388127|4259, 12388682|4390, 12390864|4535, 12391479|4623, 12392103|4824, 12393611|4987, 12395271|5346, 12397345|5474, 12403335|5625, 12409167|5813, 12409617|5947, 12410366|6061, 12410553|6146, 12411115|6246, 12411722|6360, 12411774|6788, 12411834|7374, 12412463|7490, 12413715|7588, 12413954|7853, 12414474|9872, taipei+101, 
12414534|2346, 12414985|2527, 12416296|2637, 12416348|2768, 12418200|2984, 12420221|3249, 12420328|3400, 12421610|3587, 12421870|3838, 12424275|4692, 12424431|4794, 12425670|5009, 12427669|5205, 12427800|5450, 12429024|5563, 12430964|5676, 12441534|5964, 12446109|6163, 12447693|6294, 12448248|6396, 12448867|7009, 12449422|7297, 12449482|7481, 12449985|7603, 12451420|7705, 12451659|7900, 12452179|9855, pyramids+of+giza, 
12452534|2376, 12452868|2474, 12454036|2577, 12454174|2699, 12455944|2875, 12456194|3010, 12458207|3317, 12459503|3530, 12459763|3922, 12459823|4312, 12462939|4553, 12463665|4773, 12464389|4936, 12467223|5220, 12467354|5371, 12468727|5472, 12469968|5580, 12475328|5745, 12479315|5900, 12479658|6068, 12480400|6175, 12480955|6453, 12481510|6738, 12482065|7104, 12483283|7360, 12483421|7494, 12483525|7755, 12484045|9897, petronas+towers, 
12484105|2306, 12484400|2397, 12484734|2536, 12485885|2621, 12485937|2733, 12487646|2843, 12487792|2948, 12488295|3128, 12489919|3404, 12491061|3536, 12491251|3676, 12491407|3875, 12493102|4411, 12494387|4575, 12494791|4659, 12495874|4774, 12496763|4889, 12497411|4976, 12498087|5125, 12500669|5372, 12501209|5479, 12502877|5583, 12506054|5729, 12510508|5960, 12514494|6146, 12517041|6288, 12520279|6471, 12521125|6598, 12521177|7050, 12522394|7309, 12522480|7405, 12522596|7886, 12523116|9863, mirabell+gardens, 
12523176|2668, 12523627|2773, 12524933|2877, 12524985|2963, 12526754|3213, 12529058|3531, 12530270|3726, 12530356|3844, 12530744|4374, 12533182|4710, 12534957|4839, 12535043|4968, 12535948|5112, 12537478|5280, 12537790|5413, 12538766|5522, 12539439|5657, 12541921|5781, 12548275|5956, 12552903|6104, 12554100|6246, 12554654|6353, 12555215|6459, 12556009|6650, 12556437|6944, 12557044|7059, 12557096|7588, 12557607|7746, 12559038|7913, 12559225|8171, 12559277|8258, 12559537|10076, 12559797|10213, taipei+101, 
12559857|2343, 12560152|2425, 12560486|2562, 12561612|2656, 12563434|2832, 12563875|3056, 12565601|3287, 12567007|3596, 12567267|3843, 12567397|4271, 12568031|4424, 12571142|4586, 12571492|4781, 12572769|4891, 12573393|5005, 12574260|5200, 12577253|5352, 12578133|5449, 12582991|5599, 12592147|5869, 12593147|6046, 12595004|6233, 12595893|6461, 12596666|6712, 12596718|6836, 12597154|7087, 12597813|7233, 12599116|7486, 12599220|7654, 12599480|9747, 12599740|9907, mirabell+gardens, 
12599800|2352, 12600095|2425, 12600429|2543, 12601574|2644, 12601712|2754, 12603482|2876, 12604131|3141, 12605751|3347, 12606949|3535, 12607139|3697, 12607295|4046, 12607655|4175, 12610592|4420, 12611147|4682, 12611702|4786, 12612066|5003, 12612621|5221, 12613767|5419, 12615277|5537, 12620883|5700, 12626274|5907, 12627016|6244, 12627068|6342, 12627999|6679, 12628487|6796, 12628539|6972, 12629843|7194, 12629947|7564, 12630467|9866, acropolis+of+athens, 
12630527|2389, 12630822|2572, 12631156|2691, 12632357|2806, 12634128|3020, 12634777|3276, 12636390|3434, 12637631|3576, 12638609|4357, 12641212|4571, 12641853|4716, 12642203|4830, 12643352|5016, 12644600|5191, 12645634|5327, 12647604|5465, 12652294|5603, 12659973|5784, 12660753|5909, 12661463|6038, 12662257|6282, 12662864|6739, 12663419|7032, 12663982|7592, 12665415|7736, 12665654|7947, 12666174|9864, taipei+101, 
12666234|2376, 12666685|2476, 12667996|2592, 12668048|2678, 12669754|2812, 12669900|2922, 12671921|3114, 12672029|3394, 12673256|3552, 12673592|4006, 12675560|4346, 12676639|4496, 12677756|4634, 12678397|4763, 12678457|4884, 12678903|5044, 12680181|5183, 12682070|5426, 12682792|5565, 12684067|5682, 12685539|5788, 12694324|5982, 12698127|6176, 12700720|6323, 12701462|6634, 12701898|6911, 12701950|7037, 12702305|7611, 12702639|7703, 12703895|7786, 12704134|8032, 12704394|9808, 12704654|9981, pyramids+of+giza, 
12704714|2312, 12705009|2395, 12705343|2542, 12706473|2647, 12706525|2829, 12708429|3007, 12710501|3329, 12711757|3491, 12712017|4005, 12712711|4292, 12715396|4459, 12716830|4972, 12716890|5222, 12718246|5402, 12721392|5559, 12727933|5749, 12732557|5899, 12732983|6023, 12733777|6163, 12734332|6500, 12734687|6675, 12735398|6762, 12736832|6836, 12737019|6998, 12737477|7091, 12737811|7167, 12738187|7248, 12738426|7368, 12738946|9795, toronto+canada, 
12739006|2399, 12739301|2481, 12739457|2570, 12740762|2690, 12740814|2771, 12742584|2951, 12744837|3448, 12746047|3581, 12746133|3702, 12746393|4315, 12748949|4514, 12749768|4689, 12750118|4798, 12751267|4964, 12751960|5116, 12753549|5299, 12755120|5499, 12765565|5748, 12768817|5972, 12769372|6132, 12769778|6237, 12770112|6331, 12770496|6438, 12771238|6541, 12771290|6666, 12771897|6965, 12772452|7377, 12772963|7533, 12774443|7706, 12774630|7801, 12774682|7893, 12775202|9883, taipei+101, 
12775557|7755, 12775713|7840, 12775891|7945, 12777077|8080, 12778787|8218, 12779228|8364, 12781051|8647, 12782342|8828, 12782498|9152, 12782602|9358, 12785804|9733, 12787207|9992, 12788637|10195, 12789938|10373, 12791478|10531, 12793844|10656, 12800941|10858, 12807485|10999, 12809294|11136, 12810119|11251, 12810674|11367, 12811229|11699, 12811341|12010, 12811969|12129, 12812345|12251, 12812584|12422, 12812939|12612, 12813273|12700, 12814531|12786, 12814770|13056, 12815030|15079, 12815290|15237, mt.+everest, 
12815350|2254, 12815645|2357, 12815979|2495, 12817107|2587, 12817159|2718, 12819368|3008, 12821190|3261, 12822441|3380, 12822701|3799, 12822761|4070, 12823389|4250, 12825997|4418, 12826579|4498, 12827588|4616, 12828546|4817, 12829741|5027, 12830463|5145, 12832384|5297, 12835192|5429, 12841363|5705, 12842240|5834, 12842292|5924, 12842847|6252, 12843402|6350, 12843957|6647, 12845795|7139, 12845881|7232, 12846037|7575, 12846089|9772, 12846557|9910, petronas+towers, 
12846617|2362, 12846912|2459, 12847068|2599, 12848399|2688, 12848451|2774, 12850157|2896, 12850355|3018, 12850806|3245, 12852429|3442, 12853653|3670, 12853913|3873, 12854423|4452, 12857406|4627, 12857868|4764, 12858836|4906, 12859779|5002, 12860906|5223, 12863473|5442, 12865349|5547, 12867040|5652, 12872834|5834, 12879161|6033, 12882395|6251, 12883241|6378, 12883860|6911, 12884415|7290, 12885632|7494, 12885770|7607, 12885874|7776, 12886394|9788, mirabell+gardens, 
12886454|2333, 12886905|2477, 12888210|2589, 12888262|2684, 12890032|2946, 12893527|3258, 12893613|3464, 12893897|3973, 12895866|4377, 12898152|4658, 12899153|4786, 12899621|4982, 12901526|5154, 12904269|5291, 12912696|5457, 12918094|5726, 12921450|5917, 12922240|6062, 12922795|6174, 12923410|6479, 12924017|6583, 12924624|6692, 12925179|7047, 12925239|7244, 12925742|7363, 12927175|7447, 12927414|7736, 12927934|9876, mt.+everest, 
12927994|2329, 12928393|2545, 12928623|2658, 12929755|2739, 12931515|2883, 12931956|3056, 12933783|3387, 12935064|3656, 12935220|3791, 12935324|3982, 12935678|4256, 12938386|4449, 12938798|4602, 12939947|4780, 12940502|4909, 12941224|5061, 12943423|5218, 12952591|5465, 12953774|5584, 12955438|5736, 12956554|5851, 12957173|6395, 12957780|6649, 12957832|6995, 12957892|7095, 12958187|7161, 12959778|7242, 12959965|7393, 12960017|7506, 12960137|8648, 12960583|8743, 12960761|8837, 12962104|8929, 12962624|9842, toronto+canada, 
12962684|2355, 12963135|2476, 12964464|2618, 12964516|2830, 12966286|2923, 12966727|3044, 12968538|3361, 12969792|3608, 12970064|3992, 12970124|4287, 12970424|4423, 12973318|4582, 12973430|4872, 12974058|5001, 12975353|5198, 12975960|5364, 12977054|5508, 12979627|5650, 12986749|5821, 12996820|6031, 12998040|6192, 12998144|6298, 12998706|6442, 12999267|6541, 13000061|6714, 13000489|7095, 13000541|7219, 13000801|9786, 13001061|9927, cape+town, 
13001121|2382, 13001416|2470, 13001572|2584, 13002905|2683, 13002957|2789, 13004663|2978, 13005260|3192, 13006926|3410, 13008207|3593, 13008467|3871, 13008827|4217, 13011759|4425, 13012314|4612, 13013279|4748, 13015026|4995, 13016951|5184, 13018895|5307, 13026986|5552, 13033030|5753, 13034226|5848, 13034881|5958, 13035184|6051, 13035538|6147, 13036256|6253, 13036998|6368, 13037050|6480, 13037721|6982, 13037781|7186, 13038839|7292, 13040272|7385, 13040563|7632, 13041083|9945, mt.+everest, 
13041438|2293, 13041594|2377, 13042922|2476, 13042974|2574, 13044745|2834, 13045342|2991, 13048284|3333, 13048440|3582, 13048544|3845, 13051284|4203, 13051912|4359, 13052749|4495, 13053564|4752, 13053684|5036, 13054901|5144, 13056977|5271, 13063380|5433, 13066702|5567, 13069271|5706, 13070104|5842, 13070763|5976, 13071873|6124, 13072428|6280, 13072488|6472, 13073442|6570, 13074926|6663, 13075217|6893, 13075477|9660, 13075737|9778, toronto+canada, 
13075797|2437, 13076092|2549, 13076426|2637, 13078032|2749, 13079836|2945, 13081703|3333, 13082986|3507, 13083350|3789, 13083410|4109, 13085985|4302, 13086447|4428, 13086723|4568, 13087699|4712, 13090638|5054, 13092184|5200, 13100744|5417, 13107511|5673, 13109924|5807, 13110770|5921, 13111429|6029, 13111984|6365, 13112539|6683, 13112591|7016, 13112946|7311, 13113102|7391, 13114531|7486, 13114718|7692, 13114770|7787, 13115290|9821, mt.+everest, 
13115645|2360, 13115801|2443, 13117132|2631, 13117184|2759, 13118890|2890, 13119331|3023, 13122335|3406, 13122421|3545, 13122757|4002, 13123117|4231, 13124006|4390, 13126634|4517, 13126720|4620, 13126780|4732, 13128339|4918, 13129075|5073, 13129837|5224, 13130954|5401, 13131137|5524, 13132111|5644, 13134396|5778, 13143231|5991, 13143366|6176, 13144212|6308, 13144276|6954, 13145494|7365, 13145580|7463, 13145684|7824, 13145944|10231, 13146204|10368, petronas+towers, 
13146264|2391, 13146559|2478, 13146893|2598, 13148070|2702, 13149833|2922, 13150326|3048, 13153412|3461, 13153568|3786, 13153724|3950, 13154240|4328, 13158034|4592, 13159081|5180, 13159855|5291, 13161439|5469, 13167596|5629, 13171999|5788, 13172051|5952, 13172656|6353, 13172990|6456, 13173366|6544, 13173937|6649, 13174544|6751, 13175570|7277, 13176281|7348, 13177716|7431, 13177768|7542, 13178059|7932, 13178579|9851, sydney+harbour, 
13178704|2444, 13178999|2524, 13179155|2620, 13180459|2700, 13180511|2811, 13182283|2957, 13182932|3198, 13184595|3452, 13185836|3590, 13186148|3963, 13186508|4331, 13189403|4564, 13190322|4817, 13191826|5123, 13193958|5271, 13202104|5526, 13204427|5678, 13204614|5806, 13204801|5898, 13205408|6003, 13206027|6508, 13206463|6826, 13207070|6932, 13207122|7281, 13207182|7598, 13207633|7681, 13207811|7758, 13209067|7847, 13209422|8438, 13209942|9913, sydney+harbour, 
13210002|2330, 13210453|2435, 13211783|2551, 13211835|2631, 13213629|2874, 13213984|2985, 13215811|3260, 13217064|3574, 13217348|4109, 13219017|4466, 13221058|4666, 13221613|4772, 13221873|4950, 13222613|5138, 13224025|5294, 13225167|5407, 13227438|5548, 13235309|5727, 13236388|5851, 13238187|6008, 13239168|6128, 13239280|6397, 13239908|6534, 13240284|6643, 13241433|6749, 13243025|6853, 13243684|7028, 13244374|7265, 13244509|7350, 13244561|7593, 13245029|9832, 13245081|9959, toronto+canada, 
13245141|2372, 13245436|2471, 13245770|2606, 13246896|2700, 13246948|2814, 13248854|3050, 13250875|3307, 13252248|3500, 13252404|3736, 13252456|3885, 13252508|4130, 13254943|4355, 13255703|4551, 13256892|4735, 13257100|4924, 13257827|5062, 13259409|5176, 13261423|5291, 13269976|5504, 13273625|5829, 13274419|6087, 13275034|6518, 13275329|6600, 13276218|6688, 13277473|6762, 13277764|6934, 13278024|9811, 13278284|9970, toronto+canada, 
13278344|2354, 13278795|2465, 13280120|2598, 13280172|2683, 13282383|2985, 13284204|3269, 13285481|3507, 13285753|4156, 13285813|4418, 13288551|4565, 13289106|4680, 13289470|4828, 13290032|5021, 13291316|5125, 13292952|5238, 13298059|5405, 13303512|5665, 13304254|5796, 13304306|5893, 13305112|6273, 13305539|6595, 13306146|6718, 13306753|6818, 13307308|6964, 13307360|7213, 13307715|7314, 13308049|7402, 13309302|7485, 13309489|7809, 13309593|7896, 13309853|9766, 13310113|9904, sydney+harbour, 
13310173|2393, 13310624|2479, 13311930|2604, 13311982|2711, 13313778|2975, 13316012|3359, 13317296|3569, 13317400|3697, 13317452|3793, 13317608|3965, 13317668|4165, 13318124|4288, 13320935|4452, 13321854|4734, 13322576|5008, 13323811|5150, 13329256|5380, 13335213|5654, 13336007|5758, 13336801|6178, 13337356|6267, 13337911|6369, 13337963|6481, 13338318|7590, 13338474|7682, 13339906|7761, 13340261|8459, 13340781|9832, sydney+harbour, 
13340841|2402, 13341292|2506, 13342618|2622, 13342670|2714, 13344526|2932, 13344881|3060, 13346702|3403, 13347942|3595, 13348202|3765, 13349920|4261, 13352394|4464, 13352480|4627, 13353399|4799, 13353519|5051, 13354683|5177, 13358278|5457, 13365863|5674, 13367260|5799, 13367312|5900, 13367867|6287, 13368347|6706, 13368902|6826, 13368954|7233, 13369509|7374, 13370124|7611, 13370575|7694, 13372006|7777, 13372058|7972, 13372349|8138, 13372609|9741, 13372869|9869, sydney+harbour, 
