||class android.content.Context:public abstract java.lang.Object android.content.Context.getSystemService(java.lang.String)||class android.app.usage.NetworkStatsManager:public android.app.usage.NetworkStats$Bucket android.app.usage.NetworkStatsManager.querySummaryForDevice(int,java.lang.String,long,long) throws java.lang.SecurityException,android.os.RemoteException||class android.app.usage.NetworkStats$Bucket:public long android.app.usage.NetworkStats$Bucket.getRxBytes()
56898899|1, 56898959|2123, 56902825|2289, 56903459|2402, 56909065|2942, 56909221|3171, 56914759|3435, 56917897|4021, 56918233|4145, 56918285|4249, 56919104|4538, 56919871|4803, 56919923|4890, 56920690|5147, 56920742|5238, 56921509|5426, 56922328|5513, 56922388|5596, 56925903|5697, 56926700|5789, 56926752|5882, 56927497|5971, 56927549|6059, 56928368|6423, 56929135|6696, 56929187|6787, 56943534|7024, 56943638|7506, 56943690|7605, 56943750|7726, 56961516|8017, 56987044|8180, 56994512|8535, 57177424|8832, 57483209|9133, 57483545|9517, 57483805|10214, empire+state+building, 
57483865|2313, 57487395|2428, 57487783|2538, 57488417|2652, 57488521|2846, 57493742|2995, 57494130|3323, 57494234|3455, 57506429|4355, 57507248|4485, 57508067|4610, 57508119|4791, 57524313|5200, 57524365|5322, 57525420|5542, 57532768|5650, 57631740|5800, 57960935|5995, 58309464|6180, 58400415|6346, 58401182|6763, 58402169|6885, 58402988|7117, 58403733|7221, 58407375|7305, 58408456|7436, 58408508|7528, 58409495|7616, 58409663|7719, 58409923|9808, the+great+wall+of+china, 
58409983|2362, 58413513|2460, 58413849|2578, 58413901|2679, 58414648|2836, 58420298|3218, 58423916|3491, 58429465|3630, 58429525|4138, 58432479|4313, 58433023|4465, 58433842|4707, 58451611|5211, 58451727|5315, 58460138|5454, 58481745|5612, 58683542|5762, 58965207|5977, 58970169|6108, 58970221|6229, 58970988|6428, 58971208|6530, 58972794|6998, 58973613|7239, 58973665|7360, 58974650|7527, 58974910|9920, acropolis+of+athens, 
58978501|2413, 58978837|2609, 58979471|2722, 58984741|3201, 58985129|3398, 58985233|3538, 58994706|3920, 58998518|4356, 58999010|4521, 58999949|4760, 59007422|4963, 59036934|5290, 59037877|5427, 59045337|5575, 59118369|5697, 59479405|5862, 59479457|5983, 59479625|6082, 59480612|6280, 59481379|6385, 59482198|6475, 59482943|6586, 59483043|7473, 59486574|7559, 59486910|7643, 59486962|7748, 59488113|8001, 59488373|9865, petronas+towers, 
59488433|2363, 59491962|2487, 59492984|2648, 59493088|2882, 59498304|3060, 59498692|3351, 59498796|3479, 59507848|3689, 59507908|4132, 59511660|4267, 59512919|4565, 59512971|4683, 59513738|4919, 59513790|5049, 59530717|5205, 59531536|5335, 59531588|5478, 59540220|5753, 59816091|5979, 60048277|6181, 60049096|6270, 60049316|6377, 60050902|6896, 60051721|7289, 60051825|7373, 60052592|7564, 60053577|7647, 60053837|9770, acropolis+of+athens, 
60053897|2359, 60057426|2462, 60057762|2571, 60058448|2696, 60063766|3006, 60064154|3310, 60064258|3510, 60071039|4110, 60071099|4366, 60074903|4514, 60078868|4626, 60079100|4823, 60091069|4943, 60096405|5119, 60314169|5415, 60367725|5621, 60368596|5828, 60369363|6160, 60370927|6257, 60370979|6407, 60371746|6752, 60372565|6862, 60373362|6979, 60373466|7452, 60374452|7649, 60374712|9834, wencelas+square+prague, 
60374772|2278, 60378303|2356, 60379273|2519, 60384542|3049, 60385034|3380, 60390568|3662, 60391800|3798, 60395612|4402, 60396104|4551, 60398965|4686, 60399784|4788, 60403622|4975, 60430062|5123, 60533477|5312, 60684776|5644, 60688183|5777, 60688571|5917, 60690355|6185, 60691941|6630, 60692760|6945, 60693527|7182, 60693579|7360, 60694450|7607, 60695436|7785, 60695696|9819, 60695776|11050, wencelas+square+prague, 
60695836|2292, 60699367|2373, 60699703|2494, 60700389|2603, 60700545|2851, 60706048|3177, 60706204|3360, 60706256|3484, 60715730|3651, 60715946|4211, 60719646|4379, 60719982|4500, 60720034|4613, 60727663|4825, 60757092|5016, 60757144|5249, 60758135|5357, 60766102|5479, 60874642|5601, 61131349|5785, 61198817|5908, 61199688|6012, 61199972|6118, 61200791|6429, 61201588|6551, 61202355|6646, 61202407|6738, 61203226|7137, 61204149|7409, 61205132|7591, 61205951|7700, 61206770|8034, 61207515|8130, 61207775|9901, petronas+towers, 
61207835|2350, 61211365|2433, 61211701|2540, 61212387|2638, 61212491|2901, 61218100|3259, 61218204|3427, 61227573|4005, 61230587|4184, 61231742|4314, 61232613|4492, 61232717|4569, 61233672|4700, 61237682|4841, 61249378|4992, 61263717|5151, 61264484|5447, 61291421|5718, 61379706|5854, 61521746|5989, 61576686|6090, 61650386|6186, 61780588|6377, 61818340|6490, 61818508|6592, 61818568|7314, 61822099|7416, 61822435|7498, 61822487|7568, 61829388|8058, 61829556|8170, 61829632|9285, 61833090|9391, 61833426|9522, 61834491|9794, big+ben, 
61834551|2285, 61838081|2361, 61838417|2589, 61839103|2721, 61839259|2842, 61840897|2981, 61844816|3278, 61844920|3429, 61852540|3760, 61855606|4355, 61855994|4513, 61861338|4727, 61870586|5006, 61943290|5209, 62090588|5392, 62294083|5659, 62405303|5791, 62527384|5916, 62539840|6017, 62540607|6118, 62541594|6213, 62542361|6323, 62545600|6467, 62545936|6590, 62546901|6719, 62546953|6842, 62547772|7029, 62548569|7137, 62548681|7216, 62552159|7307, 62553262|7389, 62554347|7470, 62556049|8013, 62556309|9958, singapore, 
62559900|2416, 62560236|2534, 62560922|2718, 62561026|2853, 62566244|3056, 62566736|3459, 62578559|3935, 62578619|4415, 62581909|4559, 62582676|4647, 62582944|4789, 62590038|4948, 62592431|5062, 62594074|5267, 62594126|5391, 62594945|5636, 62595868|5731, 62629189|5821, 62737465|5995, 62740704|6172, 62741144|6267, 62761287|6368, 62761339|6459, 62762136|6549, 62762881|6645, 62763141|9786, big+ben, 
62763201|7307, 62766732|7431, 62767120|7552, 62771413|7742, 62773414|8045, 62774750|8221, 62780286|8403, 62780338|9026, 62781136|9160, 62784202|9308, 62787395|9442, 62788438|9574, 62918528|9992, 63007882|10184, 63076620|10333, 63076788|10457, 63077775|10644, 63078542|10941, 63079361|11046, 63079413|11156, 63080232|11641, 63081818|12002, 63081870|12152, 63081922|12249, 63082908|12354, 63083168|14766, wencelas+square+prague, 
63086757|2468, 63087093|2557, 63087779|2657, 63087883|2828, 63088047|2966, 63093544|3276, 63093648|3396, 63102334|4212, 63105608|4613, 63112997|4871, 63119119|5152, 63172945|5334, 63308174|5475, 63476917|5637, 63637174|5807, 63795264|5966, 63823383|6085, 63824202|6176, 63824254|6291, 63825073|6612, 63825892|6951, 63830301|7251, 63830637|7330, 63830689|7412, 63832491|7495, 63833426|7602, 63833686|9793, pyongyang, 
63837276|2392, 63837612|2622, 63838246|2760, 63838410|3075, 63844062|3401, 63849606|3677, 63851970|4345, 63855433|4485, 63856334|4607, 63859400|4712, 63859872|4874, 63869132|5035, 63885450|5171, 63893968|5480, 63898374|5608, 63990597|5729, 64093829|5854, 64253289|5986, 64470445|6214, 64471380|6318, 64474787|6429, 64475123|6530, 64475920|6624, 64476140|6732, 64476907|7002, 64477704|7125, 64477764|7598, 64481294|7705, 64481630|7808, 64481682|7888, 64482919|7979, 64483087|8062, 64483347|9789, taipei+101, 
64483407|2452, 64486937|2546, 64487273|2629, 64487959|2718, 64488175|2969, 64493723|3361, 64493775|3514, 64501404|3750, 64501456|4227, 64505208|4458, 64505596|4632, 64512018|4768, 64512905|5172, 64523895|5284, 64793393|5493, 64970661|5673, 65149760|5833, 65216678|5944, 65217613|6039, 65218600|6164, 65218652|6262, 65219471|6507, 65220463|6879, 65227171|6959, 65227843|7039, 65227947|7114, 65229675|7198, 65230830|7283, 65230882|7375, 65232416|7893, 65232468|7963, 65233235|8283, 65233495|9977, pyongyang, 
65233555|2504, 65233607|2624, 65237473|2765, 65237525|2888, 65238315|3075, 65243870|3427, 65243974|3708, 65255915|4356, 65258929|4514, 65259317|4628, 65260292|4896, 65266069|5572, 65266457|5700, 65442728|5851, 65532748|6015, 65533567|6154, 65534334|6663, 65534386|6737, 65535153|6815, 65535205|6893, 65535972|7158, 65536024|7239, 65536769|7352, 65536977|9803, big+ben, 
65537037|2423, 65540567|2536, 65540903|2666, 65541693|2874, 65541805|2968, 65547403|3345, 65555721|3662, 65559015|4308, 65559351|4440, 65559479|4564, 65563214|4668, 65578652|4774, 65589580|4897, 65590347|5059, 65590519|5174, 65597867|5300, 65625375|5545, 65761051|5715, 65902548|5957, 65977588|6053, 66052062|6152, 66087586|6249, 66134706|6341, 66144318|6446, 66145085|6619, 66145305|6715, 66146839|7180, 66151248|7274, 66151636|7366, 66151688|7445, 66152455|7600, 66152507|7676, 66159411|7840, 66161165|8537, 66161932|8886, 66162192|9886, big+ben, 
66162252|2238, 66165782|2348, 66166118|2501, 66166752|2634, 66166864|2878, 66172023|3129, 66172515|3368, 66181893|3765, 66184907|4339, 66185399|4451, 66185451|4533, 66190081|4719, 66190848|4850, 66212838|5029, 66229826|5175, 66238114|5524, 66238786|5655, 66357473|5813, 66514305|5949, 66711016|6108, 66753529|6210, 66753957|6321, 66755521|6445, 66755573|7232, 66755625|7315, 66760547|7943, 66760807|10922, colosseum+rome, 
66760912|2322, 66764502|2420, 66764838|2547, 66765524|2641, 66765792|2937, 66771233|3230, 66771337|3441, 66780181|3855, 66784433|4544, 66784485|4679, 66800633|5074, 66800685|5195, 66808973|5446, 66813379|5561, 67246014|5802, 67578977|5940, 67673748|6134, 67675398|6698, 67678689|6835, 67679025|6942, 67680757|7093, 67680809|7198, 67685144|7305, 67685532|7409, 67685584|7500, 67687505|7699, 67687765|9815, the+great+wall+of+china, 
67691355|2585, 67692445|2844, 67697700|3167, 67698140|3372, 67698192|3478, 67703728|3630, 67705808|3907, 67705920|4186, 67710133|4448, 67718666|4650, 67719851|4832, 67720618|4974, 67729151|5146, 67866583|5402, 68213712|5664, 68315888|5823, 68399793|5973, 68399961|6067, 68400728|6209, 68400948|6387, 68401715|6560, 68401767|6653, 68402646|6815, 68406459|6921, 68406511|6994, 68407495|7065, 68407663|7151, 68407923|9912, singapore, 
68407983|2273, 68411513|2356, 68411901|2500, 68412535|2611, 68412699|2890, 68418249|3253, 68418353|3421, 68425964|3764, 68426024|4272, 68430289|4518, 68436399|4697, 68436451|4856, 68444737|5021, 68449059|5179, 68731502|5426, 68960425|5685, 69074884|5833, 69118274|5975, 69119291|6091, 69120152|6200, 69120919|6624, 69121738|6742, 69121790|6867, 69122617|7170, 69126967|7264, 69127355|7368, 69128336|7444, 69128504|7528, 69128764|9753, singapore, 
69128824|2394, 69132353|2534, 69136383|2723, 69137353|2859, 69138143|2989, 69139684|3376, 69143628|3667, 69143680|3930, 69143732|4079, 69152289|4240, 69152677|4384, 69153600|4691, 69153652|4811, 69154471|4928, 69158309|5062, 69180314|5214, 69196360|5423, 69197127|5577, 69200642|5723, 69211370|5896, 69347529|6060, 69468181|6165, 69644840|6303, 69645292|6396, 69646089|6474, 69646856|6578, 69646908|6769, 69646960|6848, 69647864|7018, 69648124|9815, petronas+towers, 
69648184|2262, 69651714|2350, 69652050|2471, 69652736|2552, 69658062|3037, 69658450|3228, 69658502|3367, 69658554|3490, 69666173|3670, 69669187|4194, 69669679|4379, 69675737|4556, 69675789|4753, 69676676|4883, 69688337|5009, 70106301|5278, 70264305|5460, 70354519|5639, 70354967|5782, 70358430|5884, 70359227|5999, 70359447|6107, 70361033|6504, 70361830|6601, 70361882|6736, 70362649|6942, 70366238|7061, 70366574|7138, 70366626|7221, 70367609|7300, 70367777|7398, 70368037|9846, singapore, 
70368097|2409, 70371628|2486, 70371964|2608, 70372650|2693, 70377976|3143, 70378364|3378, 70378416|3511, 70378468|3649, 70387857|4050, 70387917|4316, 70390871|4465, 70391311|4602, 70391363|4708, 70396897|4910, 70399851|5054, 70418779|5269, 70435728|5684, 70436899|5936, 70445737|6055, 70625543|6268, 70803220|6434, 70914241|6566, 70958513|6661, 70962429|6811, 70962481|7549, 70962533|7643, 70966928|8141, 70967188|9926, colosseum+rome, 
70967248|2562, 70970779|2701, 70974758|2868, 70979385|3053, 70981439|3406, 70989195|3971, 70989356|4213, 70994518|4423, 71000804|4640, 71004861|4880, 71005852|5013, 71017410|5150, 71244650|5456, 71383202|5618, 71477002|5729, 71565027|5844, 71666919|5961, 71775622|6096, 71828862|6239, 71830969|6490, 71831325|6610, 71832152|6988, 71835795|7067, 71839594|7151, 71839698|7243, 71841760|7373, 71842020|9945, peking, 
71842080|2366, 71845610|2492, 71845998|2590, 71846632|2688, 71846736|2929, 71851950|3108, 71852286|3388, 71852442|3558, 71860199|3996, 71863317|4531, 71863927|4845, 71864746|5076, 71870251|5305, 71871190|5424, 71878598|5533, 72056477|5713, 72402483|5936, 72692917|6153, 72694124|6311, 72695718|6825, 72700066|6920, 72700462|6996, 72703693|7076, 72705010|7169, 72706195|7267, 72706962|7795, 72707222|9709, peking, 
72707282|2357, 72710811|2444, 72711147|2549, 72711833|2661, 72711937|2950, 72717543|3349, 72717647|3517, 72725344|3898, 72728583|4373, 72729872|4555, 72732886|4710, 72739277|4914, 72747625|5214, 72985302|5492, 73176083|5667, 73329478|5811, 73329530|5918, 73331064|6362, 73331284|6471, 73332051|6666, 73332103|6778, 73332990|7064, 73339698|7143, 73340370|7233, 73340474|7307, 73341387|7392, 73342326|7464, 73343261|7675, 73344080|7771, 73344132|7842, 73344877|7948, 73345137|9854, 73345189|10193, cape+town, 
73345249|2414, 73348779|2542, 73349167|2647, 73349801|2768, 73355119|3070, 73355559|3479, 73355611|3630, 73366153|4085, 73369913|4509, 73370405|4673, 73380654|5027, 73387178|5157, 73403950|5383, 73406457|5674, 73416213|5785, 73489706|5882, 73782007|6033, 73850049|6160, 73850217|6261, 73851088|6369, 73851140|6475, 73852674|6874, 73852726|6965, 73853493|7201, 73853545|7355, 73854468|7504, 73856220|7795, 73856480|9812, petronas+towers, 
73856540|2365, 73860069|2441, 73860405|2547, 73861039|2626, 73866701|3351, 73866805|3567, 73875120|3837, 73878470|4402, 73878626|4568, 73879393|4697, 73879445|4851, 73895709|5245, 73896528|5361, 73896700|5497, 73904814|5612, 74000391|5748, 74233887|5888, 74587134|6052, 74752329|6174, 74771693|6283, 74772606|6391, 74773403|6497, 74774937|6992, 74774997|7378, 74778527|7473, 74778863|7558, 74778915|7630, 74779900|7792, 74780068|7913, 74780328|9842, the+great+wall+of+china, 
74783917|2368, 74784253|2483, 74784939|2576, 74784991|2812, 74790207|3050, 74790595|3285, 74790699|3407, 74798311|3608, 74798363|4141, 74802175|4346, 74802563|4458, 74816736|5017, 74817192|5159, 74826886|5342, 75134156|5564, 75224809|5719, 75243824|5862, 75244643|5962, 75246133|6441, 75246185|6539, 75246952|6743, 75247771|6890, 75248650|7060, 75252181|7157, 75252517|7243, 75252569|7332, 75255861|7694, 75256029|7782, 75256289|9741, sydney+harbour, 
75256349|2349, 75259879|2436, 75260215|2553, 75260901|2661, 75266228|3130, 75266616|3316, 75266720|3446, 75274377|3813, 75277391|4192, 75277831|4353, 75277883|4487, 75284560|4651, 75285447|5040, 75296145|5188, 75441126|5494, 75581826|5631, 75699077|5767, 75699465|5879, 75700232|6072, 75703639|6159, 75703975|6249, 75704772|6377, 75704992|6492, 75705923|6801, 75709401|6879, 75709737|6951, 75709789|7030, 75711591|7123, 75712526|7599, 75713323|7710, 75713583|9894, pyeongchang, 
75717173|2328, 75717509|2453, 75718195|2538, 75721888|2941, 75723952|3358, 75734163|3919, 75734223|4165, 75739130|4493, 75739234|4706, 75743864|4903, 75749917|5070, 75770901|5302, 75771073|5444, 75778421|5556, 75868360|5681, 76095033|5916, 76209062|6053, 76310954|6167, 76419717|6271, 76447082|6418, 76447849|6715, 76447901|6828, 76448668|7018, 76448728|7535, 76452257|7627, 76452593|7710, 76452645|7786, 76453795|7959, 76454055|9823, pyramids+of+giza, 
76454115|2261, 76457645|2402, 76458615|2495, 76458667|2848, 76463883|3012, 76464375|3348, 76469909|3537, 76475864|4264, 76476743|4419, 76480414|4605, 76486503|4780, 76486555|4961, 76487322|5095, 76494902|5211, 76537020|5347, 76785239|5516, 76925991|5619, 77116063|5845, 77165646|5963, 77166477|6281, 77169820|6386, 77170156|6491, 77171017|6596, 77171173|6750, 77171940|6890, 77171992|7003, 77172819|7326, 77176350|7404, 77176686|7482, 77176738|7564, 77177722|7649, 77177890|7757, 77178150|9805, singapore, 
77178210|2391, 77181740|2504, 77182076|2632, 77182762|2740, 77182918|2927, 77188086|3058, 77188526|3401, 77188578|3538, 77194110|3668, 77197737|3804, 77197797|4351, 77201989|4581, 77202041|4698, 77202860|4819, 77206595|4988, 77227234|5158, 77235530|5328, 77236499|5450, 77243849|5556, 77323008|5669, 77700654|5899, 77808060|6047, 77908715|6248, 77909482|6363, 77910469|6474, 77910521|6572, 77911340|6997, 77912085|7115, 77912197|7766, 77915676|7849, 77916012|7942, 77917048|8042, 77917216|8166, 77917476|9866, pyramids+of+giza, 
77921065|2346, 77921401|2471, 77922035|2570, 77922087|2879, 77927310|3065, 77927698|3374, 77929895|3613, 77935427|3758, 77936225|4341, 77936277|4460, 77945653|4782, 77946041|5002, 77950770|5132, 77954892|5230, 78261848|5471, 78531063|5705, 78651633|5842, 78652608|5934, 78652828|6037, 78654422|6477, 78657601|6588, 78657937|6671, 78658734|6768, 78659018|6846, 78659130|6926, 78662608|7008, 78663711|7086, 78663815|7164, 78665783|7272, 78666602|7355, 78667347|7440, 78667607|9869, pyongyang, 
78671196|2427, 78671532|2543, 78671636|2638, 78672270|2777, 78672426|2892, 78677593|3044, 78678033|3378, 78678085|3588, 78683615|3763, 78683727|4264, 78686629|4346, 78687732|4441, 78688603|4639, 78689430|4756, 78692609|4837, 78692945|4925, 78693742|5018, 78693794|5104, 78694561|5371, 78694613|5457, 78695380|5631, 78695432|5731, 78696251|5820, 78697837|6318, 78698582|6426, 78712637|7616, 78712793|8159, 78716602|8406, 78730694|8648, 78756278|8853, 78756510|9064, 78763977|9344, 78949569|9624, 79128706|9809, 79252842|10059, 79253010|10207, 79253270|10597, empire+state+building, 
79253435|2373, 79256964|2485, 79257300|2575, 79257986|2691, 79258090|2948, 79263255|3173, 79263643|3355, 79263747|3476, 79269284|3769, 79272298|4117, 79272634|4229, 79272686|4323, 79273453|4503, 79273505|4583, 79275039|5034, 79275091|5125, 79275910|5221, 79276677|5658, 79278263|5754, 79278315|5855, 79279849|6339, 79280668|6445, 79281487|6536, 79284726|6622, 79285062|6719, 79285859|6814, 79285911|6906, 79286656|7032, 79300710|7655, 79300814|8114, 79300866|8288, 79300926|8439, 79304935|8643, 79344216|8845, 79352020|9425, 79771124|9738, 79840381|9920, 79840549|10091, 79840717|10246, 79840977|10644, empire+state+building, 
79844567|2386, 79844903|2505, 79845537|2620, 79850810|3014, 79851250|3284, 79851302|3391, 79858600|3798, 79861666|4296, 79863567|4453, 79866476|4556, 79867295|4726, 79876081|4885, 79993951|5106, 80080625|5336, 80152231|5490, 80153218|5821, 80154037|6098, 80154804|6413, 80158043|6536, 80158379|6629, 80159396|6730, 80160163|6841, 80160267|7368, 80161251|7555, 80161511|9812, wencelas+square+prague, 
80161571|2337, 80165100|2419, 80165436|2527, 80166122|2632, 80166338|2944, 80171781|3243, 80171885|3376, 80171937|3502, 80183347|4188, 80183787|4386, 80184606|4510, 80190111|4677, 80191110|4989, 80201921|5092, 80206979|5181, 80352805|5316, 80551122|5491, 80929610|5692, 81016352|5834, 81016688|5955, 81020862|6230, 81021995|6403, 81022215|6503, 81025007|6591, 81026141|6678, 81026960|6765, 81028760|6837, 81028812|6928, 81030514|7433, 81030774|9847, peking, 
81030834|2551, 81034365|2634, 81034701|2785, 81035567|2941, 81039149|3053, 81039589|3315, 81045132|3563, 81050672|4024, 81050776|4256, 81051418|4353, 81051582|4565, 81054536|4656, 81055036|4777, 81058993|4879, 81088087|5014, 81088139|5164, 81092940|5312, 81119436|5438, 81169324|5575, 81352719|5729, 81644839|5860, 81791892|6051, 81809244|6221, 81810261|6418, 81811248|6710, 81812015|6925, 81812834|7026, 81813631|7165, 81813683|7295, 81813787|7411, 81815537|7528, 81815797|9853, mirabell+gardens, 
81819387|2346, 81819775|2547, 81820409|2685, 81820513|2841, 81825730|3191, 81826222|3506, 81831766|3648, 81835280|3804, 81835392|4113, 81839764|4390, 81843464|4532, 81843904|4664, 81844723|4881, 81861597|5161, 81861649|5271, 81862648|5464, 81870934|5585, 81871658|5730, 82170702|5947, 82377502|6134, 82378437|6445, 82379256|6588, 82379308|7298, 82379360|7390, 82380345|7580, 82380605|9797, acropolis+of+athens, 
82380770|2328, 82384300|2436, 82384636|2531, 82385270|2662, 82385322|2866, 82390541|3148, 82391033|3441, 82400478|3825, 82404616|4457, 82405853|4598, 82409772|4744, 82423313|4862, 82423365|4965, 82440459|5374, 82441226|5481, 82449515|5598, 82466319|5708, 82612379|5871, 82766012|6012, 82865448|6155, 82866215|6241, 82866435|6346, 82867262|6658, 82870777|6763, 82871742|6889, 82872509|7007, 82872561|7197, 82873380|7395, 82873432|7528, 82877939|7886, 82878199|9747, eiffel+tower, 
82878259|2353, 82881788|2459, 82882124|2555, 82882810|2705, 82882966|2848, 82888464|3210, 82888620|3368, 82896938|3708, 82899952|4228, 82901211|4436, 82901263|4525, 82902218|4690, 82906229|4800, 82917199|4926, 82932310|5050, 82935825|5212, 82944426|5357, 83243812|5676, 83390489|5875, 83458592|6004, 83487150|6124, 83487917|6486, 83488714|6687, 83489481|6843, 83489541|7231, 83493072|7326, 83493408|7420, 83493460|7514, 83501841|8177, 83502101|9801, big+ben, 
83502161|2326, 83505692|2414, 83506028|2520, 83506714|2655, 83509662|2987, 83512375|3204, 83512531|3420, 83518072|3574, 83521977|3711, 83522037|4268, 83525327|4448, 83526362|4580, 83529541|4676, 83530786|4804, 83535564|4910, 83545531|5020, 83563420|5446, 83563472|5563, 83566376|5661, 83572430|5790, 83679057|5896, 83957883|6056, 83988238|6186, 83988634|6302, 83992149|6403, 83992946|6512, 83993911|6629, 83994015|7579, 83998522|7949, 83998782|9818, eiffel+tower, 
84002372|2380, 84002708|2502, 84003342|2583, 84003394|2859, 84008613|3109, 84009053|3378, 84009157|3527, 84017376|4086, 84020494|4345, 84022343|4530, 84024085|4738, 84030936|4971, 84031823|5224, 84039300|5340, 84175364|5501, 84442583|5677, 84624454|6047, 84625807|6193, 84626574|6506, 84626626|6593, 84626738|6688, 84630982|6791, 84632137|6869, 84633124|6945, 84634059|7067, 84634319|9919, cape+town, 
84637909|2575, 84638245|2700, 84638879|2850, 84638983|2976, 84644537|3362, 84644641|3519, 84652258|3742, 84652318|4218, 84655608|4402, 84655660|4533, 84655764|4696, 84661874|4904, 84662925|5244, 84688724|5403, 85122230|5651, 85343310|5912, 85343698|6024, 85344663|6118, 85346197|6618, 85347016|6718, 85347813|6805, 85351403|6925, 85351739|7013, 85351791|7094, 85352773|7172, 85352941|7261, 85353201|9931, singapore, 
85356791|2342, 85357127|2456, 85357813|2574, 85357917|2812, 85363133|2949, 85363469|3157, 85363521|3365, 85363625|3507, 85371940|3759, 85374954|4357, 85376192|4615, 85377011|4768, 85377778|5009, 85392480|5172, 85393535|5389, 85401280|5512, 85675448|5762, 85801744|5901, 85981611|6073, 86197910|6274, 86268530|6397, 86269547|6503, 86270366|7019, 86271185|7163, 86272012|7549, 86275593|7635, 86276674|7748, 86276726|7842, 86277880|8006, 86277956|8439, 86278016|8538, 86281414|8657, 86282555|8770, 86282815|9867, the+great+wall+of+china, 
86282875|2347, 86286405|2439, 86286741|2553, 86287427|2701, 86287479|2846, 86292699|3100, 86293139|3354, 86293191|3540, 86302319|3689, 86305489|4669, 86306013|4833, 86309687|4967, 86328921|5267, 86345872|5465, 86346759|5702, 86354159|5832, 86846038|6117, 86867988|6277, 86868975|6382, 86869794|6786, 86873800|7123, 86874933|7321, 86875153|7406, 86875257|7499, 86881179|8026, 86881998|8122, 86882795|8203, 86883055|9779, colosseum+rome, 
86883167|2332, 86886646|2472, 86887034|2558, 86887587|2675, 86887803|2968, 86892857|3209, 86893297|3402, 86893401|3528, 86904780|4387, 86905630|4571, 86907320|4730, 86907372|4892, 86914887|5293, 86914939|5420, 86923286|5645, 86952997|5791, 87134777|5915, 87402672|6110, 87507559|6308, 87508912|6465, 87509731|6736, 87510662|6823, 87514885|6914, 87515221|7003, 87515273|7073, 87516326|7150, 87516586|9873, cape+town, 
87516646|2334, 87520175|2408, 87520511|2594, 87521145|2753, 87521197|2896, 87526801|3278, 87526853|3402, 87526905|3525, 87532416|3780, 87535430|4292, 87535766|4384, 87535818|4471, 87536637|4756, 87537404|5014, 87537456|5110, 87538275|5377, 87539042|5470, 87542281|5554, 87542617|5638, 87543466|5737, 87545000|6319, 87545819|6419, 87546690|6600, 87547457|6972, 87547509|7052, 87554164|7367, 87561800|7515, 87561956|8023, 87565690|8340, 87579782|8521, 87605321|8661, 87605441|8971, 87819821|9423, 88101654|9872, 88101822|9995, 88102082|10507, empire+state+building, 
88102142|2286, 88105673|2390, 88106009|2498, 88106695|2601, 88110440|3055, 88112405|3297, 88112509|3479, 88121889|3827, 88121949|4152, 88125239|4288, 88125447|4452, 88126214|4576, 88130001|4726, 88131677|4840, 88152422|5020, 88169700|5242, 88169752|5344, 88178040|5607, 88178712|5764, 88418818|5954, 88693433|6157, 88693653|6266, 88694640|6548, 88696226|7184, 88697045|7393, 88697097|7515, 88697624|7964, 88701486|8063, 88701746|9915, colosseum+rome, 
88705336|2490, 88705724|2673, 88706462|2825, 88706574|2930, 88712119|3379, 88712171|3523, 88718937|3740, 88722055|4199, 88723904|4388, 88723964|4507, 88731432|4817, 88742564|4954, 88914799|5216, 89016238|5455, 89016458|5577, 89017423|5718, 89018242|6006, 89019061|6318, 89019880|6633, 89020625|6770, 89020729|7348, 89021712|7543, 89021972|9846, wencelas+square+prague, 
89022084|2299, 89025563|2383, 89025899|2473, 89026585|2576, 89026689|2802, 89031909|2954, 89032245|3214, 89032349|3378, 89032401|3554, 89040302|3874, 89040414|4312, 89043808|4494, 89043860|4579, 89044627|4693, 89048412|4830, 89061715|4997, 89077821|5229, 89130470|5371, 89138872|5555, 89362712|5799, 89496213|5926, 89497682|6084, 89497902|6237, 89499436|6689, 89499488|6791, 89500307|7143, 89501074|7316, 89501126|7411, 89505483|7548, 89505819|7623, 89505871|7711, 89506856|7799, 89507024|7897, 89507284|9755, burj+khalifa, 
89507344|2235, 89510874|2361, 89511844|2447, 89517450|3092, 89517554|3320, 89517658|3483, 89519772|3579, 89525306|3703, 89525462|4441, 89534338|4627, 89534726|4792, 89535493|4955, 89547652|5088, 89605739|5267, 89888848|5500, 89950040|5733, 89950428|5876, 89951962|6270, 89952949|6379, 89953001|6482, 89954535|6931, 89954587|7018, 89955414|7262, 89958997|7342, 89959333|7424, 89960152|7511, 89961187|7604, 89961954|7862, 89962122|7970, 89962382|9804, pyeongchang, 
89962442|2310, 89965972|2424, 89966308|2530, 89966412|2621, 89967046|2764, 89967098|2879, 89972313|3134, 89972701|3439, 89976600|3758, 89976652|3905, 89982262|4085, 89985552|4244, 89985656|4461, 89986527|4574, 89986587|4719, 89991416|4854, 90009495|4966, 90016604|5165, 90026506|5306, 90027273|5414, 90034793|5538, 90036232|5686, 90152864|5814, 90549449|6142, 90553132|6292, 90553184|6376, 90554149|6482, 90554946|6611, 90555713|7079, 90557381|7327, 90561775|7676, 90562035|9816, colosseum+rome, 
90562095|2239, 90565626|2342, 90565962|2436, 90566648|2565, 90566700|2807, 90572255|3180, 90572411|3382, 90577948|3653, 90583700|3802, 90584446|4247, 90587460|4402, 90587848|4580, 90587952|4673, 90588771|4810, 90591181|5277, 90596684|5601, 90624406|5748, 90625173|5946, 90625225|6035, 90625992|6216, 90626044|6344, 90626811|6504, 90626863|6583, 90627682|6905, 90628449|7185, 90628501|7263, 90629268|7509, 90629320|7583, 90630087|7833, 90630295|9835, big+ben, 
90630355|2245, 90633884|2369, 90634825|2562, 90640146|2991, 90640690|3516, 90646403|3657, 90647635|3772, 90650649|4400, 90651193|4509, 90654842|4751, 90655058|4854, 90663345|5042, 90747861|5324, 90826221|5491, 90943491|5665, 90943879|5802, 90944698|6140, 90945465|6374, 90945517|6474, 90946284|6684, 90946336|6796, 90947163|7039, 90950678|7249, 90951747|7357, 90951799|7448, 90953552|7647, 90953604|7742, 90954371|7947, 90954631|9725, wencelas+square+prague, 
90954691|2407, 90958220|2517, 90958556|2600, 90959190|2754, 90959242|2872, 90964459|3111, 90964899|3343, 90964951|3464, 90974986|4191, 90979247|4413, 90980104|4526, 90983446|4614, 90983558|4731, 90987568|4858, 90998302|4974, 90999121|5307, 91016113|5413, 91016165|5517, 91017052|5649, 91024451|5757, 91066663|5875, 91331462|6067, 91440932|6288, 91441845|6393, 91442065|6495, 91442832|6927, 91442884|7306, 91442936|7390, 91447446|7841, 91447706|9882, eiffel+tower, 
91447766|2357, 91451296|2442, 91451632|2539, 91452318|2638, 91452422|2973, 91458025|3368, 91458129|3511, 91463674|3751, 91465925|3918, 91469164|4315, 91470453|4506, 91477537|4686, 91498601|4916, 91500397|5074, 91507977|5264, 91617946|5407, 92084217|5687, 92085320|5832, 92086307|5938, 92087074|6023, 92087893|6134, 92087945|6222, 92088712|6600, 92089479|6751, 92089539|7248, 92093070|7390, 92093458|7502, 92094863|7692, 92095123|9832, taipei+101, 
92095235|2333, 92098713|2456, 92099049|2542, 92099735|2669, 92099891|2882, 92105057|3079, 92105549|3429, 92111093|3574, 92113713|3744, 92113765|4177, 92114443|4331, 92114547|4623, 92121706|4843, 92122094|4981, 92150378|5164, 92178570|5381, 92211413|5534, 92264895|5660, 92397976|5816, 92493443|5947, 92566707|6085, 92570054|6182, 92570390|6281, 92571187|6378, 92571407|6474, 92572226|6792, 92573023|6894, 92574557|7361, 92575436|7460, 92579018|7552, 92580099|7666, 92580151|7749, 92581135|7844, 92581303|7937, 92581563|9789, burj+khalifa, 
92581623|2355, 92585152|2433, 92585488|2546, 92586174|2655, 92586278|2903, 92591500|3244, 92592044|3616, 92600282|3820, 92600394|4181, 92604482|4421, 92605301|4578, 92605353|4659, 92609907|4797, 92610243|4916, 92638466|5068, 92645166|5253, 92692819|5388, 92703293|5579, 92906822|5807, 93023259|5907, 93055297|6077, 93058812|6176, 93059893|6273, 93060113|6373, 93060932|6470, 93061699|6572, 93063256|7597, 93065729|7698, 93065781|7805, 93066934|7985, 93067194|9969, burj+khalifa, 
93067254|2416, 93070784|2516, 93071172|2638, 93071806|2821, 93071910|2960, 93077128|3241, 93077516|3411, 93077568|3540, 93077620|3655, 93082897|3803, 93085111|4016, 93085451|4423, 93088741|4553, 93094246|4775, 93095065|4975, 93095832|5152, 93101468|5278, 93113055|5476, 93223385|5631, 93389308|5834, 93486022|5955, 93593969|6087, 93660969|6235, 93792350|6399, 93842206|6539, 93885190|6637, 93924060|6734, 93924228|6835, 93925215|6927, 93925982|7006, 93926034|7086, 93926801|7487, 93927568|7604, 93927828|9749, peking, 
93927888|2316, 93931419|2394, 93931755|2502, 93932441|2626, 93932493|2876, 93937711|3188, 93938099|3334, 93938203|3544, 93945900|3889, 93949139|4146, 93949527|4334, 93950376|4465, 93950560|4601, 93953850|4748, 93959906|4945, 93960949|5190, 93969037|5319, 94249140|5562, 94388668|5737, 94550149|5950, 94550980|6199, 94551136|6313, 94555552|6620, 94559067|6702, 94559507|6785, 94561355|6869, 94562889|7389, 94563109|7473, 94563876|7734, 94564673|7816, 94564933|9856, cape+town, 
94567725|2326, 94568858|2454, 94569544|2639, 94569760|2955, 94575202|3213, 94575254|3420, 94579161|3743, 94579265|3877, 94584809|4139, 94588384|4347, 94592351|4541, 94592687|4672, 94596472|4806, 94597575|4919, 94608309|5021, 94608361|5215, 94626673|5601, 94626725|5725, 94635012|5928, 94647744|6045, 94913831|6211, 95050726|6376, 95051701|6514, 95051921|6621, 95052688|6918, 95052740|7035, 95053559|7400, 95053663|7487, 95054430|7611, 95058940|7873, 95059200|9850, eiffel+tower, 
95059365|2386, 95062895|2500, 95063231|2593, 95063917|2691, 95064021|2857, 95069240|3074, 95069628|3365, 95069732|3561, 95077351|3835, 95077403|4561, 95077455|4690, 95087082|4940, 95088215|5082, 95096480|5212, 95103880|5363, 95389742|5604, 95599885|5761, 95675138|5872, 95795653|6005, 95796756|6108, 95796808|6202, 95798342|6666, 95798394|6766, 95799273|7005, 95803571|7088, 95803907|7165, 95804726|7248, 95805761|7330, 95806748|7688, 95807515|7931, 95807775|9915, pyongyang, 
95807827|1385, 95807887|2304, 95811417|2382, 95811753|2498, 95812330|2583, 95812439|2691, 95817759|3149, 95818303|3499, 95826447|3938, 95829461|4282, 95829953|4422, 95836008|4629, 95836775|4826, 95836947|4948, 95844354|5067, 96190451|5330, 96362023|5441, 96430179|5605, 96514784|5766, 96516027|5931, 96519206|6035, 96519542|6132, 96520559|6285, 96522145|6816, 96522890|7015, 96526532|7100, 96526868|7254, 96528671|7368, 96528839|7464, 96529099|9831, singapore, 
96529159|2446, 96532690|2537, 96533026|2628, 96533712|2721, 96538979|3242, 96539471|3544, 96547124|3710, 96547176|4283, 96547818|4408, 96550936|4624, 96557161|4836, 96557928|5032, 96565449|5144, 96570616|5278, 96889015|5591, 96971436|5836, 96972160|5954, 96973125|6058, 96973962|6157, 96974781|6686, 96975600|7008, 96975712|7159, 96979957|7246, 96980345|7321, 96980397|7394, 96982145|7498, 96983132|7613, 96983392|9864, pyeongchang, 
96983452|2384, 96986983|2544, 96987319|2631, 96988005|2764, 96993719|3242, 96993823|3539, 96999361|3850, 97005638|3977, 97008652|4355, 97008988|4456, 97009040|4595, 97009963|4749, 97010015|4847, 97010842|5068, 97014021|5189, 97017158|5376, 97017210|5527, 97018029|5870, 97018796|6127, 97018848|6204, 97019615|6452, 97019667|6539, 97020434|6733, 97020486|6822, 97021305|7116, 97022050|7215, 97022847|7313, 97023055|9833, big+ben, 
97023115|2454, 97026646|2541, 97026982|2641, 97027668|2788, 97027884|2928, 97032987|3128, 97033479|3470, 97042226|3680, 97042900|3797, 97046250|4226, 97046354|4417, 97047971|4565, 97048083|4767, 97052861|4875, 97065961|4969, 97082096|5176, 97089854|5331, 97117043|5453, 97214219|5588, 97375786|5813, 97515965|5951, 97610345|6060, 97721973|6183, 97804607|6359, 97805594|6495, 97806361|6675, 97807180|6836, 97807232|7352, 97807284|7441, 97808265|7528, 97808525|10359, mirabell+gardens, 
97808585|2440, 97812115|2558, 97812451|2649, 97813085|2743, 97813137|2904, 97818355|3113, 97818743|3328, 97818847|3448, 97824380|3684, 97826596|3793, 97827506|4387, 97830796|4519, 97836276|4675, 97837095|4889, 97837215|5046, 97845392|5138, 97849647|5231, 97989722|5475, 98153590|5682, 98240690|5794, 98404937|5960, 98623597|6157, 98659957|6313, 98660776|6610, 98661647|6696, 98665931|6783, 98666371|6875, 98667116|6965, 98668081|7066, 98668848|7143, 98668888|9162, 98669148|9896, peking, 
98669260|3251, 98673074|3373, 98673760|3458, 98673976|3808, 98679081|4061, 98679521|4277, 98679573|4403, 98687812|4666, 98687864|5088, 98691931|5366, 98691983|5474, 98692810|5612, 98696872|5753, 98709070|5846, 98725183|6063, 98733223|6186, 98787000|6386, 98958774|6674, 99073225|6796, 99144730|6934, 99146083|7057, 99146828|7156, 99146880|7248, 99147699|7626, 99148518|7949, 99149337|8075, 99149397|8187, 99153695|8276, 99154083|8400, 99155069|8484, 99155237|8580, 99155497|10824, burj+khalifa, 
99155557|2350, 99159087|2455, 99159423|2565, 99160109|2710, 99160265|2883, 99165434|3091, 99165770|3336, 99165874|3450, 99165926|3630, 99173884|3975, 99173996|4474, 99177286|4653, 99177390|4754, 99183510|4944, 99187201|5123, 99199382|5284, 99404266|5512, 99544864|5663, 99717136|5853, 99865132|6014, 99866287|6136, 99867118|6536, 99868101|6664, 99871616|6807, 99872413|6934, 99873348|7082, 99876937|7550, 99877273|7624, 99877325|7707, 99878309|7789, 99878477|7907, 99878737|11285, singapore, 
99878849|2410, 99882326|2519, 99883348|2630, 99883504|2772, 99886532|2889, 99889057|3247, 99889109|3420, 99889161|3554, 99895042|4044, 99898056|4256, 99898392|4408, 99900030|4514, 99900082|4695, 99900901|4950, 99901728|5041, 99904907|5129, 99905243|5212, 99906040|5289, 99906092|5387, 99906889|5475, 99907708|5956, 99908475|6234, 99908527|6325, 99909294|6530, 99910641|6634, 99923690|6831, 99923794|7182, 99923846|7298, 99923906|7418, 99927915|7566, 99934667|7709, 99941712|7859, 99967225|7957, 99974693|8397, 100081225|8673, 100393019|8842, 100463384|9006, 100463720|9169, 100463980|10123, empire+state+building, 
100464040|2286, 100467570|2389, 100467906|2486, 100468540|2598, 100468592|2837, 100473809|3083, 100474197|3310, 100474301|3440, 100481777|3919, 100484895|4450, 100491145|4690, 100491912|4834, 100499499|4967, 100543907|5193, 100768829|5388, 100885432|5542, 100905709|5762, 100907032|5902, 100907799|6335, 100908618|6435, 100909437|6742, 100910264|7015, 100913907|7095, 100917706|7175, 100917758|7259, 100919874|7362, 100920641|7648, 100920693|7732, 100921460|8016, 100921720|9779, pyeongchang, 
100925310|2304, 100925698|2519, 100926332|2614, 100926436|2851, 100931938|3180, 100932146|3393, 100937649|3654, 100939864|3897, 100939924|4159, 100944116|4423, 100953551|4778, 100954684|4943, 100958581|5065, 100966465|5177, 101549748|5515, 101750194|5676, 101776753|5801, 101776973|5908, 101777960|6285, 101778779|6576, 101779546|6902, 101782785|6984, 101783121|7066, 101783173|7146, 101784138|7232, 101784905|7491, 101785165|9859, peking, 
101787957|2312, 101788755|2438, 101789725|2526, 101789777|2801, 101791467|2935, 101795384|3179, 101795540|3458, 101804212|3910, 101808464|4526, 101815586|4670, 101815638|4825, 101827514|5172, 101968028|5347, 102208126|5493, 102364195|5626, 102520371|5807, 102520539|5916, 102521534|6011, 102524713|6138, 102525846|6257, 102526066|6384, 102526833|6680, 102526885|6768, 102527682|6877, 102532091|7332, 102532427|7413, 102532479|7498, 102534279|7620, 102534539|9838, pyongyang, 
102534599|2336, 102538128|2434, 102538464|2552, 102539098|2697, 102539262|2928, 102544370|3212, 102544758|3424, 102544862|3579, 102550572|3684, 102553350|3954, 102556364|4376, 102556856|4592, 102576306|5165, 102577439|5353, 102577491|5462, 102584960|5579, 102633064|5735, 102980460|5908, 103300147|6087, 103422012|6201, 103448912|6315, 103450067|6425, 103451653|6941, 103452472|7273, 103453329|7386, 103456859|7503, 103457195|7595, 103458014|7675, 103458833|7753, 103459988|7877, 103460248|9852, the+great+wall+of+china, 
103460308|2310, 103463837|2403, 103464173|2520, 103464859|2647, 103465015|2929, 103470570|3411, 103470674|3510, 103480065|4060, 103483692|4265, 103488637|4556, 103489480|4669, 103493980|4781, 103497815|4878, 103524348|4996, 103524476|5168, 103532928|5336, 103557711|5437, 103836403|5586, 104166028|5866, 104167015|5995, 104242064|6192, 104243059|6335, 104246574|6482, 104247539|6681, 104247591|7409, 104247643|7494, 104248169|7663, 104248626|7748, 104248886|9836, mirabell+gardens, 
104248998|2418, 104252476|2532, 104252812|2617, 104253498|2752, 104258766|3055, 104259154|3271, 104259258|3561, 104265311|4031, 104265423|4218, 104268886|4318, 104269683|4416, 104272475|4505, 104273033|4595, 104273085|4689, 104273904|4959, 104274671|5250, 104274723|5337, 104275542|5611, 104276309|5710, 104276361|5812, 104277895|6185, 104277947|6287, 104278766|6390, 104279533|6823, 104280352|6913, 104281119|7185, 104294695|7297, 104295462|7446, 104295618|7827, 104295694|7937, 104299428|8116, 104313518|8341, 104339055|8834, 104360258|9280, 104826489|9722, 104835447|9886, 104835551|10007, 104835811|10452, empire+state+building, 
104835871|3661, 104839401|3740, 104839737|3894, 104840371|3983, 104840535|4356, 104846029|4640, 104846081|4801, 104846185|4910, 104851720|5112, 104853934|5235, 104854202|5702, 104858186|5887, 104858238|6031, 104864456|6208, 104865343|6573, 104877099|6719, 105237226|6994, 105471393|7130, 105665570|7277, 105687290|7398, 105688329|7520, 105689156|7996, 105693615|8080, 105697130|8160, 105698553|8252, 105699686|8362, 105700431|8451, 105700483|8529, 105701250|8945, 105701510|12369, peking, 
105701570|2322, 105705099|2401, 105705435|2519, 105706069|2631, 105711341|3200, 105711677|3372, 105711833|3534, 105717374|3641, 105719448|3913, 105719508|4159, 105722462|4314, 105723773|4505, 105729712|4624, 105732696|4831, 105740216|4993, 105743628|5115, 106157557|5553, 106158324|5752, 106161731|5874, 106162067|5972, 106162864|6071, 106163829|6173, 106164648|6280, 106164700|6395, 106166286|6860, 106167053|7070, 106170642|7591, 106170978|7679, 106171030|7753, 106174322|8078, 106174490|8191, 106174750|9762, sydney+harbour, 
106174862|2345, 106178341|2439, 106178677|2526, 106179363|2623, 106179527|2991, 106185017|3338, 106185121|3618, 106189065|3749, 106194603|3859, 106198855|4523, 106199674|4635, 106199734|4749, 106204275|4900, 106235697|5119, 106236882|5357, 106237873|5583, 106245839|5703, 106410086|5855, 106679391|6014, 106680356|6144, 106680576|6240, 106681395|6443, 106682162|6545, 106682929|6658, 106683041|7501, 106686519|7586, 106686855|7663, 106686907|7754, 106687892|7848, 106688060|7944, 106688320|9812, petronas+towers, 
106688380|2325, 106691910|2444, 106692298|2546, 106692932|2662, 106693036|2869, 106698256|3173, 106698748|3440, 106698800|3572, 106704680|3939, 106710573|4426, 106711707|4555, 106716101|4818, 106716898|4974, 106732408|5183, 106733295|5481, 106740755|5596, 106749121|5713, 107033016|5869, 107268856|6028, 107415683|6135, 107604649|6262, 107604817|6365, 107605740|6474, 107605852|6568, 107609315|6682, 107610176|6788, 107610332|6890, 107611099|7116, 107611151|7221, 107615507|7471, 107615843|7596, 107615895|7675, 107616880|7750, 107617048|7839, 107617308|9786, the+great+wall+of+china, 
107617368|2322, 107620899|2451, 107621235|2545, 107621869|2654, 107621921|2774, 107622033|2908, 107627578|3272, 107627682|3405, 107639493|3845, 107642507|4223, 107643693|4368, 107644564|4597, 107644616|4693, 107647362|5055, 107648181|5177, 107648948|5372, 107649000|5480, 107649767|5695, 107649819|5795, 107650586|6039, 107653825|6121, 107654161|6220, 107654958|6329, 107655010|6401, 107655777|6637, 107655829|6733, 107656648|7003, 107657393|7101, 107658212|7186, 107658420|9779, big+ben, 
107662010|2384, 107662346|2494, 107662398|2582, 107663032|2732, 107663136|2864, 107668737|3325, 107668841|3564, 107675079|4031, 107675263|4297, 107678217|4390, 107678553|4479, 107678605|4575, 107679372|4871, 107680191|4963, 107680243|5142, 107681010|5487, 107682596|5587, 107682648|5680, 107683415|6124, 107683527|6227, 107686654|6320, 107687042|6414, 107687839|6511, 107702234|6616, 107703001|6908, 107703798|7003, 107704006|7145, 107708507|7503, 107722598|7712, 107748128|7812, 107748248|8057, 107755597|8345, 107984069|8601, 108244292|8805, 108244628|9213, 108244680|9943, 108244732|10207, 108244992|10356, 108251924|10633, empire+state+building, 
108255515|2356, 108255903|2555, 108256537|2673, 108256693|2894, 108261859|3098, 108262299|3328, 108262351|3466, 108271729|4098, 108274743|4249, 108275183|4425, 108276002|4635, 108276054|4866, 108292368|5269, 108293363|5518, 108300830|5634, 108393379|5806, 108627931|5933, 108828931|6075, 109013614|6189, 109141846|6388, 109165713|6523, 109166480|6630, 109169719|6729, 109170055|6846, 109170852|6959, 109171817|7074, 109172636|7170, 109176225|7292, 109176561|7384, 109176613|7473, 109177599|7553, 109177767|7652, 109178027|9842, the+great+wall+of+china, 
109178192|2350, 109181723|2447, 109182693|2662, 109187960|2992, 109188348|3358, 109188452|3496, 109193978|3643, 109196350|3819, 109197802|4272, 109200675|4493, 109204461|4662, 109215255|4920, 109232058|5095, 109243588|5220, 109440433|5442, 109615493|5562, 109781255|5745, 109781591|5853, 109860642|5962, 109861805|6062, 109865320|6192, 109866181|6320, 109866337|6420, 109867871|6879, 109867923|6970, 109868780|7068, 109873054|7180, 109873390|7266, 109873442|7345, 109874427|7426, 109874595|7521, 109874855|9809, mt.+everest, 
109877647|2358, 109878446|2472, 109878782|2552, 109879468|2687, 109879572|2831, 109885174|3216, 109885226|3432, 109885278|3527, 109890813|3633, 109893182|3766, 109893242|4231, 109896636|4436, 109901189|4646, 109911687|4871, 109928111|5035, 109991391|5173, 110425603|5468, 110484635|5605, 110545861|5724, 110546081|5825, 110546848|6117, 110546900|6231, 110547667|6498, 110548486|6604, 110551725|6732, 110552061|6849, 110553078|6951, 110553957|7048, 110558231|7147, 110558567|7257, 110558619|7338, 110559603|7432, 110559771|7519, 110560031|9746, mt.+everest, 
110560091|2294, 110563620|2383, 110563956|2502, 110564561|2590, 110564665|2859, 110569879|3119, 110570371|3411, 110578674|3812, 110580230|4303, 110583151|4550, 110586910|4682, 110587246|4859, 110587298|5098, 110604064|5375, 110604883|5513, 110604943|5613, 110613119|5717, 110675197|5858, 110990433|6000, 111362687|6143, 111452878|6258, 111477098|6385, 111478033|6496, 111478253|6592, 111479020|6906, 111479072|7019, 111479839|7223, 111479943|7468, 111480469|7636, 111480929|7736, 111481189|9817, the+great+wall+of+china, 
111481249|2240, 111484779|2377, 111485115|2472, 111485219|2570, 111485853|2702, 111485957|2839, 111491126|3067, 111491618|3339, 111499262|3670, 111499374|4155, 111504484|4383, 111513670|4602, 111513722|4791, 111522010|4956, 111524271|5056, 111788132|5258, 111923995|5413, 111925947|5696, 111927701|6185, 111928468|6466, 111928520|6556, 111929287|6766, 111929339|6854, 111930106|7072, 111931610|7148, 111934829|7251, 111934881|7352, 111935914|7439, 111936174|9887, pyeongchang, 
111936234|2416, 111939764|2530, 111940100|2620, 111940734|2763, 111940786|2920, 111946004|3063, 111946496|3421, 111946548|3572, 111952049|3783, 111954420|3985, 111958180|4402, 111958672|4589, 111963225|4792, 111989002|5001, 111990648|5151, 112002896|5298, 112349790|5588, 112562227|5847, 112624608|6013, 112625583|6115, 112626402|6219, 112626454|6327, 112627273|6710, 112628040|7133, 112628100|7378, 112631631|7462, 112631967|7537, 112632019|7630, 112633171|7725, 112633211|7822, 112633471|9855, mt.+everest, 
112637062|2438, 112637398|2561, 112638084|2669, 112638300|3020, 112643403|3293, 112643895|3536, 112652392|4228, 112655406|4394, 112655846|4499, 112656777|4756, 112661270|4889, 112673804|4992, 112747086|5146, 112754546|5571, 113058826|5835, 113110014|6023, 113113193|6132, 113113529|6225, 113114494|6330, 113114546|6432, 113116132|6919, 113116899|7189, 113116959|7499, 113120489|7598, 113120877|7691, 113121863|7858, 113122031|7946, 113122291|9861, burj+khalifa, 
113122351|2311, 113125882|2385, 113126218|2502, 113126852|2609, 113126904|2840, 113132120|3047, 113132508|3358, 113132612|3581, 113140303|3741, 113143878|4370, 113144779|4513, 113147845|4689, 113148181|4802, 113148233|4908, 113155004|5111, 113155056|5322, 113155943|5436, 113163515|5548, 113289135|5703, 113739980|5907, 113745196|6086, 113746351|6197, 113747885|6675, 113750737|6761, 113755051|6847, 113755439|6922, 113757339|7012, 113758274|7343, 113758326|7418, 113759093|7662, 113759145|9733, 113759353|9874, cape+town, 
113762944|2411, 113763280|2536, 113763966|2625, 113764070|2890, 113769291|3056, 113769679|3360, 113769731|3526, 113769783|3664, 113777416|3770, 113780208|4276, 113781668|4486, 113788792|4720, 113792427|4891, 113805008|5077, 114414006|5415, 114497055|5627, 114498042|5775, 114498210|5889, 114499185|6093, 114500771|6599, 114501598|6705, 114504777|6826, 114505113|6911, 114506130|7000, 114506897|7107, 114508349|7197, 114510823|7283, 114510875|7358, 114511858|7430, 114512026|7528, 114512286|9859, pyongyang, 
114512398|2334, 114515876|2428, 114516212|2546, 114516898|2647, 114517054|2894, 114522664|3307, 114522716|3461, 114531776|3742, 114534790|4278, 114535924|4451, 114536795|4608, 114536847|4705, 114537666|5066, 114555362|5427, 114555414|5552, 114563942|5738, 114568129|5896, 115009453|6138, 115073178|6290, 115073945|6413, 115074932|6536, 115075751|6623, 115075855|7490, 115076841|7920, 115076893|9785, 115077101|9885, acropolis+of+athens, 
115077213|2355, 115081027|2510, 115081713|2604, 115087374|3192, 115087478|3476, 115089594|3602, 115095132|3722, 115095184|4331, 115095930|4483, 115104780|4682, 115105168|4806, 115113403|4936, 115227596|5173, 115455815|5507, 115519923|5714, 115520836|5847, 115521056|5950, 115521801|6049, 115521853|6145, 115522620|6452, 115522672|6546, 115523491|6642, 115525025|7123, 115525844|7203, 115525956|7280, 115529486|7362, 115529822|7446, 115530641|7529, 115531674|7618, 115532441|8085, 115532609|8180, 115532869|9918, pyeongchang, 
115536460|2364, 115536796|2486, 115537482|2579, 115537698|2991, 115543195|3334, 115543247|3501, 115543299|3636, 115552132|4244, 115555638|4653, 115555802|4788, 115560191|4932, 115569657|5102, 115585658|5274, 115592184|5401, 115613489|5577, 115873463|5723, 116109028|5863, 116170406|6019, 116170742|6131, 116171729|6224, 116172496|6604, 116173293|6699, 116173345|6794, 116178805|7464, 116178857|7568, 116180094|7660, 116180262|7804, 116180522|9804, taipei+101, 
116180634|2336, 116184112|2454, 116184448|2540, 116185134|2646, 116185238|2848, 116190795|3177, 116190899|3408, 116192131|3609, 116197645|3968, 116200867|4307, 116204754|4561, 116209419|4705, 116217117|4838, 116494147|5273, 116495134|5584, 116496668|6105, 116496720|6203, 116498254|6723, 116498306|6827, 116499073|7224, 116499996|7334, 116500108|7425, 116504219|7529, 116504607|7625, 116505520|7718, 116505572|7803, 116506339|7983, 116506599|10335, wencelas+square+prague, 
116510189|2248, 116510525|2371, 116511211|2464, 116511263|2687, 116514905|2812, 116516975|3227, 116527458|3759, 116528316|4235, 116531606|4406, 116531658|4491, 116532537|4590, 116536262|4707, 116536598|4795, 116547373|4898, 116548192|5033, 116561547|5340, 116568421|5460, 116569614|5563, 116577074|5684, 116580426|5778, 116901504|5946, 116992730|6124, 116993549|6261, 116994682|6369, 116995449|6564, 116995501|6672, 116996268|6905, 116997065|7047, 116997117|7290, 116997169|7392, 117001677|7919, 117001937|9741, eiffel+tower, 
117005528|2441, 117005864|2568, 117006550|2650, 117006706|2933, 117011874|3115, 117012314|3464, 117012418|3586, 117021285|3788, 117021345|4260, 117024947|4515, 117026356|4677, 117026408|4799, 117027175|5039, 117046860|5297, 117047709|5430, 117048061|5574, 117056228|5718, 117213680|5935, 117479767|6175, 117561893|6344, 117561945|6466, 117563699|6968, 117564622|7493, 117566376|7952, 117566636|9825, acropolis+of+athens, 
117566696|2318, 117570227|2430, 117570563|2521, 117571249|2655, 117571413|2935, 117576959|3167, 117580944|3543, 117586488|3702, 117586540|4234, 117587234|4356, 117587338|4490, 117587398|4592, 117591101|4764, 117595855|4884, 117625108|5027, 117632103|5263, 117640995|5398, 117750311|5527, 118056065|5708, 118271025|5944, 118271960|6164, 118347203|6292, 118348737|6758, 118348957|6859, 118349724|7121, 118350595|7260, 118351466|7395, 118352450|7586, 118352710|9854, mirabell+gardens, 
118352770|2316, 118356300|2433, 118356688|2563, 118357322|2664, 118357426|2809, 118362594|2962, 118363138|3319, 118370568|3737, 118373911|4224, 118375097|4378, 118385214|4587, 118385602|4725, 118443768|5088, 118897898|5414, 119090254|5594, 119090422|5729, 119091585|5831, 119094764|5929, 119095152|6055, 119096117|6178, 119096936|6600, 119097703|6843, 119097755|6955, 119098582|7133, 119102164|7226, 119102500|7322, 119102552|7406, 119104470|7514, 119104730|9741, pyongyang, 
119104842|2343, 119108319|2425, 119108655|2552, 119109341|2663, 119109505|2986, 119115052|3279, 119116388|3940, 119124761|4179, 119125947|4480, 119125999|4605, 119126766|4746, 119129678|4840, 119129790|4959, 119138896|5109, 119204770|5242, 119371939|5600, 119420104|5802, 119421069|5971, 119421289|6181, 119422108|6525, 119422905|6632, 119423672|7135, 119423724|7315, 119424491|7431, 119424543|7574, 119424595|7670, 119425580|7769, 119425840|9874, wencelas+square+prague, 
119425952|2311, 119429430|2414, 119430452|2512, 119434146|2960, 119436158|3226, 119436210|3343, 119441747|3490, 119441848|3982, 119443300|4078, 119445423|4194, 119446280|4313, 119449234|4403, 119449570|4496, 119450389|4575, 119451186|4662, 119452005|4747, 119452057|4845, 119453591|5397, 119454410|5491, 119455229|5592, 119455281|5680, 119456100|6044, 119456919|6410, 119457686|6551, 119471209|7019, 119471365|7541, 119471441|7645, 119475175|7760, 119489266|8021, 119514804|8133, 119522506|8560, 119522842|8728, 120011199|9076, 120011367|9377, 120011535|9520, 120011795|10253, empire+state+building, 
120011855|2395, 120015384|2525, 120015720|2638, 120016406|2806, 120021723|3092, 120022111|3269, 120022215|3463, 120029907|3845, 120033257|4260, 120034180|4416, 120034232|4544, 120034999|4769, 120041054|4985, 120041821|5120, 120042105|5229, 120049692|5354, 120100597|5490, 120540493|5768, 120634382|5974, 120635851|6102, 120636135|6205, 120637669|6662, 120637721|6744, 120638488|6993, 120639285|7077, 120640104|7162, 120640364|9856, cape+town, 
120640529|2346, 120644059|2428, 120644395|2536, 120645081|2655, 120645185|2901, 120650791|3195, 120650843|3329, 120650947|3454, 120659808|4174, 120663836|4399, 120663992|4531, 120671022|4946, 120674597|5218, 120682862|5347, 120687177|5478, 121297833|5809, 121369066|5999, 121497297|6149, 121497725|6325, 121499475|6804, 121503057|6889, 121503393|6965, 121504212|7049, 121505473|7142, 121508976|7230, 121509773|7319, 121510760|7429, 121511020|9754, peking, 
121511080|2300, 121514611|2392, 121514947|2507, 121515581|2601, 121515633|2904, 121521292|3334, 121521344|3500, 121524100|3617, 121529441|3742, 121529493|4345, 121530291|4496, 121530351|4597, 121537375|4776, 121537763|4881, 121565971|5053, 121622246|5309, 121630458|5480, 121675557|5606, 121769602|5785, 121985479|5943, 121986802|6066, 121987569|6359, 121987621|6445, 121988448|6721, 121991627|6824, 121991963|6912, 121993020|7087, 121993839|7322, 121995291|7490, 121997766|7583, 121998585|7719, 121999570|7878, 121999738|7966, 121999998|9845, burj+khalifa, 
122000058|2381, 122003588|2515, 122003924|2624, 122004610|2772, 122004878|2961, 122010321|3186, 122010425|3422, 122013046|3596, 122018394|3741, 122019244|4276, 122022442|4557, 122026789|4741, 122054327|4917, 122067206|5087, 122107914|5230, 122146960|5405, 122267270|5555, 122470232|5721, 122470400|5816, 122471335|5917, 122472827|6015, 122474950|6152, 122475747|6269, 122476734|6355, 122476786|6460, 122477553|6879, 122479169|7077, 122483577|7357, 122483913|7448, 122483965|7538, 122485689|7651, 122485949|9879, burj+khalifa, 
122486061|2350, 122489876|2502, 122490562|2588, 122495833|3172, 122496221|3303, 122496273|3440, 122496325|3537, 122505497|3766, 122505557|4258, 122509003|4445, 122509055|4626, 122509882|4773, 122513608|4917, 122530275|5106, 122539065|5284, 122540056|5439, 122547351|5558, 122585543|5645, 122886634|5834, 123111672|6015, 123214886|6152, 123215851|6263, 123216071|6354, 123216890|6458, 123217687|6562, 123218454|6954, 123219273|7140, 123219325|7234, 123223682|7534, 123224018|7618, 123224070|7700, 123225224|7874, 123225484|9845, pyramids+of+giza, 
123225544|2303, 123229073|2402, 123229409|2492, 123230043|2574, 123230095|2760, 123231785|2887, 123235755|3320, 123235807|3448, 123241351|3664, 123243504|4004, 123246847|4263, 123247877|4425, 123251740|4636, 123252128|4736, 123258108|4892, 123258927|5036, 123266394|5160, 123302008|5291, 123580040|5431, 123848782|5607, 123848834|5740, 123849002|5874, 123850912|5989, 123854151|6135, 123854487|6240, 123855296|6335, 123855452|6420, 123856986|6883, 123857246|9827, cape+town, 
123860835|2542, 123861873|2797, 123861925|2966, 123867130|3209, 123867518|3375, 123867622|3514, 123875269|3844, 123878844|4254, 123879805|4446, 123883147|4571, 123883914|4709, 123889152|4818, 123889919|4967, 123890974|5075, 123899196|5161, 123900032|5250, 124290727|5475, 124294467|5601, 124380773|5771, 124382747|5924, 124382915|6092, 124383027|6634, 124386504|6714, 124386840|6785, 124386892|6863, 124388274|6945, 124388326|9825, 124388534|9919, toronto+canada, 
124388594|2342, 124392123|2487, 124392459|2586, 124393145|2699, 124393309|2976, 124398854|3455, 124401074|3561, 124406577|3790, 124406733|4505, 124416166|4901, 124420269|5094, 124431654|5270, 124664859|5494, 124793665|5644, 124831073|5769, 124832060|5871, 124832879|5966, 124835671|6084, 124836454|6191, 124837251|6288, 124837303|6377, 124839057|6516, 124839109|6628, 124840040|6869, 124843519|6953, 124843855|7030, 124844674|7111, 124845707|7205, 124846694|7463, 124847461|7772, 124847721|9756, pyeongchang, 
124847781|2344, 124851311|2516, 124851647|2610, 124852281|2736, 124852333|2958, 124857941|3285, 124858045|3517, 124867087|3663, 124870437|4356, 124870593|4535, 124871360|4636, 124871420|4760, 124874599|4856, 124875732|4989, 124892707|5229, 124901761|5691, 124902433|5806, 125210112|6016, 125407427|6159, 125408246|6296, 125408466|6398, 125409233|6591, 125410052|6710, 125410156|7514, 125411669|7927, 125411929|9803, acropolis+of+athens, 
125411989|2334, 125415520|2436, 125415856|2572, 125416542|2671, 125416646|2948, 125422198|3289, 125422302|3428, 125430483|4188, 125434371|4404, 125434811|4530, 125435668|4645, 125438622|4759, 125444187|4930, 125452474|5201, 125490237|5345, 125846485|5609, 125898560|5783, 125933464|5924, 125934451|6025, 125935278|6138, 125938457|6247, 125938793|6346, 125939810|6462, 125940577|6783, 125940629|6902, 125941396|7106, 125944986|7231, 125945322|7307, 125945374|7384, 125946590|7462, 125946758|7545, 125947018|9900, toronto+canada, 
125950608|2385, 125950944|2497, 125951630|2630, 125955325|2990, 125957446|3332, 125964912|3783, 125967926|4216, 125968470|4381, 125975094|4532, 125975965|4736, 125976085|4920, 125984414|5035, 126240048|5228, 126310577|5427, 126391378|5638, 126392753|5790, 126392817|5890, 126393636|6100, 126395222|6602, 126395989|6741, 126396049|7036, 126399579|7138, 126399915|7221, 126399967|7304, 126401115|7397, 126401375|9776, pyeongchang, 
126401487|2372, 126405986|2615, 126406038|2863, 126411254|3089, 126411798|3503, 126417172|3674, 126419542|3824, 126419594|4520, 126419646|4710, 126426730|4936, 126452579|5117, 126464229|5393, 126718145|5633, 127013666|5837, 127086392|5965, 127086924|6074, 127088510|6503, 127089329|6828, 127090148|7147, 127090208|7341, 127094558|7431, 127095661|7511, 127095765|7592, 127096749|7680, 127097516|7880, 127097684|7993, 127097944|9788, mt.+everest, 
127101534|2482, 127102447|2575, 127102556|2693, 127102660|2843, 127107881|3033, 127108321|3419, 127108373|3547, 127117740|3742, 127117852|4324, 127121194|4493, 127121298|4570, 127121374|4652, 127125927|4802, 127127142|5116, 127151597|5249, 127165658|5403, 127165710|5561, 127173177|5672, 127175413|5827, 127368425|5975, 127688570|6133, 127688622|6282, 127688790|6389, 127689777|6491, 127690544|6909, 127690596|7025, 127691415|7290, 127691519|7466, 127692286|7602, 127696679|7845, 127696939|9859, colosseum+rome, 
127696999|2319, 127700529|2446, 127701499|2556, 127701551|2921, 127707159|3236, 127707263|3561, 127716773|4218, 127721576|4475, 127724919|4582, 127725315|4691, 127729786|4828, 127730174|4927, 127740897|5042, 127740949|5262, 127757992|5518, 127758044|5607, 127766278|5796, 127766666|5907, 128119476|6094, 128182108|6257, 128182212|6352, 128183147|6463, 128186386|6569, 128187519|6669, 128187739|6772, 128187779|6874, 128189365|7141, 128189469|7475, 128193979|8053, 128194239|9820, eiffel+tower, 
128194299|2368, 128198166|2516, 128198852|2625, 128198904|2850, 128204122|3012, 128204562|3398, 128204614|3581, 128212086|3982, 128217308|4476, 128220658|4710, 128226689|4885, 128235037|5196, 128287874|5310, 128630554|5634, 128716432|5835, 128717691|6027, 128718510|6373, 128722100|6555, 128723255|6651, 128724074|6732, 128725456|6861, 128725716|9826, toronto+canada, 
128725776|3525, 128729643|3697, 128730329|3789, 128735600|4199, 128736040|4513, 128736092|4643, 128736144|4788, 128743756|4977, 128746874|5423, 128748775|5598, 128756917|5765, 128757736|5921, 128757856|6056, 128767238|6220, 129004307|6427, 129186551|6698, 129186951|6836, 129188020|6957, 129188787|7246, 129189584|7349, 129189636|7446, 129191170|7877, 129191222|7973, 129191989|8181, 129192808|8346, 129192868|8640, 129196397|8734, 129196733|8826, 129196785|8909, 129199998|9150, 129200050|9229, 129200310|11422, sydney+harbour, 
129200370|2327, 129203900|2415, 129204236|2511, 129204870|2625, 129204922|2854, 129210139|3014, 129210631|3418, 129216160|3609, 129220002|3728, 129224098|4373, 129224969|4506, 129225021|4610, 129229574|4767, 129229910|4880, 129248754|5030, 129257776|5166, 129265918|5408, 129274705|5603, 129659844|5810, 129791363|6014, 129791583|6173, 129792350|6388, 129793315|6498, 129793367|6600, 129794901|7092, 129794953|7293, 129795005|7384, 129799398|7642, 129799658|9911, colosseum+rome, 
129799718|2449, 129803248|2598, 129803584|2693, 129804270|2793, 129809595|3222, 129809983|3470, 129810087|3595, 129820532|4167, 129823934|4501, 129825447|4632, 129826318|4734, 129826422|4811, 129826534|4951, 129830982|5098, 129834497|5208, 129853707|5319, 129853759|5423, 129869923|5591, 129870742|5782, 129870966|5927, 129880446|6101, 130220858|6273, 130393655|6414, 130394590|6640, 130394810|6739, 130395555|6863, 130395659|7669, 130400053|8159, 130400313|9870, colosseum+rome, 
130403902|2402, 130404238|2596, 130404924|2734, 130405080|2896, 130406771|2998, 130410636|3255, 130410688|3400, 130410740|3554, 130419646|3849, 130419758|4167, 130422996|4305, 130423204|4441, 130424159|4697, 130453280|4872, 130454107|5118, 130465090|5341, 130466611|5494, 130632831|5605, 130966913|5795, 131090279|5975, 131129950|6113, 131130885|6212, 131130937|6311, 131132523|6736, 131133290|6843, 131133342|6960, 131134109|7307, 131137698|7450, 131138034|7537, 131138086|7614, 131139239|7705, 131139499|9840, pyramids+of+giza, 
131139559|2331, 131143088|2475, 131144058|2560, 131144222|2880, 131149324|3072, 131149816|3383, 131159662|3958, 131162676|4285, 131163116|4425, 131163168|4531, 131163987|4694, 131182477|5232, 131182529|5351, 131182753|5470, 131190825|5609, 131302212|5748, 131699162|5928, 131700778|6110, 131700830|6212, 131701817|6424, 131702636|6793, 131703455|7118, 131703559|7220, 131705313|7438, 131705573|9801, acropolis+of+athens, 
131705685|2360, 131709163|2489, 131709499|2576, 131710185|2700, 131715455|3148, 131715947|3352, 131721480|3724, 131725387|3859, 131729587|4488, 131729691|4619, 131731910|4732, 131734579|4851, 131744492|4974, 131745311|5143, 131761586|5294, 131762405|5441, 131762525|5559, 131770641|5708, 131802185|5805, 132156766|5963, 132189594|6114, 132189994|6254, 132191115|6380, 132191882|6579, 132191934|6682, 132192731|6779, 132193498|7205, 132194295|7301, 132194347|7397, 132194399|7506, 132195218|7598, 132200257|8169, 132200517|9807, eiffel+tower, 
132200577|2540, 132204107|2635, 132204443|2720, 132205145|2861, 132205197|2966, 132210841|3392, 132210945|3688, 132220383|3875, 132220435|4349, 132221129|4460, 132221233|4637, 132224247|4718, 132224643|4839, 132228704|4954, 132239385|5054, 132240264|5258, 132260002|5427, 132260851|5553, 132268319|5745, 132269810|5862, 132529770|6048, 132684852|6289, 132685787|6401, 132685943|6493, 132686762|6795, 132687529|7069, 132687633|7483, 132692662|8067, 132692922|9816, eiffel+tower, 
132693034|2407, 132696849|2560, 132697535|2653, 132699264|2932, 132703242|3271, 132703294|3430, 132703346|3547, 132713892|4007, 132714332|4305, 132715227|4455, 132722302|4602, 132744464|4844, 132748426|5034, 132805974|5233, 133049615|5423, 133329203|5643, 133329527|5760, 133330462|5880, 133330514|5970, 133331281|6266, 133331333|6366, 133332152|6659, 133332971|6982, 133333798|7150, 133337329|7287, 133337665|7389, 133337717|7478, 133339122|7584, 133339382|9926, taipei+101, 
133339442|2327, 133342972|2451, 133343308|2534, 133343994|2654, 133346890|2964, 133349703|3351, 133349755|3499, 133349807|3600, 133358791|3725, 133358851|4338, 133363116|4541, 133363935|4652, 133368488|4805, 133393162|4946, 133393981|5226, 133394868|5387, 133402268|5489, 133421700|5590, 133887221|5781, 134044052|5933, 134069897|6080, 134070664|6392, 134071629|6505, 134071681|6610, 134073215|7138, 134073432|7459, 134077246|7559, 134077298|7640, 134078282|7748, 134078450|7880, 134078710|9834, pyramids+of+giza, 
134082300|2594, 134082636|2686, 134083322|2803, 134083538|3006, 134088983|3316, 134089035|3517, 134089139|3625, 134101056|4381, 134102211|4506, 134105107|4641, 134105890|4783, 134110474|4950, 134135091|5098, 134136655|5242, 134136707|5427, 134137594|5571, 134145761|5688, 134218905|5793, 134704554|5988, 134808798|6165, 134810005|6288, 134810057|6384, 134810824|6614, 134810876|6708, 134811643|6922, 134815233|7609, 134815569|7694, 134815621|7787, 134816772|8002, 134817032|9874, pyramids+of+giza, 
134817144|2395, 134820622|2528, 134821010|2642, 134821644|2784, 134821800|2896, 134826964|3041, 134827352|3286, 134827456|3438, 134835083|3828, 134841150|4628, 134846172|4894, 134846372|4985, 134858581|5150, 135103923|5484, 135178076|5647, 135200157|5780, 135200735|5913, 135201228|6015, 135201612|6316, 135202022|6416, 135203419|6540, 135203810|6641, 68101527|6766, 68102566|6891, 68103311|7006, 68106900|7112, 68107236|7190, 68107288|7277, 68108437|7367, 68108697|9699, pyongyang, 
68108757|2337, 68112287|2462, 68113257|2610, 68113369|2982, 68118915|3364, 68119019|3630, 68127073|3814, 68130263|4321, 68131418|4453, 68131470|4544, 68136308|4779, 68148558|4871, 68218144|5251, 68279699|5458, 68529499|5629, 68561422|5751, 68580693|5860, 68582227|6255, 68582447|6353, 68583214|6565, 68583326|6656, 68586789|6763, 68587586|6862, 68587806|6990, 68588573|7250, 68588633|7356, 68592162|7457, 68592498|7552, 68592550|7643, 68593534|7751, 68593702|7854, 68593962|9868, burj+khalifa, 
68594022|2384, 68597551|2473, 68597887|2582, 68598521|2680, 68603792|3135, 68604180|3342, 68608165|3643, 68613714|3782, 68613878|4496, 68617168|4619, 68617220|4714, 68620954|4814, 68631489|4917, 68651375|5045, 68655078|5223, 68664785|5380, 68719047|5495, 68916766|5629, 69367273|5929, 69372598|6162, 69373825|6331, 69377340|6546, 69378305|6651, 69378357|6749, 69379176|7082, 69379995|7196, 69380866|7437, 69380918|7528, 69381901|7613, 69382720|7783, 69384254|8314, 69384514|9887, mirabell+gardens, 
69384619|2351, 69388209|2428, 69388545|2560, 69389179|2665, 69389231|2947, 69394451|3266, 69394943|3406, 69400490|3670, 69405869|4132, 69406205|4267, 69406257|4397, 69407128|4524, 69410914|4695, 69424282|4853, 69432744|5021, 69433851|5211, 69441208|5365, 69628949|5524, 69996324|5694, 70017514|5841, 70020809|5959, 70021209|6055, 70022330|6151, 70023127|6264, 70023894|6808, 70027485|7378, 70027821|7485, 70027873|7579, 70029111|7759, 70029279|7860, 70029539|9777, taipei+101, 
70029599|2437, 70033129|2536, 70033465|2644, 70034151|2820, 70039371|3125, 70039811|3302, 70039915|3468, 70049085|3747, 70049189|4604, 70052203|4707, 70052599|4868, 70081717|5097, 70081769|5249, 70082712|5466, 70093695|5578, 70414144|5762, 70676473|6054, 70759094|6192, 70760237|6308, 70760289|6408, 70761823|6918, 70761875|7023, 70762694|7312, 70763521|7488, 70767387|7630, 70767439|7714, 70768425|7811, 70768593|7944, 70768853|9908, pyramids+of+giza, 
70772444|2378, 70772780|2497, 70772884|2603, 70773518|2768, 70773674|2923, 70778842|3100, 70779334|3416, 70788722|3815, 70791961|4424, 70792401|4558, 70793250|4678, 70797840|4814, 70830089|5056, 70830141|5289, 70831084|5388, 70839699|5494, 70933835|5613, 71222404|5793, 71272685|5969, 71273840|6081, 71274607|6363, 71274659|6464, 71275478|6747, 71276245|6996, 71276297|7138, 71277116|7418, 71277168|7494, 71278153|7659, 71278205|9793, 71278413|9946, petronas+towers, 
71278473|2317, 71282003|2399, 71282339|2543, 71282973|2637, 71283025|2862, 71286667|2992, 71288632|3253, 71288736|3579, 71292611|3692, 71298129|4029, 71298181|4262, 71298927|4481, 71299091|4578, 71302389|4690, 71306115|4791, 71308610|4891, 71320369|4992, 71337282|5273, 71338838|5376, 71348977|5487, 71418444|5616, 71573707|5803, 71779226|6035, 71854876|6166, 72019162|6333, 72059957|6491, 72060177|6643, 72060944|6938, 72061048|7411, 72062557|7805, 72062817|9774, mirabell+gardens, 
72062929|2607, 72066408|2736, 72066744|2823, 72067430|2945, 72067594|3185, 72073138|3553, 72073242|3694, 72082148|4486, 72086184|4680, 72086340|4822, 72087107|4935, 72091661|5090, 72112719|5253, 72113546|5377, 72121007|5493, 72125078|5622, 72370449|5782, 72574541|5919, 72697315|6053, 72698530|6201, 72701993|6314, 72702045|6402, 72703010|6504, 72703777|6794, 72704574|6899, 72704626|7000, 72705393|7421, 72705453|7596, 72709319|7740, 72709371|7878, 72710608|8016, 72710776|8110, 72711036|10061, taipei+101, 
72711096|2344, 72714626|2440, 72714962|2582, 72715648|2707, 72715752|2919, 72720916|3163, 72721460|3491, 72730863|3862, 72734001|4323, 72735208|4487, 72735312|4590, 72735372|4699, 72739813|4806, 72753300|4915, 72769412|5055, 72770343|5265, 72781590|5366, 72830838|5472, 73208177|5679, 73414590|5945, 73490276|6133, 73493566|6312, 73493618|6529, 73494385|6621, 73494645|6740, 73495412|6955, 73496261|7137, 73497028|7284, 73497132|7489, 73498114|7655, 73498374|9815, mirabell+gardens, 
73498434|2354, 73501964|2436, 73502300|2543, 73502404|2659, 73503038|2787, 73503202|2962, 73508701|3229, 73508805|3589, 73517853|3869, 73517913|4075, 73521359|4334, 73522126|4599, 73522945|4695, 73539132|4867, 73539951|5133, 73540123|5281, 73551424|5462, 73683752|5588, 74056688|5815, 74057675|6261, 74058494|6570, 74059313|6710, 74060855|6836, 74060959|7225, 74061945|7490, 74062205|9878, acropolis+of+athens, 
74062265|2484, 74065794|2593, 74066130|2722, 74066764|2916, 74066876|3038, 74072036|3319, 74072424|3479, 74072528|3582, 74081419|4184, 74084761|4480, 74084813|4584, 74085684|4731, 74094950|4903, 74112034|5085, 74112206|5239, 74120381|5363, 74181060|5480, 74650612|5665, 74697025|5826, 74700204|5918, 74700592|6061, 74701557|6194, 74702324|6646, 74702376|6750, 74703143|6945, 74703195|7039, 74704022|7438, 74707889|7619, 74707941|7756, 74709295|7863, 74709347|7960, 74709607|9787, taipei+101, 
74709667|2372, 74713197|2498, 74713533|2585, 74714167|2711, 74714331|2917, 74719827|3301, 74719879|3441, 74719931|3563, 74730142|4165, 74733208|4391, 74734238|4527, 74734290|4646, 74735161|4786, 74738896|4909, 74740059|5077, 74767832|5247, 74768741|5470, 74776150|5577, 74780321|5687, 74978701|5810, 75340936|6062, 75441844|6222, 75442831|6540, 75443598|6821, 75444395|6920, 75447985|7604, 75448321|7773, 75448373|7848, 75449360|7934, 75449528|8034, 75449788|9872, pyramids+of+giza, 
75453378|2442, 75453714|2569, 75454348|2712, 75459619|3158, 75460059|3399, 75460163|3514, 75467798|3859, 75470812|4163, 75471356|4368, 75478124|4819, 75478943|5117, 75479886|5304, 75491005|5439, 75750317|5666, 75927797|5791, 75971799|5938, 75972930|6054, 75972982|6196, 75973801|6424, 75977360|6686, 75978547|6763, 75978599|6837, 75979812|6916, 75980807|7014, 75983986|7092, 75984322|7167, 75985119|7269, 75985287|7375, 75985547|9835, toronto+canada, 
75989137|2464, 75989525|2668, 75990159|2828, 75995820|3275, 75995872|3458, 75995976|3592, 76003763|4135, 76006881|4564, 76007269|4686, 76011002|4792, 76032852|4975, 76033843|5164, 76041140|5306, 76341501|5610, 76618382|5855, 76619421|6010, 76620188|6129, 76623427|6222, 76623763|6325, 76624560|6426, 76624716|6563, 76625535|6946, 76626354|7261, 76626414|7414, 76631046|7595, 76631098|7697, 76632501|7784, 76632761|9764, taipei+101, 
76636350|7738, 76636686|7936, 76637320|8092, 76637372|8251, 76642587|8478, 76643027|8710, 76643079|8828, 76648354|8977, 76650735|9178, 76655957|9844, 76658282|10016, 76674152|10263, 76689746|10413, 76701991|10533, 76880277|10710, 77197879|10882, 77318426|11018, 77319361|11143, 77320348|11255, 77320400|11375, 77321167|11590, 77321219|11694, 77321986|11903, 77322098|12009, 77325561|12128, 77326526|12282, 77330116|12602, 77330452|12684, 77330504|12778, 77331604|12960, 77331656|13048, 77331916|15136, mt.+everest, 
77335506|2391, 77335842|2507, 77336476|2601, 77341748|3144, 77342188|3289, 77342240|3396, 77351731|3665, 77354970|4103, 77356207|4339, 77358999|4422, 77359617|4517, 77363343|4689, 77392418|4926, 77400706|5187, 77428178|5306, 77834025|5578, 77835180|5839, 77835947|6161, 77836766|6268, 77836818|6364, 77837585|6564, 77837637|6661, 77839275|7149, 77839327|7242, 77841081|7461, 77841341|9816, petronas+towers, 
77844932|2468, 77845268|2621, 77845320|2696, 77845954|2802, 77846058|2910, 77849699|3031, 77851659|3305, 77851763|3587, 77861171|3788, 77861283|4348, 77864798|4546, 77865595|4653, 77873088|4832, 77873760|4924, 77902212|5047, 77907533|5330, 77908145|5463, 77984571|5577, 78002715|5664, 78529335|5910, 78620750|6134, 78622021|6288, 78622073|6460, 78623659|6929, 78624426|7194, 78624478|7317, 78625297|7522, 78625349|7622, 78626331|7790, 78626591|9842, mirabell+gardens, 
78630181|2375, 78631203|2592, 78636524|3066, 78637016|3354, 78645715|4033, 78649863|4428, 78653752|4673, 78664534|4854, 78670997|5040, 78689465|5192, 78758007|5322, 79189687|5600, 79313877|5801, 79318336|5966, 79318672|6078, 79318724|6182, 79320456|6487, 79321275|6595, 79321327|6697, 79322146|6953, 79323025|7267, 79326839|7363, 79326891|7441, 79328045|7645, 79328305|9889, mt.+everest, 
79328365|2418, 79331895|2571, 79332231|2662, 79332865|2780, 79332917|2948, 79338474|3241, 79338630|3554, 79343908|3691, 79346021|3868, 79346081|4171, 79349700|4347, 79350609|4508, 79359081|4670, 79359848|4807, 79359900|4942, 79368246|5111, 79472465|5283, 79762944|5498, 79803532|5621, 79850093|5763, 79850145|5859, 79851679|6295, 79851731|6405, 79852550|6699, 79853317|6886, 79853377|7090, 79856908|7164, 79857244|7243, 79857296|7317, 79858681|7411, 79858757|8567, 79858817|8656, 79862214|8757, 79862550|8843, 79863355|8928, 79863615|9985, toronto+canada, 
79863675|2359, 79867205|2530, 79867593|2623, 79868227|2702, 79868383|2961, 79873937|3178, 79874041|3498, 79882263|3873, 79882323|4340, 79885277|4457, 79885821|4619, 79888040|4893, 79890215|5090, 79897783|5279, 79898007|5407, 79906190|5560, 80025338|5743, 80325209|5873, 80486933|6090, 80488256|6217, 80489083|6345, 80492262|6462, 80492650|6552, 80493615|6639, 80494382|7023, 80495179|7126, 80495439|9842, cape+town, 
80495499|2386, 80499028|2490, 80499998|2677, 80500214|3090, 80505605|3241, 80505657|3482, 80505761|3614, 80513410|3779, 80516424|4290, 80517683|4485, 80517759|4638, 80533062|4820, 80549836|5081, 80561482|5213, 80791827|5428, 81097993|5633, 81118244|5762, 81178702|5862, 81179533|5969, 81179798|6061, 81182977|6160, 81183313|6266, 81184278|6386, 81185864|6873, 81186795|7205, 81190274|7308, 81190610|7399, 81192579|7550, 81192839|9985, mt.+everest, 
81196428|2298, 81196816|2484, 81197450|2586, 81197554|2863, 81203158|3153, 81203262|3368, 81208807|3473, 81210920|3713, 81211084|4276, 81215120|4399, 81215172|4524, 81221148|4912, 81222035|5060, 81230314|5174, 81273824|5288, 81624216|5461, 81708191|5609, 81714750|5739, 81715755|5870, 81716574|6019, 81718160|6184, 81718212|6287, 81719039|6486, 81722621|6580, 81722957|6681, 81724987|6785, 81725155|6912, 81725415|9692, toronto+canada, 
81725475|2471, 81729005|2558, 81729393|2664, 81729962|2803, 81735607|3144, 81735659|3386, 81735711|3533, 81743623|3670, 81743683|4151, 81747250|4332, 81748099|4456, 81754847|4612, 81781043|4930, 81789505|5080, 81833159|5227, 82330782|5565, 82379185|5708, 82414571|5824, 82415536|5930, 82416355|6059, 82417122|6269, 82417174|6375, 82417993|6703, 82418760|6921, 82422351|7311, 82422739|7522, 82423725|7608, 82423893|7707, 82424153|9719, mt.+everest, 
82424213|2345, 82428078|2518, 82428764|2646, 82428868|2907, 82434468|3208, 82434572|3438, 82445106|4106, 82448456|4263, 82449275|4400, 82449379|4514, 82449431|4618, 82453984|4794, 82466971|4944, 82486194|5098, 82486530|5281, 82487379|5421, 82491289|5529, 82496402|5662, 82753213|5818, 82930036|6057, 82930971|6206, 82931191|6304, 82932725|6834, 82932829|7365, 82933812|7726, 82934072|10267, petronas+towers, 
82934132|2399, 82937662|2520, 82937998|2625, 82938684|2727, 82938840|2970, 82944446|3317, 82944550|3557, 82950089|3703, 82952163|3968, 82956467|4478, 82966620|4985, 82966672|5209, 82974959|5342, 83036465|5513, 83362687|5686, 83392306|5868, 83394008|6273, 83397247|6377, 83397583|6475, 83398380|6577, 83399345|6674, 83399397|6764, 83400931|7205, 83401862|7277, 83405392|7360, 83406547|7461, 83409837|7859, 83410005|7940, 83410057|9760, 83410265|9885, sydney+harbour, 
83410370|2366, 83410430|2445, 83413961|2540, 83414297|2703, 83414983|2841, 83415199|3006, 83420695|3329, 83420799|3503, 83420851|3624, 83428454|4023, 83431804|4430, 83432012|4590, 83432779|4721, 83440929|4846, 83441872|5044, 83450151|5160, 83777750|5379, 83870998|5582, 83871050|5714, 83871218|5814, 83872153|5920, 83872205|6014, 83873739|6410, 83873791|6520, 83874610|6840, 83875407|6946, 83876174|7343, 83876234|7606, 83879764|7686, 83880100|7767, 83880152|7848, 83883972|8351, 83884140|8446, 83884400|9820, sydney+harbour, 
83884460|2346, 83887991|2458, 83888327|2545, 83889013|2782, 83889169|2885, 83894331|3090, 83894771|3468, 83894823|3604, 83903266|4333, 83907150|4550, 83907538|4666, 83907590|4848, 83913577|4994, 83917092|5193, 83925356|5303, 83929618|5417, 84315630|5606, 84320294|5737, 84406120|5902, 84407443|6034, 84408210|6295, 84411449|6427, 84411785|6550, 84412642|6662, 84416391|6766, 84416727|6852, 84418761|6945, 84418813|7028, 84419580|7183, 84419800|7265, 84419864|7342, 84420631|7624, 84420891|9843, toronto+canada, 
84420951|2397, 84424481|2516, 84424817|2628, 84425451|2730, 84425503|2945, 84430719|3186, 84431107|3404, 84431211|3535, 84436489|3770, 84438601|3958, 84438661|4193, 84442384|4455, 84446143|4622, 84451608|4781, 84452375|4956, 84453366|5082, 84461954|5210, 84686685|5365, 84935815|5696, 84942581|5846, 84943348|5978, 84943568|6121, 84944447|6528, 84948744|6616, 84949132|6691, 84949184|6768, 84951167|6848, 84951335|6970, 84951595|9889, toronto+canada, 
84951655|2369, 84955185|2521, 84955521|2596, 84956207|2714, 84956259|2860, 84961477|3093, 84961865|3354, 84961969|3536, 84969845|4265, 84972911|4466, 84973299|4583, 84981429|4736, 84982256|4882, 84985891|5047, 84994035|5132, 85052911|5284, 85343772|5542, 85412198|5692, 85412418|5804, 85413185|6181, 85414172|6275, 85414939|6502, 85415736|6630, 85416555|6734, 85417374|6843, 85417426|6999, 85418193|7109, 85418253|7239, 85421782|7311, 85422118|7403, 85422170|7485, 85425545|7819, 85425805|9820, sydney+harbour, 
85425865|2395, 85429396|2487, 85430366|2619, 85435635|3185, 85436179|3466, 85441715|3708, 85443789|3828, 85443849|4192, 85447191|4341, 85447295|4484, 85456176|4626, 85456228|4768, 85464576|5046, 85472109|5215, 85862496|5525, 85885478|5670, 85886379|5781, 85887146|6089, 85888133|6183, 85888900|6278, 85889719|6379, 85889831|7602, 85893310|7682, 85893646|7760, 85893698|7841, 85897685|8379, 85897945|9856, sydney+harbour, 
85898005|2408, 85901535|2538, 85901871|2623, 85902557|2744, 85902773|2953, 85908269|3230, 85908373|3473, 85915982|3672, 85919276|4317, 85920410|4532, 85929314|4824, 85930201|5081, 85940849|5237, 86237059|5546, 86357681|5687, 86358772|5817, 86359591|6293, 86360410|6620, 86361207|6739, 86362026|7261, 86362793|7524, 86362957|7618, 86366435|7695, 86366771|7776, 86367590|7880, 86370880|8057, 86371048|8146, 86371308|9777, sydney+harbour, 
