||class android.net.TrafficStats:public static long android.net.TrafficStats.getTotalTxPackets()
76805|1, 76806|2113, 76811|2229, 76813|2391, 76814|2494, 76820|2800, 76828|3141, 76829|3275, 76832|3553, 76833|3905, 76840|4142, 76841|4236, 76842|4531, 76843|4893, 76844|5151, 76845|5514, 76847|5599, 76852|5692, 76854|5792, 76855|5882, 76856|5977, 76857|6059, 76858|6422, 76859|6514, 76860|6787, 76865|6971, 76867|7212, 76869|7496, 76870|7611, 76871|7705, 76876|7861, 76885|8147, 76904|8316, 76910|8492, 76916|8673, 77046|8972, 77103|9266, 77108|9496, 77109|9631, 77115|10182, 77119|10308, empire+state+building, 
77120|2312, 77125|2411, 77127|2532, 77128|2626, 77134|2946, 77141|3211, 77143|3441, 77148|4172, 77156|4448, 77161|4607, 77175|5302, 77178|5529, 77186|5632, 77195|5746, 77283|5938, 77408|6115, 77533|6327, 77537|6441, 77543|6865, 77544|7119, 77545|7209, 77550|7304, 77555|7413, 77556|7532, 77560|7718, 77565|9751, 77570|9899, the+great+wall+of+china, 
77571|2354, 77573|2445, 77577|2564, 77578|2669, 77586|2996, 77594|3397, 77597|3598, 77600|3733, 77603|4232, 77611|4447, 77612|4696, 77619|5043, 77621|5300, 77627|5409, 77640|5567, 77687|5735, 77769|5885, 77841|6085, 77842|6221, 77846|6525, 77848|7085, 77851|7341, 77853|7520, 77854|8041, 77864|9900, acropolis+of+athens, 
77867|2404, 77870|2505, 77872|2603, 77873|2708, 77877|3017, 77886|3351, 77887|3510, 77888|3642, 77895|4241, 77908|4487, 77921|4868, 77932|5098, 77941|5386, 77952|5543, 77959|5674, 78050|5828, 78125|5964, 78128|6069, 78131|6268, 78134|6371, 78137|6559, 78138|7444, 78144|7555, 78146|7639, 78150|8082, 78160|9847, petronas+towers, 
78161|2358, 78166|2442, 78168|2565, 78169|2734, 78171|2880, 78173|2981, 78182|3320, 78184|3443, 78189|3833, 78198|4232, 78202|4427, 78205|4657, 78206|5033, 78214|5304, 78215|5429, 78220|5567, 78283|5918, 78399|6144, 78431|6264, 78436|6367, 78437|6879, 78438|6986, 78439|7266, 78440|7368, 78441|7450, 78443|7646, 78448|9733, 78453|9864, acropolis+of+athens, 
78454|2349, 78456|2438, 78460|2560, 78461|2651, 78462|2797, 78473|3212, 78475|3432, 78477|3597, 78480|3924, 78481|4234, 78492|4502, 78495|4600, 78500|4759, 78509|4924, 78522|5064, 78556|5240, 78644|5576, 78652|5772, 78655|6253, 78657|6350, 78659|6849, 78661|6957, 78662|7144, 78664|7445, 78665|7737, 78675|9943, wencelas+square+prague, 
78676|2276, 78678|2355, 78681|2439, 78684|2628, 78690|2959, 78696|3219, 78699|3471, 78703|3764, 78709|4330, 78718|4505, 78720|4773, 78723|4921, 78736|5098, 78767|5243, 78815|5493, 78896|5747, 78904|5884, 78909|6057, 78911|6288, 78913|6718, 78915|6934, 78916|7285, 78918|7574, 78919|7695, 78921|7866, 78931|9902, 78933|11047, wencelas+square+prague, 
78934|2292, 78936|2374, 78939|2464, 78941|2595, 78942|2704, 78944|2824, 78952|3083, 78955|3297, 78957|3459, 78962|3748, 78965|4171, 78973|4329, 78977|4475, 78980|4724, 78997|4920, 79008|5181, 79010|5346, 79022|5449, 79027|5571, 79096|5711, 79189|5895, 79192|6009, 79195|6100, 79197|6202, 79201|6531, 79203|6640, 79204|7121, 79207|7403, 79210|7690, 79211|8035, 79212|8115, 79213|8229, 79218|9796, 79223|10000, petronas+towers, 
79224|2347, 79226|2427, 79230|2536, 79231|2619, 79232|2731, 79234|2850, 79242|3117, 79246|3359, 79247|3509, 79252|3950, 79255|4143, 79260|4295, 79263|4425, 79265|4566, 79267|4685, 79273|4812, 79279|4969, 79293|5113, 79315|5632, 79346|5829, 79392|5952, 79427|6078, 79448|6171, 79479|6270, 79531|6481, 79541|6587, 79542|7298, 79544|7406, 79548|7491, 79549|7571, 79555|8153, 79556|9279, 79559|9369, 79562|9478, 79565|9656, 79575|9900, big+ben, 
79578|2361, 79581|2450, 79583|2591, 79586|2814, 79588|2942, 79594|3128, 79598|3387, 79599|3529, 79604|3848, 79614|4477, 79620|4671, 79626|4972, 79642|5136, 79714|5380, 79785|5616, 79824|5763, 79868|5879, 79907|6012, 79909|6107, 79913|6209, 79914|6313, 79918|6446, 79923|6578, 79927|6699, 79928|6825, 79930|7019, 79932|7117, 79935|7216, 79938|7300, 79940|7384, 79942|7465, 79943|7550, 79947|7999, 79952|9776, 79956|9925, 79957|10033, singapore, 
79960|2418, 79963|2505, 79965|2613, 79966|2847, 79970|2984, 79976|3280, 79981|3576, 79987|4138, 79988|4364, 79994|4521, 79995|4640, 79998|4753, 80011|4939, 80013|5031, 80015|5149, 80018|5369, 80019|5597, 80022|5722, 80024|5809, 80094|5929, 80135|6138, 80141|6267, 80152|6352, 80159|6451, 80160|6548, 80161|6739, 80171|9761, big+ben, 
80174|7392, 80179|7534, 80184|7674, 80193|7861, 80196|8174, 80197|8345, 80200|8509, 80203|9136, 80207|9296, 80216|9433, 80218|9543, 80235|9687, 80307|10139, 80361|10306, 80364|10440, 80368|10588, 80369|10775, 80370|11036, 80371|11151, 80372|11631, 80373|11973, 80375|12139, 80376|12230, 80378|12446, 80388|14739, wencelas+square+prague, 
80389|2304, 80391|2434, 80394|2550, 80396|2646, 80397|2771, 80401|2934, 80407|3149, 80411|3368, 80412|3478, 80414|3988, 80422|4489, 80434|4733, 80441|5065, 80462|5289, 80516|5447, 80572|5587, 80621|5724, 80694|5906, 80749|6067, 80756|6171, 80757|6269, 80758|6599, 80759|6924, 80763|7235, 80767|7331, 80768|7413, 80769|7493, 80770|7573, 80774|7704, 80779|9762, 80784|9894, pyongyang, 
80787|2386, 80790|2485, 80791|2600, 80793|2726, 80797|2991, 80805|3287, 80808|3515, 80811|3650, 80813|4257, 80820|4453, 80821|4572, 80828|4698, 80832|4807, 80840|5006, 80848|5137, 80854|5277, 80863|5445, 80873|5578, 80894|5708, 80935|5832, 80974|5951, 81076|6137, 81105|6304, 81111|6406, 81116|6510, 81117|6609, 81121|6711, 81122|6810, 81124|7098, 81125|7251, 81126|7565, 81131|7685, 81133|7794, 81136|8054, 81137|8153, 81142|9736, 81147|9875, taipei+101, 
81148|2362, 81152|2528, 81154|2618, 81155|2709, 81156|2825, 81159|2938, 81166|3158, 81171|3454, 81174|3739, 81176|3842, 81177|4192, 81178|4334, 81189|4596, 81190|4741, 81196|4877, 81209|5259, 81219|5376, 81354|5624, 81424|5798, 81489|5923, 81493|6025, 81497|6145, 81498|6252, 81499|6480, 81501|6873, 81507|6949, 81515|7036, 81517|7110, 81526|7273, 81528|7367, 81530|7963, 81531|8212, 81541|9812, pyongyang, 
81542|2425, 81544|2600, 81547|2716, 81550|2867, 81552|2971, 81563|3232, 81566|3559, 81568|3688, 81577|4290, 81581|4482, 81586|4607, 81590|4869, 81603|5676, 81642|5826, 81803|5995, 81807|6132, 81808|6737, 81809|6887, 81811|7234, 81812|7324, 81820|9755, big+ben, 
81821|2424, 81823|2510, 81827|2651, 81829|2816, 81832|2960, 81839|3140, 81844|3492, 81848|3746, 81849|3903, 81850|4232, 81859|4398, 81861|4540, 81865|4656, 81870|4770, 81887|4870, 81888|4997, 81892|5162, 81898|5275, 81907|5424, 81942|5627, 82002|5859, 82046|6044, 82071|6135, 82100|6240, 82118|6331, 82134|6444, 82135|6538, 82139|6712, 82140|7176, 82144|7262, 82149|7364, 82150|7446, 82151|7681, 82154|7931, 82157|8517, 82159|8636, 82160|8982, 82165|9832, 82170|9969, big+ben, 
82173|2320, 82178|2477, 82179|2605, 82181|2845, 82188|3004, 82192|3272, 82194|3476, 82199|3860, 82202|4294, 82210|4441, 82212|4654, 82218|4835, 82224|4943, 82236|5108, 82251|5310, 82253|5448, 82265|5626, 82274|5741, 82341|5920, 82413|6076, 82449|6183, 82473|6299, 82475|6416, 82476|6547, 82478|7309, 82482|7922, 82483|8031, 82493|11020, colosseum+rome, 
82494|2320, 82497|2401, 82501|2538, 82502|2627, 82503|2751, 82506|2894, 82513|3080, 82517|3398, 82518|3545, 82524|4154, 82531|4473, 82539|4647, 82553|5168, 82561|5426, 82570|5540, 82635|5724, 82787|5902, 82898|6079, 82904|6223, 82911|6791, 82916|6925, 82921|7069, 82923|7180, 82924|7285, 82931|7395, 82933|7492, 82934|7665, 82938|7786, 82948|9904, the+great+wall+of+china, 
82951|2582, 82954|2664, 82957|2782, 82960|2964, 82970|3325, 82972|3450, 82977|3772, 82986|4347, 82992|4571, 83002|4767, 83004|4929, 83012|5102, 83035|5313, 83131|5536, 83238|5777, 83293|5958, 83301|6055, 83304|6296, 83305|6472, 83306|6644, 83309|6808, 83313|6901, 83315|6992, 83318|7142, 83319|7229, 83329|9862, singapore, 
83330|2283, 83332|2363, 83337|2475, 83338|2597, 83341|2876, 83347|3028, 83352|3357, 83353|3529, 83358|3889, 83367|4432, 83370|4653, 83376|4815, 83378|4977, 83393|5137, 83434|5309, 83535|5577, 83620|5809, 83669|5954, 83676|6084, 83679|6201, 83680|6297, 83682|6723, 83683|6846, 83684|7172, 83690|7259, 83693|7372, 83697|7527, 83707|9844, singapore, 
83708|2389, 83713|2495, 83719|2676, 83724|2810, 83728|2960, 83732|3248, 83733|3472, 83735|3765, 83736|3888, 83737|4011, 83742|4201, 83748|4354, 83749|4655, 83752|4781, 83757|5019, 83764|5177, 83783|5336, 83784|5530, 83791|5694, 83810|5870, 83815|5981, 83885|6150, 83942|6256, 83985|6387, 83990|6472, 83991|6554, 83992|6764, 83993|6845, 83994|7008, 84004|9788, petronas+towers, 
84005|2243, 84010|2344, 84011|2457, 84012|2551, 84013|2648, 84017|2923, 84026|3156, 84028|3463, 84032|3654, 84033|3751, 84036|4126, 84044|4341, 84050|4666, 84052|4848, 84064|4976, 84111|5153, 84270|5396, 84312|5567, 84339|5768, 84346|5872, 84348|5979, 84353|6090, 84355|6485, 84357|6588, 84359|6712, 84363|7043, 84367|7140, 84368|7218, 84372|7377, 84382|9930, singapore, 
84383|2409, 84385|2487, 84388|2592, 84390|2685, 84391|2822, 84393|2989, 84401|3302, 84404|3477, 84406|3629, 84411|4178, 84417|4448, 84419|4566, 84422|4686, 84425|4823, 84438|5042, 84449|5195, 84458|5665, 84463|5927, 84474|6022, 84487|6160, 84565|6367, 84640|6535, 84665|6645, 84685|6777, 84686|7545, 84687|7640, 84691|8219, 84701|9920, colosseum+rome, 
84702|2447, 84704|2664, 84708|2800, 84719|2972, 84731|3301, 84732|3569, 84737|3919, 84738|4128, 84752|4395, 84753|4591, 84766|4815, 84770|4997, 84784|5121, 84835|5346, 84909|5579, 84954|5718, 84991|5826, 85028|5937, 85072|6091, 85106|6205, 85121|6361, 85122|6478, 85126|6603, 85127|6982, 85131|7064, 85140|7153, 85143|7231, 85149|7354, 85151|7454, 85156|9824, 85157|9936, 85161|10023, peking, 
85162|2342, 85167|2482, 85169|2581, 85170|2677, 85172|2918, 85174|3030, 85180|3268, 85184|3516, 85185|3659, 85190|4210, 85191|4418, 85200|4630, 85202|5013, 85209|5209, 85211|5401, 85223|5511, 85232|5612, 85362|5867, 85500|6073, 85551|6275, 85555|6400, 85556|6814, 85560|6901, 85566|6995, 85570|7071, 85574|7166, 85581|7255, 85583|7345, 85584|7883, 85594|9804, peking, 
85595|2362, 85597|2444, 85601|2550, 85602|2632, 85603|2770, 85605|2912, 85613|3221, 85618|3490, 85623|3993, 85624|4335, 85634|4538, 85638|4658, 85649|4871, 85656|5164, 85693|5370, 85782|5591, 85865|5775, 85907|5911, 85912|6465, 85913|6774, 85915|7067, 85920|7144, 85928|7233, 85930|7314, 85933|7396, 85935|7471, 85936|7560, 85941|7768, 85943|7848, 85944|7938, 85954|9850, 85955|10274, cape+town, 
85957|2412, 85961|2515, 85963|2628, 85964|2760, 85967|3010, 85977|3398, 85979|3593, 85985|4249, 85989|4474, 85999|4635, 86000|4756, 86003|4886, 86013|5124, 86016|5278, 86029|5479, 86032|5608, 86049|5765, 86057|5874, 86132|5998, 86217|6133, 86223|6251, 86224|6352, 86228|6462, 86230|6962, 86232|7312, 86233|7466, 86235|7595, 86238|7889, 86246|9783, 86248|9899, petronas+towers, 
86249|2338, 86251|2437, 86255|2534, 86256|2621, 86257|2723, 86267|3106, 86272|3520, 86277|3957, 86280|4360, 86287|4512, 86288|4674, 86289|4814, 86303|5341, 86306|5483, 86316|5579, 86324|5697, 86388|5846, 86480|5981, 86619|6148, 86662|6274, 86666|6373, 86668|6480, 86669|6583, 86671|7126, 86672|7359, 86674|7460, 86678|7551, 86679|7625, 86682|7870, 86683|7984, 86693|9828, the+great+wall+of+china, 
86696|2342, 86699|2470, 86701|2561, 86702|2697, 86704|2808, 86706|2910, 86715|3229, 86717|3382, 86719|3591, 86722|3708, 86729|4276, 86737|4438, 86745|4875, 86754|5134, 86767|5256, 86791|5446, 86903|5657, 86945|5846, 86947|5944, 86948|6051, 86951|6522, 86953|6863, 86954|6986, 86958|7135, 86962|7236, 86963|7320, 86967|7770, 86968|7857, 86973|9704, 86978|9855, sydney+harbour, 
86979|2337, 86984|2433, 86986|2547, 86987|2643, 86989|2900, 86999|3269, 87002|3428, 87007|3968, 87008|4136, 87017|4328, 87018|4449, 87019|4632, 87024|4751, 87041|5153, 87063|5367, 87140|5606, 87184|5732, 87224|5861, 87231|6155, 87235|6238, 87236|6351, 87241|6485, 87242|6726, 87244|6798, 87249|6879, 87250|6953, 87251|7030, 87252|7120, 87253|7207, 87258|7687, 87259|7805, 87264|9862, 87269|10012, pyeongchang, 
87272|2308, 87275|2429, 87277|2533, 87278|2650, 87282|2898, 87291|3275, 87293|3463, 87299|4018, 87309|4345, 87315|4610, 87318|4831, 87323|5030, 87344|5202, 87350|5427, 87360|5531, 87364|5638, 87440|5837, 87524|6040, 87554|6146, 87592|6255, 87640|6397, 87643|6504, 87644|6810, 87645|7154, 87646|7525, 87651|7619, 87652|7711, 87653|7786, 87656|7950, 87657|8045, 87662|9758, 87667|9910, pyramids+of+giza, 
87668|2251, 87673|2376, 87675|2494, 87676|2586, 87678|2830, 87682|2947, 87688|3195, 87691|3450, 87694|3678, 87699|4158, 87704|4390, 87714|4581, 87716|4739, 87723|4914, 87725|5087, 87731|5189, 87746|5315, 87794|5462, 87880|5602, 87962|5778, 88009|5946, 88016|6078, 88023|6377, 88027|6477, 88028|6576, 88033|6711, 88035|6991, 88036|7281, 88039|7404, 88043|7484, 88044|7561, 88047|7747, 88048|7844, 88053|9799, 88058|9890, singapore, 
88059|2391, 88061|2473, 88066|2612, 88067|2723, 88069|2879, 88072|3006, 88080|3337, 88082|3511, 88087|3762, 88098|4524, 88102|4684, 88106|4930, 88116|5121, 88130|5306, 88134|5439, 88145|5541, 88149|5649, 88256|5843, 88363|6012, 88387|6150, 88417|6360, 88422|6458, 88423|6559, 88425|7089, 88426|7212, 88429|7766, 88432|7843, 88434|7940, 88437|8133, 88438|8247, 88443|9818, 88448|9961, pyramids+of+giza, 
88451|2346, 88455|2447, 88456|2549, 88457|2659, 88460|2861, 88463|3012, 88470|3234, 88472|3562, 88477|3726, 88480|4233, 88484|4440, 88493|4754, 88498|4934, 88503|5111, 88515|5227, 88574|5392, 88660|5559, 88779|5822, 88796|5932, 88802|6035, 88807|6579, 88811|6671, 88812|6756, 88816|6848, 88821|6927, 88824|7008, 88826|7088, 88828|7166, 88832|7266, 88834|7358, 88835|7431, 88836|7547, 88846|9860, pyongyang, 
88849|2404, 88855|2547, 88856|2730, 88859|2880, 88862|2985, 88867|3207, 88872|3524, 88875|3880, 88876|4217, 88881|4347, 88883|4431, 88884|4535, 88885|4626, 88887|4755, 88889|4832, 88893|4920, 88894|5010, 88896|5100, 88897|5363, 88898|5455, 88899|5725, 88900|5816, 88903|6402, 88904|6521, 88910|7711, 88912|8093, 88913|8236, 88915|8352, 88920|8532, 88949|8799, 88957|9215, 88967|9492, 89049|9705, 89139|9958, 89155|10164, 89156|10297, 89161|10534, 89166|10729, empire+state+building, 
89168|2371, 89170|2460, 89174|2567, 89175|2659, 89176|2776, 89178|2891, 89182|3045, 89188|3307, 89191|3466, 89194|3908, 89201|4220, 89202|4321, 89203|4587, 89205|5124, 89206|5221, 89208|5749, 89209|5849, 89211|6434, 89212|6533, 89216|6622, 89220|6711, 89221|6812, 89222|6905, 89223|7007, 89229|7640, 89232|8227, 89233|8391, 89238|8561, 89266|8804, 89278|9295, 89304|9560, 89465|9877, 89471|10207, 89481|10639, empire+state+building, 
89484|2378, 89487|2467, 89489|2600, 89490|2694, 89492|2841, 89494|2944, 89502|3202, 89505|3365, 89509|3983, 89522|4400, 89524|4544, 89527|4653, 89535|4825, 89568|5010, 89608|5243, 89652|5445, 89661|5584, 89664|5766, 89665|6051, 89666|6198, 89670|6511, 89675|6613, 89678|6717, 89680|6814, 89681|6944, 89682|7357, 89683|7444, 89684|7630, 89694|9904, wencelas+square+prague, 
89695|2337, 89700|2415, 89702|2514, 89703|2611, 89705|2901, 89713|3120, 89717|3360, 89718|3484, 89723|3994, 89732|4345, 89735|4492, 89736|4618, 89741|4780, 89743|4968, 89754|5073, 89767|5171, 89795|5270, 89834|5411, 89993|5644, 90081|5797, 90095|5928, 90098|6171, 90107|6360, 90111|6499, 90115|6584, 90118|6678, 90121|6757, 90122|6840, 90124|6927, 90128|7532, 90138|9836, peking, 
90139|2549, 90141|2638, 90144|2755, 90147|2877, 90155|3041, 90159|3195, 90162|3477, 90165|3672, 90170|4230, 90171|4354, 90173|4519, 90177|4653, 90183|4756, 90188|4873, 90193|4987, 90208|5136, 90211|5269, 90228|5438, 90258|5573, 90267|5675, 90377|5842, 90472|5992, 90509|6176, 90518|6377, 90523|6810, 90524|7018, 90526|7137, 90528|7266, 90530|7410, 90531|7511, 90533|7622, 90538|9820, 90543|10015, mirabell+gardens, 
90546|2331, 90549|2417, 90551|2528, 90552|2651, 90554|2821, 90556|2948, 90567|3342, 90570|3609, 90572|3887, 90573|4068, 90579|4238, 90588|4469, 90596|4617, 90597|5086, 90605|5242, 90610|5561, 90622|5689, 90652|5861, 90794|6066, 90820|6237, 90824|6537, 90825|6684, 90826|7284, 90827|7373, 90829|7567, 90834|9746, 90839|9875, acropolis+of+athens, 
90841|2329, 90843|2406, 90847|2516, 90849|2624, 90851|2848, 90853|2960, 90864|3415, 90866|3749, 90869|4010, 90874|4339, 90885|4575, 90891|4724, 90900|4837, 90907|4950, 90913|5274, 90915|5458, 90922|5570, 90931|5688, 90956|5806, 91012|5970, 91072|6120, 91093|6236, 91096|6330, 91097|6433, 91099|6643, 91104|6747, 91106|6861, 91111|6970, 91113|7131, 91116|7494, 91118|7969, 91128|9877, eiffel+tower, 
91129|2333, 91134|2454, 91135|2546, 91136|2648, 91139|2808, 91147|3046, 91152|3315, 91157|3798, 91158|4165, 91168|4409, 91169|4517, 91170|4644, 91177|4779, 91179|4881, 91198|5037, 91203|5154, 91212|5317, 91227|5454, 91365|5802, 91415|5989, 91441|6075, 91447|6194, 91449|6568, 91451|6669, 91452|6798, 91453|7224, 91457|7309, 91459|7401, 91460|7493, 91466|8146, 91467|8278, 91477|9946, big+ben, 
91478|2325, 91480|2408, 91484|2518, 91485|2604, 91486|2760, 91488|2900, 91496|3151, 91499|3332, 91501|3560, 91504|3673, 91506|3832, 91507|4254, 91512|4384, 91519|4561, 91524|4667, 91527|4775, 91534|4895, 91540|5004, 91542|5144, 91558|5552, 91560|5653, 91570|5764, 91575|5873, 91680|6031, 91731|6163, 91740|6291, 91745|6391, 91747|6491, 91751|6600, 91752|6725, 91753|7568, 91754|7660, 91758|7933, 91768|9900, eiffel+tower, 
91769|2272, 91771|2377, 91775|2491, 91776|2587, 91777|2674, 91779|2854, 91781|2970, 91788|3262, 91792|3491, 91797|3987, 91800|4291, 91810|4502, 91813|4634, 91816|4886, 91823|5075, 91825|5216, 91836|5311, 91847|5432, 91945|5641, 92032|5839, 92088|6156, 92093|6285, 92094|6492, 92095|6587, 92096|6677, 92101|6778, 92104|6867, 92105|6946, 92109|7045, 92110|7141, 92115|9838, 92120|10009, cape+town, 
92121|2343, 92123|2542, 92127|2681, 92129|2817, 92132|2940, 92139|3170, 92144|3485, 92147|3739, 92149|3823, 92152|4326, 92160|4510, 92166|5121, 92168|5231, 92187|5350, 92231|5514, 92419|5804, 92465|6013, 92469|6112, 92470|6223, 92473|6706, 92475|6802, 92479|6904, 92483|7007, 92484|7101, 92488|7262, 92498|9913, singapore, 
92501|2340, 92504|2428, 92506|2548, 92507|2658, 92511|2915, 92517|3074, 92520|3317, 92522|3472, 92527|3862, 92528|4248, 92542|4554, 92543|4943, 92556|5150, 92558|5357, 92567|5477, 92604|5631, 92701|5855, 92746|5992, 92827|6202, 92904|6374, 92917|6476, 92922|6592, 92925|7148, 92926|7538, 92930|7633, 92935|7727, 92936|7839, 92940|8090, 92942|8528, 92947|8624, 92949|8743, 92950|8870, 92960|9830, the+great+wall+of+china, 
92961|2346, 92963|2425, 92967|2540, 92968|2654, 92969|2797, 92973|2950, 92983|3320, 92984|3472, 92987|3654, 92989|3820, 92993|4649, 93000|4772, 93004|4922, 93009|5069, 93017|5434, 93031|5572, 93033|5693, 93044|5806, 93058|5951, 93242|6247, 93245|6373, 93246|6472, 93247|6773, 93249|7097, 93255|7263, 93259|7404, 93263|7493, 93269|8013, 93270|8107, 93272|8199, 93273|8303, 93283|9773, colosseum+rome, 
93284|2320, 93289|2429, 93291|2553, 93292|2672, 93295|2895, 93303|3160, 93307|3340, 93309|3507, 93310|3631, 93321|4272, 93329|4539, 93334|4705, 93335|4883, 93343|5410, 93349|5615, 93368|5774, 93411|5901, 93499|6078, 93592|6256, 93609|6458, 93611|6552, 93613|6735, 93615|6821, 93621|6900, 93624|7011, 93628|7239, 93633|9810, 93638|9997, cape+town, 
93639|2310, 93641|2406, 93644|2507, 93646|2597, 93647|2697, 93649|2872, 93653|2997, 93661|3375, 93662|3500, 93665|3901, 93672|4376, 93673|4468, 93674|4835, 93675|5104, 93676|5460, 93680|5548, 93684|5633, 93685|5726, 93687|5824, 93690|6403, 93691|6498, 93692|6589, 93693|7048, 93699|7465, 93700|7613, 93703|8022, 93706|8223, 93711|8459, 93737|8647, 93749|9137, 93936|9775, 93942|9978, 93947|10470, 93952|10596, empire+state+building, 
93955|2365, 93959|2483, 93960|2580, 93961|2698, 93965|2985, 93971|3260, 93976|3472, 93981|3929, 93982|4127, 93987|4263, 93989|4403, 93992|4544, 93996|4683, 94000|4831, 94009|4954, 94017|5207, 94032|5334, 94034|5552, 94046|5751, 94065|5896, 94217|6105, 94250|6262, 94251|6359, 94255|6545, 94256|6636, 94258|7115, 94261|7510, 94265|8059, 94270|9726, 94275|9877, colosseum+rome, 
94276|2386, 94277|2468, 94281|2567, 94283|2665, 94284|2797, 94287|2899, 94296|3262, 94299|3491, 94303|3824, 94306|4163, 94315|4346, 94319|4486, 94331|4719, 94349|4922, 94358|5089, 94428|5333, 94471|5556, 94476|5708, 94477|5967, 94478|6088, 94479|6396, 94480|6623, 94482|6738, 94483|7330, 94484|7432, 94486|7527, 94491|9814, 94496|9935, wencelas+square+prague, 
94502|2378, 94504|2473, 94505|2660, 94507|2799, 94509|2918, 94517|3158, 94518|3326, 94520|3540, 94524|4139, 94533|4452, 94535|4574, 94539|4802, 94543|4932, 94550|5120, 94573|5345, 94596|5518, 94625|5669, 94711|5887, 94755|6046, 94763|6176, 94764|6331, 94767|6777, 94768|7110, 94769|7407, 94773|7502, 94778|7624, 94781|7889, 94782|7979, 94787|9710, 94792|9866, burj+khalifa, 
94793|2231, 94798|2336, 94800|2456, 94801|2550, 94805|2915, 94814|3285, 94815|3432, 94817|3571, 94820|3684, 94821|3789, 94824|4419, 94830|4575, 94837|4763, 94846|5061, 94867|5222, 94972|5427, 95030|5672, 95038|5864, 95043|6364, 95045|6473, 95047|7022, 95049|7266, 95051|7346, 95055|7427, 95056|7514, 95057|7604, 95058|7687, 95062|7962, 95067|9762, 95072|9896, pyeongchang, 
95073|2308, 95078|2394, 95081|2525, 95082|2615, 95083|2720, 95085|2863, 95089|3002, 95096|3378, 95097|3745, 95100|3851, 95109|4208, 95111|4355, 95115|4561, 95122|4835, 95124|4937, 95131|5093, 95139|5262, 95145|5516, 95152|5640, 95162|5777, 95281|6058, 95356|6246, 95362|6366, 95365|6467, 95367|6577, 95368|6694, 95370|7171, 95373|7294, 95374|7408, 95376|7765, 95386|9934, colosseum+rome, 
95387|2222, 95389|2314, 95394|2439, 95395|2524, 95397|2791, 95399|2913, 95408|3310, 95410|3475, 95415|3778, 95416|4004, 95419|4226, 95424|4350, 95430|4549, 95431|4666, 95432|4785, 95433|5207, 95445|5465, 95452|5714, 95473|5838, 95474|5939, 95475|6030, 95476|6303, 95477|6580, 95478|6899, 95479|7261, 95480|7584, 95481|7922, 95489|9922, big+ben, 
95492|2329, 95497|2479, 95498|2661, 95501|2911, 95516|3339, 95521|3625, 95522|3872, 95528|4358, 95533|4502, 95536|4712, 95538|4844, 95545|4956, 95570|5252, 95617|5461, 95673|5613, 95686|5780, 95687|6242, 95688|6461, 95689|6771, 95697|7217, 95701|7350, 95705|7441, 95706|7629, 95708|7729, 95709|8041, 95719|9897, wencelas+square+prague, 
95720|2409, 95725|2509, 95727|2603, 95728|2687, 95730|2853, 95733|2982, 95741|3313, 95743|3456, 95758|4379, 95763|4525, 95769|4613, 95771|4700, 95777|4827, 95782|4952, 95784|5091, 95786|5403, 95799|5510, 95801|5635, 95806|5737, 95816|5848, 95862|5986, 95949|6228, 95978|6385, 95983|6488, 95984|6902, 95985|7307, 95986|7391, 95990|7840, 95995|9844, 96000|9977, eiffel+tower, 
96001|2329, 96006|2432, 96007|2529, 96009|2620, 96011|2927, 96019|3315, 96023|3488, 96024|3619, 96027|3855, 96029|4066, 96032|4249, 96040|4468, 96044|4589, 96055|4818, 96072|5064, 96087|5236, 96096|5361, 96199|5545, 96320|5818, 96326|5926, 96327|6019, 96328|6114, 96329|6217, 96331|6739, 96334|7338, 96339|7488, 96342|7686, 96343|7780, 96344|9777, 96353|9939, taipei+101, 
96354|2283, 96359|2430, 96361|2527, 96362|2776, 96365|2870, 96368|2960, 96377|3333, 96380|3663, 96381|3842, 96383|4298, 96388|4578, 96392|4739, 96404|4965, 96405|5090, 96418|5357, 96445|5495, 96454|5632, 96498|5777, 96553|5927, 96584|6044, 96607|6170, 96612|6266, 96617|6466, 96618|6758, 96621|6883, 96624|7445, 96629|7549, 96634|7650, 96635|7747, 96639|7929, 96644|9773, 96649|9881, burj+khalifa, 
96650|2329, 96653|2430, 96656|2542, 96657|2627, 96658|2766, 96660|2879, 96662|2997, 96673|3454, 96676|3753, 96678|3936, 96689|4371, 96693|4527, 96694|4655, 96698|4772, 96701|4892, 96708|5007, 96721|5190, 96743|5367, 96754|5492, 96823|5765, 96855|5892, 96905|6024, 96912|6164, 96919|6262, 96923|6356, 96926|6457, 96927|6675, 96929|7573, 96934|7678, 96936|7791, 96940|8060, 96950|9945, burj+khalifa, 
96951|2414, 96956|2497, 96958|2632, 96959|2741, 96961|2929, 96963|3059, 96972|3372, 96973|3529, 96974|3628, 96979|3935, 96980|4345, 96989|4508, 96991|4657, 96996|4897, 96999|5130, 97004|5254, 97010|5377, 97055|5618, 97111|5808, 97148|5937, 97185|6042, 97239|6211, 97319|6366, 97365|6506, 97405|6630, 97434|6725, 97459|6824, 97463|6926, 97464|7005, 97465|7089, 97466|7581, 97467|7681, 97477|9861, peking, 
97478|2302, 97480|2399, 97484|2506, 97486|2606, 97488|2867, 97491|2991, 97499|3298, 97500|3441, 97501|3684, 97506|3995, 97513|4271, 97516|4451, 97519|4565, 97525|4716, 97533|4879, 97535|5177, 97548|5296, 97610|5505, 97700|5718, 97776|5913, 97791|6064, 97795|6289, 97799|6611, 97809|6701, 97812|6787, 97815|6865, 97818|6953, 97824|7472, 97826|7814, 97827|7908, 97837|9828, cape+town, 
97840|2322, 97843|2415, 97845|2526, 97846|2615, 97848|2881, 97856|3100, 97859|3322, 97862|3864, 97863|3961, 97870|4264, 97875|4471, 97885|4629, 97887|4783, 97893|4893, 97899|4999, 97900|5167, 97909|5694, 97916|5916, 97924|6023, 97951|6135, 98049|6325, 98087|6491, 98091|6598, 98092|6996, 98093|7372, 98095|7475, 98096|7690, 98100|7864, 98110|9941, eiffel+tower, 
98111|2375, 98114|2468, 98118|2581, 98119|2669, 98120|2832, 98124|2962, 98130|3224, 98134|3486, 98135|3755, 98140|3936, 98143|4655, 98146|4813, 98157|5049, 98163|5194, 98174|5321, 98208|5495, 98335|5712, 98400|5853, 98457|5971, 98468|6096, 98470|6185, 98472|6752, 98473|7004, 98479|7081, 98482|7166, 98483|7243, 98484|7331, 98487|7685, 98488|7764, 98489|8020, 98494|9879, 98499|9997, pyongyang, 
98500|1468, 98501|2297, 98503|2375, 98506|2482, 98508|2578, 98509|2673, 98513|2962, 98524|3429, 98530|4208, 98538|4396, 98541|4561, 98545|4768, 98548|4929, 98559|5041, 98569|5160, 98720|5418, 98788|5543, 98807|5698, 98836|5885, 98844|6021, 98846|6130, 98851|6273, 98854|6904, 98859|7098, 98863|7176, 98864|7254, 98865|7330, 98869|7457, 98879|9808, singapore, 
98880|2444, 98882|2533, 98886|2621, 98887|2706, 98888|2819, 98903|3497, 98908|3835, 98911|4386, 98918|4527, 98928|4768, 98935|5126, 98946|5253, 99053|5546, 99092|5719, 99125|5942, 99130|6049, 99133|6153, 99134|6250, 99136|6668, 99137|7001, 99138|7156, 99143|7240, 99146|7322, 99147|7481, 99151|7589, 99152|7723, 99157|9844, 99162|9957, pyeongchang, 
99163|2375, 99168|2498, 99170|2627, 99171|2716, 99173|2891, 99175|3016, 99186|3459, 99191|3943, 99192|4076, 99195|4344, 99200|4439, 99204|4838, 99208|5160, 99213|5269, 99218|5498, 99220|5859, 99221|6200, 99222|6533, 99223|6817, 99225|7201, 99227|7291, 99228|7398, 99236|9793, big+ben, 
99237|2343, 99241|2536, 99243|2629, 99244|2730, 99248|2889, 99255|3056, 99256|3289, 99260|3570, 99265|3783, 99275|4363, 99280|4553, 99282|4755, 99287|4871, 99289|4971, 99306|5100, 99323|5305, 99340|5435, 99368|5551, 99411|5745, 99472|5925, 99519|6052, 99558|6171, 99599|6285, 99623|6454, 99624|6598, 99625|6811, 99626|6950, 99627|7349, 99628|7438, 99630|7614, 99636|10341, 99640|10462, mirabell+gardens, 
99641|2435, 99643|2540, 99647|2635, 99648|2731, 99651|2865, 99655|3037, 99662|3242, 99664|3430, 99668|3773, 99669|4033, 99671|4289, 99682|4499, 99684|4629, 99689|4799, 99692|5018, 99696|5130, 99708|5226, 99771|5430, 99786|5578, 99847|5784, 99889|5905, 99963|6080, 100033|6292, 100034|6599, 100036|6694, 100040|6771, 100049|6867, 100050|6952, 100054|7043, 100056|7142, 100057|7241, 100058|9152, 100068|9860, peking, 
100069|3213, 100074|3353, 100076|3453, 100077|3564, 100080|3781, 100087|3947, 100090|4194, 100092|4375, 100097|4796, 100099|5044, 100107|5283, 100111|5450, 100112|5581, 100118|5741, 100120|5838, 100138|5975, 100140|6171, 100168|6313, 100205|6587, 100271|6776, 100308|6891, 100331|7025, 100339|7136, 100341|7234, 100343|7619, 100345|8048, 100346|8177, 100351|8265, 100354|8380, 100358|8570, 100368|10825, burj+khalifa, 
100369|2354, 100371|2436, 100375|2563, 100376|2643, 100379|2851, 100383|3005, 100387|3250, 100391|3432, 100392|3584, 100397|4129, 100398|4424, 100406|4635, 100408|4740, 100413|4865, 100420|5077, 100431|5224, 100464|5416, 100555|5627, 100616|5805, 100665|5949, 100714|6132, 100715|6221, 100719|6633, 100723|6752, 100728|6908, 100733|7052, 100734|7196, 100735|7471, 100737|7551, 100741|7635, 100742|7705, 100746|7879, 100752|11217, 100756|11397, singapore, 
100757|2307, 100758|2400, 100762|2486, 100764|2603, 100767|2752, 100771|2877, 100775|3031, 100779|3386, 100780|3527, 100784|4200, 100790|4369, 100792|4493, 100793|4597, 100794|4942, 100798|5116, 100802|5202, 100803|5284, 100804|5374, 100805|5467, 100806|5551, 100808|5941, 100809|6314, 100810|6616, 100817|6758, 100819|7141, 100820|7296, 100821|7376, 100826|7531, 100828|7647, 100834|7844, 100847|7935, 100854|8120, 100860|8275, 100868|8556, 100961|8784, 101052|8939, 101053|9136, 101059|9266, 101069|10093, empire+state+building, 
101070|2281, 101075|2381, 101077|2486, 101078|2576, 101081|2823, 101083|2937, 101089|3255, 101093|3424, 101098|3867, 101099|4297, 101114|4622, 101123|4935, 101137|5084, 101219|5380, 101276|5522, 101308|5720, 101317|5897, 101318|5998, 101320|6431, 101322|6717, 101323|7012, 101329|7094, 101336|7177, 101339|7261, 101346|7356, 101348|7445, 101350|7738, 101351|8107, 101356|9697, 101361|9869, pyeongchang, 
101362|2266, 101367|2406, 101369|2507, 101370|2609, 101372|2832, 101376|2958, 101386|3323, 101389|3773, 101391|4039, 101401|4339, 101406|4514, 101415|4749, 101419|4894, 101427|5049, 101438|5152, 101576|5455, 101710|5651, 101760|5774, 101766|5893, 101769|6271, 101770|6381, 101771|6659, 101772|6904, 101775|6984, 101779|7066, 101780|7149, 101783|7238, 101785|7310, 101786|7587, 101796|9831, peking, 
101799|2300, 101802|2410, 101804|2516, 101805|2634, 101809|2906, 101815|3074, 101820|3399, 101821|3581, 101826|3856, 101828|4021, 101834|4308, 101843|4647, 101850|4798, 101857|5100, 101873|5274, 101988|5472, 102056|5599, 102105|5747, 102148|5909, 102151|5998, 102156|6097, 102161|6224, 102165|6373, 102166|6475, 102168|6761, 102169|6851, 102170|6963, 102171|7248, 102175|7331, 102179|7411, 102180|7488, 102185|7726, 102190|9743, 102195|9927, pyongyang, 
102196|2342, 102198|2416, 102202|2547, 102204|2640, 102207|2900, 102214|3063, 102216|3312, 102219|3554, 102222|3784, 102224|4077, 102225|4294, 102234|4556, 102235|4723, 102236|5028, 102256|5309, 102258|5455, 102264|5549, 102277|5691, 102346|5857, 102461|6036, 102569|6185, 102603|6311, 102612|6413, 102614|6513, 102616|7032, 102618|7258, 102619|7370, 102625|7483, 102627|7589, 102629|7671, 102630|7754, 102634|7858, 102635|7953, 102645|9853, the+great+wall+of+china, 
102648|2388, 102652|2493, 102653|2608, 102654|2743, 102656|2840, 102661|3072, 102669|3494, 102674|3986, 102677|4193, 102691|4492, 102697|4642, 102702|4762, 102707|4864, 102728|4971, 102730|5099, 102741|5305, 102756|5420, 102804|5555, 102967|5780, 102996|5987, 103015|6092, 103034|6296, 103040|6412, 103045|6619, 103047|6778, 103048|7397, 103049|7483, 103051|7746, 103056|9749, 103061|9947, mirabell+gardens, 
103062|2385, 103067|2514, 103069|2615, 103070|2698, 103072|2839, 103074|2942, 103080|3165, 103083|3410, 103085|3548, 103089|4167, 103094|4300, 103096|4403, 103100|4495, 103104|4589, 103105|4676, 103106|5048, 103107|5333, 103108|5603, 103109|5703, 103111|6275, 103112|6474, 103113|6904, 103114|6994, 103116|7267, 103122|7416, 103123|7577, 103126|7817, 103130|8066, 103135|8272, 103141|8522, 103161|8803, 103242|9492, 103363|9839, 103366|9987, 103376|10448, empire+state+building, 
103377|3655, 103379|3738, 103383|3878, 103385|3970, 103387|4277, 103394|4478, 103399|4754, 103401|4893, 103407|5222, 103409|5621, 103421|5846, 103422|5990, 103428|6329, 103437|6669, 103456|6810, 103621|7082, 103715|7247, 103768|7380, 103772|7499, 103773|7621, 103774|7977, 103783|8074, 103787|8155, 103792|8238, 103799|8338, 103800|8441, 103802|8524, 103803|9054, 103813|12452, peking, 
103814|2311, 103816|2399, 103820|2495, 103822|2610, 103824|2858, 103832|3140, 103834|3340, 103837|3491, 103840|3725, 103842|4069, 103848|4287, 103853|4466, 103854|4602, 103861|4734, 103866|4951, 103876|5084, 103918|5256, 104043|5635, 104050|5841, 104054|5956, 104055|6050, 104059|6159, 104061|6256, 104063|6361, 104064|6846, 104065|6942, 104066|7189, 104067|7483, 104069|7572, 104073|7667, 104074|7753, 104079|8151, 104089|9864, sydney+harbour, 
104091|2332, 104095|2433, 104096|2515, 104097|2604, 104098|2736, 104102|2978, 104108|3212, 104111|3457, 104113|3585, 104115|3838, 104118|3967, 104127|4388, 104133|4616, 104136|4843, 104145|5011, 104169|5288, 104171|5447, 104173|5563, 104185|5676, 104198|5825, 104295|5968, 104356|6128, 104362|6226, 104363|6435, 104365|6534, 104366|6754, 104367|7468, 104372|7584, 104374|7660, 104378|7922, 104383|9744, 104388|9885, petronas+towers, 
104389|2297, 104394|2405, 104396|2533, 104397|2637, 104399|2861, 104401|2953, 104411|3379, 104413|3549, 104415|3915, 104420|4290, 104430|4535, 104436|4662, 104443|4937, 104447|5133, 104459|5269, 104461|5466, 104466|5577, 104477|5700, 104522|5823, 104636|5999, 104703|6118, 104779|6245, 104811|6358, 104818|6563, 104822|6659, 104823|6772, 104828|6876, 104830|7214, 104831|7405, 104838|7582, 104839|7678, 104843|7828, 104848|9727, 104853|9931, the+great+wall+of+china, 
104854|2313, 104859|2419, 104861|2539, 104862|2748, 104866|2889, 104872|3067, 104877|3379, 104883|3967, 104894|4335, 104896|4456, 104897|4578, 104899|4679, 104904|5159, 104906|5470, 104907|5791, 104911|6119, 104915|6206, 104916|6298, 104918|6408, 104920|6723, 104922|7087, 104924|7182, 104925|7285, 104929|9722, 104933|9870, big+ben, 
104934|2267, 104936|2373, 104940|2490, 104941|2578, 104942|2703, 104944|2826, 104949|3009, 104957|3477, 104961|4185, 104962|4284, 104964|4383, 104968|4473, 104969|4566, 104970|4958, 104971|5046, 104973|5572, 104975|5674, 104977|6214, 104982|6312, 104984|6410, 104985|6501, 104987|6599, 104994|6730, 104996|6991, 105000|7121, 105001|7252, 105003|7368, 105009|7612, 105018|7810, 105036|7910, 105038|8037, 105048|8169, 105052|8510, 105189|8746, 105235|8932, 105236|9070, 105241|9322, 105242|9930, 105243|10093, 105252|10317, 105259|10713, empire+state+building, 
105262|2359, 105265|2434, 105267|2547, 105268|2646, 105270|2833, 105274|2997, 105281|3290, 105283|3453, 105288|4026, 105289|4209, 105296|4373, 105299|4568, 105300|4817, 105315|5239, 105317|5504, 105323|5612, 105335|5746, 105409|5903, 105490|6042, 105564|6177, 105650|6364, 105663|6485, 105669|6615, 105673|6720, 105677|6840, 105678|6929, 105682|7062, 105684|7156, 105688|7267, 105692|7382, 105693|7469, 105696|7635, 105697|7738, 105702|9777, 105707|9922, the+great+wall+of+china, 
105708|2331, 105711|2428, 105714|2530, 105716|2619, 105717|2761, 105720|2902, 105729|3263, 105732|3458, 105735|3761, 105737|3977, 105738|4207, 105747|4417, 105752|4582, 105765|4828, 105768|5056, 105787|5192, 105798|5309, 105898|5530, 105987|5702, 106021|5839, 106028|5941, 106059|6053, 106065|6153, 106067|6281, 106072|6401, 106075|6960, 106078|7059, 106083|7154, 106086|7264, 106089|7510, 106090|7601, 106100|9785, mt.+everest, 
106103|2357, 106106|2459, 106108|2554, 106109|2641, 106120|3163, 106122|3355, 106124|3516, 106128|3743, 106129|3865, 106138|4382, 106142|4571, 106156|4754, 106175|5000, 106189|5128, 106268|5312, 106408|5594, 106437|5715, 106449|5820, 106450|6227, 106451|6588, 106455|6699, 106459|6835, 106463|6948, 106466|7041, 106470|7140, 106475|7248, 106476|7337, 106480|7515, 106492|9845, mt.+everest, 
106493|2286, 106495|2370, 106499|2482, 106500|2579, 106501|2693, 106503|2839, 106507|2996, 106516|3367, 106517|3521, 106523|3766, 106524|3996, 106527|4233, 106536|4432, 106541|4650, 106546|4808, 106548|5005, 106564|5490, 106565|5599, 106570|5700, 106582|5817, 106659|5969, 106800|6106, 106880|6232, 106909|6364, 106916|6472, 106920|6578, 106921|6987, 106922|7311, 106923|7453, 106924|7544, 106926|7726, 106931|9755, 106936|9902, the+great+wall+of+china, 
106942|2342, 106945|2470, 106946|2563, 106947|2677, 106949|2802, 106953|2938, 106960|3241, 106962|3444, 106967|3816, 106978|4284, 106991|4521, 106996|4712, 107002|4910, 107014|5052, 107048|5175, 107149|5367, 107185|5559, 107192|5785, 107195|6177, 107198|6270, 107200|6551, 107201|6856, 107202|7076, 107205|7152, 107210|7237, 107212|7357, 107215|7434, 107216|7519, 107226|9858, pyeongchang, 
107227|2407, 107232|2500, 107233|2609, 107235|2711, 107239|3011, 107245|3243, 107250|3521, 107255|3887, 107261|4363, 107270|4528, 107271|4704, 107287|4926, 107295|5136, 107301|5252, 107333|5408, 107524|5723, 107591|5971, 107596|6102, 107597|6208, 107598|6314, 107599|6694, 107600|7069, 107601|7376, 107603|7455, 107607|7535, 107608|7622, 107613|7805, 107618|9782, 107623|9939, mt.+everest, 
107626|2430, 107629|2521, 107631|2640, 107632|2750, 107635|2997, 107642|3219, 107645|3444, 107647|3628, 107653|4086, 107656|4360, 107661|4482, 107664|4597, 107669|4876, 107673|4980, 107679|5097, 107737|5524, 107765|5673, 107883|5981, 107897|6110, 107902|6214, 107907|6421, 107910|6900, 107911|7316, 107912|7500, 107917|7584, 107919|7684, 107922|7943, 107923|8027, 107933|9857, burj+khalifa, 
107936|2387, 107940|2487, 107942|2600, 107944|2818, 107946|2966, 107953|3203, 107957|3516, 107959|3689, 107962|3844, 107965|4327, 107970|4473, 107977|4638, 107982|4786, 107989|5302, 107991|5416, 107998|5525, 108019|5676, 108132|5824, 108243|6044, 108251|6181, 108252|6282, 108253|6676, 108257|6759, 108262|6843, 108269|6928, 108275|7086, 108280|7423, 108281|7761, 108291|9850, cape+town, 
108294|2408, 108297|2506, 108299|2625, 108300|2730, 108302|2882, 108304|2994, 108311|3264, 108313|3443, 108315|3622, 108320|3868, 108321|4228, 108331|4412, 108341|4656, 108348|4853, 108357|4978, 108476|5243, 108638|5565, 108646|5724, 108650|5865, 108653|5970, 108657|6073, 108659|6593, 108666|6816, 108668|6910, 108670|6998, 108673|7083, 108677|7200, 108680|7279, 108682|7361, 108685|7511, 108686|7610, 108691|9793, 108696|9949, pyongyang, 
108697|2308, 108702|2421, 108704|2538, 108705|2620, 108707|2861, 108711|2989, 108720|3450, 108725|3937, 108726|4207, 108736|4407, 108739|4559, 108741|4692, 108750|5381, 108751|5519, 108759|5714, 108772|5855, 108790|6005, 108970|6263, 108975|6513, 108976|6614, 108977|6724, 108979|7489, 108981|7916, 108986|9749, 108991|9880, acropolis+of+athens, 
108992|2329, 108997|2459, 108999|2608, 109000|2719, 109002|2841, 109004|2983, 109015|3441, 109016|3589, 109017|3690, 109020|3825, 109027|4448, 109030|4626, 109040|4784, 109042|4922, 109060|5129, 109194|5465, 109232|5633, 109240|5838, 109244|5948, 109246|6144, 109248|6548, 109249|6640, 109251|7204, 109254|7285, 109256|7363, 109260|7454, 109261|7531, 109263|7620, 109267|8189, 109277|9917, pyeongchang, 
109280|2362, 109283|2464, 109285|2567, 109286|2682, 109289|2953, 109296|3196, 109300|3466, 109301|3594, 109306|4395, 109311|4553, 109318|4751, 109323|4905, 109329|5053, 109345|5221, 109351|5384, 109361|5518, 109424|5707, 109501|5810, 109589|5987, 109593|6114, 109598|6214, 109599|6302, 109601|6693, 109603|6789, 109608|7388, 109613|7556, 109617|7772, 109622|9762, 109627|9891, taipei+101, 
109628|2330, 109633|2420, 109634|2530, 109636|2622, 109643|2989, 109650|3386, 109651|3509, 109652|3699, 109658|4245, 109669|4455, 109674|4671, 109692|4812, 109737|5075, 109818|5392, 109822|5685, 109824|6195, 109826|6806, 109827|7212, 109829|7327, 109833|7416, 109837|7518, 109839|7616, 109843|7716, 109844|7797, 109845|8079, 109855|10311, wencelas+square+prague, 
109858|2287, 109861|2374, 109863|2491, 109864|2598, 109866|2713, 109868|2835, 109876|3054, 109879|3366, 109885|3914, 109889|4247, 109898|4420, 109899|4525, 109900|4608, 109907|4731, 109909|4826, 109914|5056, 109915|5194, 109932|5478, 109937|5584, 109945|5701, 109953|5809, 109971|5908, 110103|6117, 110115|6278, 110122|6403, 110123|6496, 110125|6699, 110127|7068, 110128|7220, 110129|7319, 110130|7415, 110134|7946, 110139|9700, 110144|9860, eiffel+tower, 
110145|2397, 110150|2521, 110152|2645, 110153|2797, 110156|2907, 110159|3023, 110168|3319, 110170|3549, 110174|3775, 110175|3883, 110182|4422, 110190|4633, 110191|4763, 110205|5190, 110209|5410, 110225|5684, 110229|5878, 110325|6055, 110404|6284, 110420|6453, 110425|7050, 110428|7482, 110430|7917, 110431|8038, 110441|9914, acropolis+of+athens, 
110442|2288, 110447|2410, 110448|2518, 110449|2604, 110450|2755, 110452|2895, 110456|3022, 110463|3375, 110465|3520, 110467|3648, 110470|3799, 110473|4317, 110475|4463, 110477|4588, 110484|4723, 110492|4860, 110507|4975, 110518|5172, 110537|5370, 110548|5493, 110617|5634, 110738|5853, 110786|6100, 110804|6264, 110822|6408, 110827|6850, 110828|7245, 110830|7361, 110832|7491, 110833|7661, 110843|9962, mirabell+gardens, 
110844|2232, 110849|2398, 110851|2546, 110855|2792, 110858|2905, 110865|3249, 110867|3447, 110870|3711, 110872|3864, 110885|4351, 110889|4514, 110902|4686, 110916|4990, 111009|5233, 111138|5525, 111196|5709, 111202|5812, 111209|5919, 111213|6014, 111218|6156, 111219|6260, 111220|6581, 111221|6696, 111222|6942, 111223|7130, 111229|7222, 111230|7303, 111231|7397, 111232|7484, 111236|7624, 111241|9702, 111246|9838, pyongyang, 
111247|2345, 111252|2421, 111254|2548, 111255|2744, 111258|2970, 111265|3216, 111268|3401, 111269|3906, 111271|4045, 111283|4365, 111288|4594, 111292|4828, 111293|4930, 111301|5059, 111317|5205, 111371|5360, 111433|5731, 111438|5916, 111443|6095, 111445|6518, 111446|6622, 111447|6721, 111449|7243, 111451|7553, 111452|7660, 111454|7846, 111464|9962, wencelas+square+prague, 
111467|2309, 111470|2404, 111472|2512, 111473|2623, 111477|2920, 111483|3076, 111488|3315, 111491|3571, 111495|4075, 111499|4163, 111500|4310, 111504|4399, 111509|4494, 111511|4655, 111513|4742, 111515|4836, 111517|5478, 111518|5576, 111519|5676, 111520|6126, 111521|6393, 111522|6637, 111528|7116, 111531|7528, 111535|7743, 111538|7862, 111545|7984, 111548|8114, 111566|8240, 111570|8505, 111580|8668, 111623|8921, 111767|9305, 111772|9485, 111773|9631, 111778|10207, 111783|10333, empire+state+building, 
111784|2391, 111786|2477, 111790|2612, 111792|2735, 111795|2915, 111802|3223, 111805|3432, 111807|3616, 111812|3986, 111813|4163, 111822|4362, 111824|4524, 111831|4873, 111834|5213, 111841|5322, 111862|5465, 111918|5605, 112085|5895, 112094|6067, 112101|6189, 112103|6293, 112106|6740, 112108|7078, 112110|7161, 112111|7257, 112121|9822, cape+town, 
112123|2336, 112125|2423, 112129|2534, 112130|2617, 112131|2746, 112133|2855, 112141|3106, 112145|3292, 112147|3433, 112154|3995, 112159|4291, 112169|4486, 112182|5146, 112190|5326, 112203|5444, 112250|5597, 112467|5931, 112491|6110, 112531|6286, 112532|6792, 112542|6882, 112544|6966, 112549|7138, 112556|7224, 112558|7304, 112562|7399, 112564|7520, 112572|9711, 112574|9842, peking, 
112577|2379, 112581|2482, 112582|2591, 112583|2719, 112585|2851, 112595|3144, 112597|3449, 112598|3595, 112600|3708, 112603|3852, 112605|4298, 112608|4469, 112611|4587, 112620|4727, 112625|4875, 112631|5006, 112650|5202, 112675|5405, 112687|5571, 112721|5738, 112804|5876, 112843|6034, 112845|6146, 112846|6438, 112847|6720, 112850|6808, 112855|6904, 112858|7032, 112861|7200, 112863|7401, 112866|7483, 112869|7574, 112872|7689, 112876|7954, 112886|9833, burj+khalifa, 
112887|2285, 112889|2467, 112893|2614, 112894|2729, 112899|2930, 112905|3113, 112908|3364, 112910|3547, 112913|3705, 112914|3874, 112916|4125, 112920|4399, 112923|4516, 112934|4725, 112941|4838, 112955|5016, 112977|5193, 112990|5345, 113021|5512, 113104|5660, 113139|5808, 113147|5999, 113151|6128, 113152|6249, 113157|6346, 113159|6444, 113162|6968, 113164|7156, 113169|7355, 113173|7442, 113174|7527, 113179|7746, 113189|9840, burj+khalifa, 
113190|2335, 113196|2488, 113197|2580, 113198|2686, 113203|2982, 113211|3261, 113212|3412, 113213|3517, 113218|3887, 113224|4390, 113229|4565, 113230|4718, 113236|4886, 113238|5000, 113255|5241, 113258|5414, 113269|5524, 113273|5640, 113359|5785, 113454|5959, 113508|6116, 113545|6250, 113548|6345, 113552|6446, 113554|6548, 113556|7086, 113557|7225, 113558|7495, 113565|7618, 113566|7695, 113569|7864, 113570|7956, 113575|9829, 113580|9933, pyramids+of+giza, 
113582|2301, 113586|2387, 113587|2483, 113588|2569, 113589|2714, 113593|2879, 113602|3245, 113604|3436, 113606|3631, 113607|3761, 113609|4163, 113622|4391, 113624|4523, 113633|4725, 113639|4856, 113640|5024, 113646|5137, 113660|5265, 113730|5413, 113841|5540, 113890|5708, 113892|5837, 113900|5982, 113904|6118, 113908|6228, 113912|6326, 113914|6413, 113915|6829, 113916|6957, 113926|9917, cape+town, 
113929|2540, 113932|2635, 113935|2744, 113937|2945, 113941|3071, 113947|3341, 113949|3497, 113950|3601, 113952|3810, 113955|3979, 113958|4177, 113963|4377, 113974|4552, 113976|4689, 113981|4811, 113984|5074, 113992|5156, 114005|5255, 114022|5346, 114165|5584, 114176|5725, 114206|5885, 114212|6057, 114213|6630, 114218|6719, 114220|6789, 114223|6947, 114224|7028, 114229|9782, 114234|9924, toronto+canada, 
114235|2339, 114237|2468, 114242|2587, 114243|2779, 114246|2927, 114254|3190, 114258|3544, 114260|3659, 114262|3774, 114263|3875, 114266|4471, 114274|4802, 114281|5060, 114305|5249, 114334|5422, 114440|5595, 114477|5752, 114482|5854, 114483|5953, 114485|6073, 114491|6174, 114492|6274, 114494|6375, 114498|6467, 114500|6623, 114501|6861, 114507|6947, 114509|7029, 114511|7200, 114514|7460, 114515|7537, 114516|7854, 114526|9865, pyeongchang, 
114527|2348, 114529|2447, 114534|2616, 114535|2726, 114544|3124, 114550|3461, 114555|3772, 114558|4323, 114565|4491, 114566|4637, 114568|4750, 114573|4852, 114575|4951, 114582|5141, 114585|5381, 114594|5668, 114600|5789, 114619|5917, 114748|6114, 114796|6258, 114800|6393, 114801|6695, 114802|6812, 114803|7428, 114804|7521, 114806|7920, 114807|8019, 114812|9781, 114817|9946, acropolis+of+athens, 
114820|2440, 114825|2578, 114826|2757, 114828|2921, 114836|3158, 114840|3405, 114841|3530, 114846|4043, 114849|4344, 114858|4501, 114860|4642, 114864|4737, 114874|4895, 114880|5178, 114892|5324, 114936|5442, 115054|5752, 115086|5900, 115092|6007, 115096|6129, 115100|6231, 115105|6336, 115110|6547, 115112|6888, 115116|7207, 115120|7309, 115121|7384, 115124|7540, 115125|7631, 115130|9831, 115135|9999, toronto+canada, 
115136|2288, 115138|2369, 115141|2481, 115143|2616, 115144|2732, 115146|2881, 115156|3233, 115161|3570, 115164|3702, 115166|3961, 115169|4178, 115176|4329, 115177|4487, 115183|4691, 115184|4877, 115190|5015, 115230|5181, 115343|5347, 115379|5591, 115389|5763, 115393|5885, 115394|6092, 115396|6601, 115397|6867, 115398|7044, 115400|7136, 115404|7222, 115405|7310, 115408|7392, 115409|7493, 115414|9725, 115419|9886, pyeongchang, 
115421|2363, 115425|2511, 115428|2732, 115433|3003, 115444|3472, 115447|3659, 115450|3779, 115453|4642, 115459|4834, 115478|5084, 115486|5280, 115524|5509, 115667|5751, 115765|5945, 115785|6057, 115788|6498, 115789|6820, 115790|7239, 115791|7335, 115797|7429, 115799|7510, 115800|7589, 115801|7766, 115805|7975, 115810|9750, 115815|9870, mt.+everest, 
115818|2422, 115823|2565, 115824|2669, 115828|2952, 115837|3266, 115839|3515, 115844|3870, 115845|4304, 115851|4440, 115855|4568, 115860|4775, 115863|4919, 115865|5043, 115870|5198, 115894|5356, 115896|5535, 115902|5652, 115910|5778, 115932|5936, 116048|6093, 116111|6245, 116114|6376, 116117|6479, 116118|6581, 116119|7008, 116120|7284, 116122|7457, 116123|7680, 116127|7921, 116137|9836, colosseum+rome, 
116143|2417, 116145|2542, 116146|2649, 116148|2878, 116156|3082, 116159|3381, 116161|3538, 116166|4018, 116177|4431, 116184|4574, 116188|4654, 116193|4804, 116198|4906, 116199|5007, 116205|5158, 116221|5598, 116223|5782, 116234|5892, 116241|6002, 116395|6229, 116398|6340, 116405|6546, 116410|6656, 116414|6758, 116416|6846, 116418|7094, 116419|7271, 116420|7439, 116421|7562, 116425|8134, 116430|9754, 116435|9939, eiffel+tower, 
116436|2342, 116441|2453, 116443|2593, 116444|2719, 116448|2966, 116457|3261, 116459|3537, 116464|3894, 116475|4399, 116483|4638, 116494|4856, 116500|5158, 116518|5301, 116587|5421, 116696|5792, 116715|5945, 116720|6121, 116721|6455, 116724|6548, 116729|6649, 116730|6729, 116731|6829, 116735|6941, 116745|9773, toronto+canada, 
116751|3676, 116753|3784, 116754|3873, 116756|4081, 116767|4415, 116768|4616, 116769|4748, 116774|5125, 116777|5335, 116787|5553, 116790|5730, 116797|5862, 116800|6029, 116810|6155, 116844|6404, 116980|6633, 116987|6801, 116995|6940, 116996|7034, 116998|7337, 117000|7433, 117003|7965, 117004|8299, 117005|8462, 117006|8632, 117010|8725, 117013|8826, 117018|9226, 117028|11549, sydney+harbour, 
117029|2329, 117031|2423, 117035|2514, 117036|2594, 117037|2711, 117039|2845, 117041|2963, 117050|3269, 117055|3560, 117057|3712, 117060|4230, 117073|4492, 117076|4723, 117081|4871, 117089|4998, 117090|5130, 117097|5335, 117110|5569, 117133|5736, 117309|5936, 117321|6131, 117326|6490, 117328|6595, 117330|7203, 117331|7290, 117332|7388, 117334|7728, 117339|9816, 117344|9996, colosseum+rome, 
117345|2437, 117347|2527, 117352|2692, 117353|2782, 117357|3045, 117366|3399, 117368|3577, 117377|4434, 117385|4599, 117389|4725, 117391|4815, 117398|5071, 117403|5192, 117408|5293, 117417|5415, 117433|5751, 117435|5897, 117450|6091, 117479|6209, 117645|6390, 117648|6515, 117651|6630, 117656|6730, 117657|6839, 117659|7670, 117663|8241, 117668|9792, 117673|9988, colosseum+rome, 
117674|2318, 117676|2402, 117679|2494, 117681|2595, 117682|2686, 117684|2878, 117686|2985, 117692|3182, 117695|3359, 117697|3498, 117702|3754, 117703|4132, 117709|4278, 117713|4404, 117715|4667, 117722|4819, 117741|5004, 117753|5303, 117762|5449, 117780|5581, 117899|5760, 117987|5916, 118033|6101, 118034|6196, 118038|6297, 118039|6727, 118040|6827, 118042|6929, 118046|7414, 118050|7529, 118051|7611, 118055|7800, 118065|9940, pyramids+of+giza, 
118066|2331, 118071|2419, 118073|2555, 118074|2657, 118076|2789, 118081|3008, 118087|3225, 118089|3482, 118097|4184, 118105|4409, 118106|4517, 118107|4642, 118122|5207, 118123|5323, 118125|5443, 118136|5577, 118146|5695, 118269|5876, 118341|6069, 118343|6195, 118347|6503, 118348|6767, 118351|7211, 118353|7399, 118354|7527, 118364|9925, acropolis+of+athens, 
118365|2273, 118367|2356, 118370|2461, 118372|2574, 118373|2664, 118375|2815, 118377|2932, 118385|3306, 118388|3439, 118390|3693, 118391|3812, 118393|3958, 118399|4415, 118408|4620, 118409|4702, 118416|4835, 118417|4943, 118421|5065, 118422|5252, 118429|5388, 118430|5528, 118442|5663, 118446|5792, 118509|5937, 118605|6071, 118612|6232, 118617|6342, 118620|6460, 118622|6672, 118624|6770, 118626|7292, 118628|7387, 118629|7498, 118630|7591, 118631|7713, 118634|8161, 118639|9760, 118644|9922, eiffel+tower, 
118645|2530, 118647|2630, 118651|2710, 118653|2818, 118655|2947, 118664|3230, 118666|3485, 118668|3646, 118670|3800, 118673|3975, 118676|4446, 118677|4573, 118682|4713, 118687|4806, 118693|4933, 118698|5042, 118700|5148, 118708|5397, 118723|5536, 118724|5643, 118729|5729, 118740|5853, 118761|5967, 118899|6232, 118900|6379, 118906|6486, 118907|6884, 118908|7185, 118910|7476, 118915|8149, 118925|9907, eiffel+tower, 
118926|2296, 118927|2390, 118931|2529, 118933|2641, 118934|2759, 118937|2897, 118943|3059, 118948|3384, 118949|3530, 118954|3814, 118962|4233, 118965|4420, 118972|4558, 118987|4727, 118999|5010, 119007|5121, 119095|5384, 119189|5554, 119247|5734, 119248|5850, 119252|5967, 119253|6356, 119254|6653, 119255|6963, 119261|7268, 119264|7375, 119268|7669, 119273|9838, 119278|10025, taipei+101, 
119279|2316, 119283|2418, 119286|2535, 119287|2637, 119291|2926, 119297|3135, 119303|3473, 119304|3594, 119309|3803, 119317|4463, 119321|4627, 119325|4761, 119331|4923, 119342|5106, 119345|5376, 119354|5473, 119358|5584, 119423|5721, 119583|5877, 119628|6051, 119633|6171, 119637|6487, 119640|6588, 119642|7101, 119644|7433, 119649|7551, 119651|7637, 119655|7835, 119660|9784, 119665|9917, pyramids+of+giza, 
119666|2416, 119668|2518, 119673|2691, 119674|2786, 119676|2916, 119684|3210, 119687|3467, 119688|3618, 119689|3732, 119695|4312, 119702|4487, 119707|4618, 119713|4768, 119719|4912, 119723|5090, 119737|5230, 119739|5395, 119741|5547, 119753|5675, 119758|5781, 119847|5925, 119984|6127, 120020|6274, 120025|6382, 120026|6708, 120027|7037, 120030|7612, 120034|7704, 120035|7780, 120038|8004, 120039|8103, 120044|9864, 120049|9984, pyramids+of+giza, 
120050|2371, 120055|2495, 120057|2615, 120058|2749, 120061|2883, 120063|2973, 120068|3175, 120072|3394, 120073|3559, 120078|3934, 120086|4504, 120099|4785, 120103|4972, 120121|5098, 120264|5406, 120340|5595, 120403|5753, 120408|5885, 120413|6007, 120415|6102, 120416|6400, 120420|6521, 120423|6626, 120425|6718, 120427|6863, 120432|6978, 120436|7096, 120440|7190, 120441|7266, 120444|7361, 120445|7441, 120455|9800, pyongyang, 
120461|2441, 120463|2558, 120464|2693, 120466|2954, 120474|3221, 120479|3608, 120484|3795, 120486|4246, 120496|4430, 120497|4537, 120503|4748, 120511|4869, 120526|5167, 120558|5372, 120625|5576, 120685|5720, 120707|5851, 120708|5947, 120713|6350, 120717|6657, 120721|6755, 120722|6846, 120727|6962, 120728|7351, 120731|7448, 120736|7546, 120739|7835, 120740|7936, 120750|9840, burj+khalifa, 
120751|2374, 120753|2457, 120757|2575, 120758|2662, 120759|2771, 120764|3058, 120771|3301, 120772|3438, 120774|3616, 120776|3734, 120779|3910, 120781|4473, 120789|4615, 120790|4695, 120793|4805, 120798|4903, 120805|5015, 120818|5153, 120830|5321, 120853|5486, 120883|5593, 121034|5775, 121146|6100, 121158|6296, 121164|6465, 121165|6629, 121170|6732, 121172|7039, 121173|7296, 121174|7421, 121176|7518, 121178|7690, 121179|7775, 121180|8404, 121190|9977, mirabell+gardens, 
121191|2356, 121194|2444, 121197|2561, 121199|2665, 121200|2773, 121202|2893, 121210|3132, 121214|3387, 121215|3504, 121217|3639, 121218|3801, 121219|4036, 121228|4262, 121229|4392, 121232|4536, 121234|4626, 121240|4830, 121253|4994, 121255|5187, 121267|5347, 121277|5475, 121386|5625, 121496|5814, 121503|5956, 121506|6062, 121509|6147, 121513|6247, 121515|6363, 121516|6796, 121518|7378, 121523|7491, 121524|7589, 121528|7856, 121533|9751, 121538|9876, taipei+101, 
121539|2345, 121544|2529, 121546|2636, 121547|2768, 121551|2984, 121559|3248, 121560|3400, 121562|3651, 121567|3839, 121573|4691, 121576|4794, 121584|5031, 121604|5207, 121606|5450, 121618|5564, 121637|5677, 121822|5966, 121888|6168, 121903|6293, 121904|6395, 121906|7007, 121907|7296, 121908|7480, 121914|7603, 121916|7704, 121920|7900, 121930|9861, pyramids+of+giza, 
121933|2377, 121937|2473, 121939|2576, 121941|2723, 121943|2882, 121947|3011, 121954|3329, 121956|3530, 121961|3925, 121962|4315, 121972|4553, 121976|4773, 121986|4936, 122010|5229, 122012|5370, 122021|5479, 122027|5581, 122124|5746, 122191|5900, 122196|6069, 122199|6175, 122200|6452, 122201|6737, 122202|7104, 122203|7362, 122205|7493, 122207|7755, 122217|9905, petronas+towers, 
122218|2307, 122220|2397, 122224|2537, 122225|2621, 122226|2734, 122228|2844, 122230|2952, 122236|3129, 122239|3405, 122240|3538, 122243|3679, 122246|3875, 122248|4208, 122250|4426, 122255|4576, 122258|4663, 122263|4774, 122268|4890, 122274|4976, 122287|5138, 122293|5373, 122302|5481, 122319|5587, 122353|5730, 122437|5961, 122503|6147, 122545|6289, 122597|6475, 122603|6599, 122604|7051, 122605|7310, 122606|7405, 122608|7886, 122618|9872, mirabell+gardens, 
122620|2660, 122624|2774, 122626|2869, 122627|2961, 122629|3206, 122641|3525, 122642|3721, 122643|3836, 122650|4372, 122660|4707, 122664|4838, 122665|4960, 122669|5107, 122680|5276, 122686|5412, 122691|5515, 122701|5650, 122721|5780, 122838|5951, 122927|6097, 122933|6240, 122940|6349, 122942|6451, 122947|6646, 122949|6936, 122951|7051, 122952|7586, 122958|7741, 122960|7906, 122963|8163, 122964|8250, 122969|10074, 122974|10212, taipei+101, 
122975|2343, 122977|2425, 122981|2563, 122982|2656, 122985|2848, 122989|3058, 122995|3288, 122998|3596, 123003|3844, 123005|4274, 123011|4425, 123016|4586, 123019|4783, 123025|4891, 123038|5006, 123044|5208, 123059|5354, 123067|5452, 123147|5611, 123314|5870, 123331|6058, 123360|6251, 123362|6471, 123367|6713, 123369|7093, 123372|7236, 123373|7399, 123374|7487, 123376|7654, 123381|9749, 123386|9907, mirabell+gardens, 
123387|2353, 123390|2425, 123393|2543, 123396|2645, 123397|2770, 123399|2876, 123407|3151, 123410|3348, 123411|3542, 123414|3705, 123418|4052, 123420|4176, 123428|4421, 123429|4683, 123430|4786, 123437|5070, 123438|5226, 123452|5420, 123462|5557, 123561|5701, 123654|5917, 123659|6244, 123660|6555, 123661|6688, 123664|6798, 123665|6973, 123667|7194, 123669|7565, 123679|9868, acropolis+of+athens, 
123680|2388, 123682|2576, 123686|2691, 123688|2806, 123691|3024, 123698|3297, 123701|3433, 123703|3576, 123716|4462, 123718|4572, 123720|4716, 123723|4830, 123733|5019, 123741|5190, 123753|5327, 123761|5464, 123857|5612, 123981|5786, 123991|5908, 123996|6038, 123998|6188, 124001|6282, 124003|6739, 124004|7031, 124011|7592, 124013|7736, 124017|7946, 124027|9863, taipei+101, 
124028|2376, 124033|2476, 124035|2593, 124036|2686, 124038|2813, 124040|2922, 124049|3203, 124051|3553, 124057|4008, 124062|4348, 124070|4497, 124071|4635, 124073|4765, 124074|4886, 124080|5052, 124091|5185, 124109|5427, 124115|5566, 124125|5682, 124142|5789, 124320|6006, 124358|6177, 124395|6322, 124397|6533, 124399|6634, 124401|6914, 124402|7041, 124405|7611, 124409|7703, 124410|7785, 124414|8034, 124419|9814, 124424|9987, pyramids+of+giza, 
124425|2313, 124427|2400, 124431|2548, 124432|2647, 124435|2831, 124439|3008, 124446|3332, 124448|3491, 124449|3843, 124453|4020, 124460|4292, 124464|4461, 124472|4973, 124474|5253, 124487|5403, 124515|5567, 124629|5750, 124699|5900, 124703|6029, 124707|6165, 124708|6501, 124711|6675, 124715|6762, 124717|6837, 124720|7001, 124725|7092, 124729|7167, 124730|7251, 124734|7370, 124744|9795, toronto+canada, 
124745|2396, 124747|2477, 124750|2567, 124752|2686, 124753|2772, 124759|3068, 124766|3448, 124767|3581, 124768|3699, 124773|4313, 124781|4539, 124784|4685, 124787|4796, 124797|4962, 124804|5114, 124817|5298, 124827|5502, 125021|5755, 125052|5970, 125053|6129, 125057|6233, 125061|6328, 125062|6434, 125067|6538, 125069|6961, 125070|7375, 125076|7545, 125079|7703, 125082|7799, 125083|7889, 125093|9879, taipei+101, 
125096|7755, 125099|7840, 125100|7945, 125102|8085, 125104|8219, 125108|8381, 125115|8679, 125117|8828, 125120|9156, 125122|9477, 125129|9734, 125140|9993, 125160|10214, 125170|10398, 125182|10531, 125205|10657, 125325|10861, 125420|11000, 125453|11136, 125458|11252, 125459|11368, 125460|11700, 125462|12010, 125468|12130, 125471|12254, 125473|12423, 125476|12614, 125480|12700, 125481|12787, 125485|13057, 125490|15082, 125495|15240, mt.+everest, 
125496|2253, 125498|2357, 125502|2501, 125503|2586, 125504|2718, 125510|3008, 125517|3263, 125519|3379, 125521|3581, 125524|3813, 125525|4071, 125532|4259, 125539|4418, 125543|4498, 125550|4645, 125565|4819, 125572|5027, 125578|5147, 125589|5296, 125646|5429, 125752|5705, 125758|5834, 125759|5922, 125760|6252, 125761|6349, 125762|6647, 125765|7140, 125766|7232, 125769|7575, 125770|9772, 125779|9909, petronas+towers, 
125780|2362, 125782|2462, 125785|2599, 125787|2688, 125788|2775, 125790|2896, 125793|3018, 125798|3246, 125801|3443, 125803|3684, 125808|3874, 125809|4285, 125815|4486, 125820|4630, 125825|4775, 125835|4907, 125837|5003, 125849|5232, 125861|5444, 125883|5548, 125901|5652, 126004|5835, 126113|6034, 126174|6251, 126180|6379, 126182|6911, 126183|7291, 126184|7494, 126186|7608, 126188|7776, 126198|9790, mirabell+gardens, 
126199|2332, 126204|2476, 126206|2588, 126207|2684, 126209|2947, 126221|3305, 126222|3465, 126227|3975, 126233|4381, 126243|4659, 126249|4786, 126258|4985, 126272|5162, 126290|5292, 126427|5534, 126510|5727, 126563|5918, 126571|6062, 126572|6173, 126577|6478, 126579|6582, 126581|6692, 126582|7049, 126583|7243, 126590|7364, 126591|7446, 126595|7736, 126605|9875, mt.+everest, 
126606|2329, 126610|2545, 126612|2658, 126614|2741, 126616|2883, 126620|3083, 126627|3387, 126629|3658, 126632|3796, 126634|4012, 126637|4260, 126645|4486, 126649|4603, 126659|4781, 126660|4911, 126666|5062, 126684|5222, 126838|5467, 126843|5585, 126875|5740, 126885|5852, 126887|6395, 126889|6653, 126890|6994, 126891|7095, 126893|7161, 126898|7242, 126901|7395, 126902|7506, 126904|8648, 126909|8744, 126910|8838, 126912|8929, 126922|9843, toronto+canada, 
126923|2356, 126928|2505, 126930|2618, 126931|2831, 126933|2923, 126937|3045, 126945|3396, 126946|3611, 126951|3993, 126952|4293, 126954|4424, 126962|4583, 126964|4873, 126970|5003, 126979|5201, 126982|5369, 126994|5517, 127010|5653, 127133|5821, 127320|6032, 127328|6195, 127331|6299, 127337|6442, 127339|6541, 127341|6629, 127344|6714, 127346|7096, 127347|7220, 127352|9787, 127357|9928, cape+town, 
127358|2382, 127360|2470, 127363|2585, 127365|2683, 127366|2790, 127369|2979, 127375|3197, 127379|3412, 127381|3594, 127386|3874, 127389|4220, 127397|4426, 127398|4613, 127403|4752, 127418|5008, 127439|5189, 127451|5308, 127586|5554, 127673|5754, 127698|5851, 127707|5958, 127712|6051, 127715|6148, 127720|6254, 127724|6372, 127725|6481, 127728|6984, 127729|7187, 127736|7292, 127738|7387, 127743|7632, 127753|9965, mt.+everest, 
127756|2294, 127759|2378, 127761|2476, 127762|2574, 127764|2835, 127771|3029, 127777|3335, 127780|3585, 127782|3860, 127786|4217, 127793|4360, 127797|4499, 127803|4753, 127805|5036, 127811|5144, 127827|5273, 127938|5434, 127986|5568, 128028|5711, 128034|5844, 128037|5978, 128039|6125, 128040|6280, 128041|6473, 128047|6571, 128049|6663, 128054|6895, 128059|9664, 128064|9778, toronto+canada, 
128065|2439, 128067|2549, 128072|2640, 128073|2750, 128079|2955, 128087|3340, 128089|3508, 128096|3805, 128097|4110, 128106|4316, 128107|4429, 128113|4571, 128121|4735, 128145|5056, 128162|5201, 128336|5461, 128396|5674, 128433|5809, 128439|5922, 128442|6029, 128443|6365, 128444|6683, 128445|7019, 128448|7311, 128451|7391, 128453|7487, 128456|7692, 128457|7787, 128467|9824, mt.+everest, 
128470|2355, 128473|2439, 128475|2627, 128476|2755, 128478|2886, 128482|3019, 128490|3401, 128491|3540, 128497|4000, 128500|4230, 128505|4387, 128508|4514, 128509|4617, 128510|4732, 128518|4914, 128538|5069, 128543|5219, 128546|5397, 128551|5521, 128560|5649, 128580|5774, 128732|5987, 128734|6172, 128740|6304, 128741|6949, 128742|7363, 128743|7459, 128745|7819, 128750|10227, 128755|10363, petronas+towers, 
128756|2392, 128758|2478, 128762|2598, 128764|2704, 128767|2931, 128771|3049, 128780|3491, 128783|3786, 128786|3950, 128796|4392, 128801|4592, 128811|5184, 128818|5293, 128831|5472, 128922|5631, 128994|5795, 128995|5953, 129002|6353, 129006|6459, 129007|6545, 129011|6650, 129013|6752, 129019|7276, 129023|7349, 129025|7432, 129026|7542, 129031|7932, 129041|9853, sydney+harbour, 
129043|2444, 129045|2523, 129048|2620, 129050|2699, 129051|2813, 129053|2957, 129061|3198, 129065|3452, 129067|3593, 129073|3963, 129076|4334, 129084|4564, 129092|4819, 129103|5123, 129117|5271, 129251|5526, 129285|5683, 129288|5806, 129291|5903, 129293|6003, 129295|6507, 129297|6827, 129299|6931, 129300|7282, 129301|7597, 129306|7681, 129307|7758, 129308|7846, 129314|8438, 129324|9927, sydney+harbour, 
129325|2330, 129330|2435, 129332|2551, 129333|2636, 129336|2874, 129339|2989, 129346|3262, 129348|3583, 129353|4172, 129356|4471, 129368|4668, 129369|4774, 129374|4952, 129382|5142, 129390|5296, 129401|5413, 129430|5548, 129562|5730, 129565|5851, 129601|6014, 129607|6128, 129609|6399, 129615|6535, 129616|6644, 129624|6748, 129629|6855, 129632|7028, 129635|7266, 129637|7349, 129638|7596, 129648|9837, toronto+canada, 
129649|2372, 129651|2472, 129655|2607, 129656|2700, 129657|2831, 129661|3051, 129670|3340, 129672|3501, 129675|3739, 129677|3890, 129678|4151, 129685|4357, 129690|4552, 129697|4736, 129701|4927, 129705|5064, 129718|5183, 129728|5292, 129881|5541, 129926|5830, 129931|6088, 129933|6518, 129936|6602, 129940|6688, 129941|6764, 129946|6937, 129951|9812, 129956|9970, toronto+canada, 
129957|2354, 129962|2470, 129964|2599, 129965|2684, 129971|2987, 129978|3279, 129980|3511, 129985|4214, 129986|4421, 129995|4567, 129996|4690, 130003|4831, 130010|5034, 130018|5125, 130031|5239, 130111|5421, 130195|5667, 130199|5799, 130200|5895, 130205|6273, 130207|6597, 130209|6719, 130211|6819, 130212|6965, 130213|7217, 130216|7315, 130220|7402, 130221|7485, 130224|7818, 130226|7897, 130232|9769, 130236|9904, sydney+harbour, 
130237|2393, 130242|2479, 130244|2603, 130245|2710, 130248|2975, 130259|3367, 130261|3569, 130263|3697, 130264|3800, 130267|3971, 130268|4165, 130273|4293, 130278|4453, 130286|4734, 130293|5010, 130308|5152, 130421|5420, 130478|5655, 130483|5759, 130488|6179, 130489|6267, 130490|6368, 130491|6484, 130494|7594, 130497|7682, 130499|7762, 130505|8462, 130515|9836, sydney+harbour, 
130516|2307, 130521|2520, 130523|2622, 130524|2715, 130527|2933, 130533|3062, 130537|3416, 130539|3598, 130544|3766, 130548|4268, 130559|4468, 130560|4628, 130568|4800, 130570|5052, 130581|5178, 130636|5478, 130752|5677, 130765|5801, 130766|5900, 130767|6288, 130770|6722, 130771|6826, 130773|7234, 130775|7612, 130780|7694, 130782|7777, 130783|7972, 130788|8138, 130794|9760, 130798|9870, sydney+harbour, 
