||class android.content.Context:public abstract java.io.File android.content.Context.getExternalCacheDir()||class java.io.File:public java.io.File java.io.File.getAbsoluteFile()||class java.io.File:public long java.io.File.getUsableSpace()
11138043904|1, 11138011136|2843, 11138039808|3148, 11138043904|4624, 11138039808|6993, 11137978368|7264, 11137974272|13102, empire+state+building, 
11137884160|1, 11137880064|2227, 11137884160|2312, 11137880064|3260, 11137937408|4453, 11137941504|4908, 11137937408|7804, 11137847296|9776, 11137937408|9899, 11137933312|12710, the+great+wall+of+china, 
11137929216|1, 11137925120|3446, 11137921024|4095, 11137916928|4234, 11137921024|5166, 11137888256|9712, 11137921024|9907, 11137916928|12652, acropolis+of+athens, 
11137900544|1, 11137896448|3386, 11137892352|3646, 11137896448|4509, 11137900544|4922, 11137867776|9696, 11137896448|9848, 11137892352|12642, petronas+towers, 
11137875968|1, 11137871872|2098, 11137875968|2252, 11137871872|2572, 11137875968|2753, 11137871872|4237, 11137843200|4523, 11137875968|4657, 11137880064|4795, 11137794048|9748, 11137880064|9870, 11137875968|12638, acropolis+of+athens, 
11137859584|1, 11137855488|2350, 11137851392|2561, 11137843200|3240, 11137839104|3597, 11137863680|4509, 11137867776|4924, 11137847296|9820, 11137867776|9951, 11137863680|12663, wencelas+square+prague, 
11137847296|1, 11137843200|2129, 11137847296|2276, 11137843200|3487, 11137847296|4929, 11137781760|9723, 11137847296|9906, 11137843200|12663, wencelas+square+prague, 
11137830912|1, 11137826816|3124, 11137830912|3466, 11137826816|3963, 11137806336|4181, 11137765376|4368, 11137806336|4502, 11137810432|4810, 11137777664|4958, 11137810432|5196, 11137802240|8035, 11137789952|8229, 11137785856|12630, petronas+towers, 
11137765376|1, 11137773568|4299, 11137777664|4815, 11137773568|8155, 11137769472|9772, 11137765376|12615, big+ben, 
11137744896|1, 11137748992|3220, 11137744896|4307, 11137757184|4480, 11137761280|4974, 11137736704|9800, 11137761280|9961, 11137757184|12659, singapore, 
11137720320|1, 11137716224|2014, 11137720320|2148, 11137716224|3432, 11137712128|4201, 11137687552|4542, 11137744896|4640, 11137740800|6149, 11137593344|8954, 11137560576|9617, 11137593344|9777, 11137589248|12571, big+ben, 
11137568768|1, 11137478656|7919, 11137560576|8200, 11137556480|8771, 11137572864|8929, 11137581056|9138, 11137585152|9716, 11137581056|17515, wencelas+square+prague, 
11137560576|1, 11137556480|3232, 11137552384|4534, 11137556480|5122, 11137552384|6926, 11137548288|12668, pyongyang, 
11137536000|1, 11137527808|1587, 11137536000|1738, 11137531904|2124, 11137536000|2293, 11137531904|2613, 11137536000|2745, 11137531904|4461, 11137536000|4816, 11137437696|9744, 11137531904|9893, 11137495040|11271, 11137531904|11355, 11137527808|12604, taipei+101, 
11137515520|1, 11137511424|3315, 11137515520|3481, 11137519616|4886, 11137478656|5128, 11137519616|5265, 11137515520|7275, 11137507328|8233, 11137503232|12617, pyongyang, 
11137499136|1, 11137495040|3360, 11137486848|4617, 11137490944|4878, 11137388544|9151, 11137241088|9241, 11137236992|12576, big+ben, 
11137224704|1, 11137220608|2525, 11137224704|2657, 11137212416|3272, 11137216512|3525, 11137212416|3931, 11137220608|4109, 11137187840|4282, 11137191936|4411, 11137224704|4542, 11137228800|5000, 11137224704|7936, 11137216512|8518, 11137208320|8857, 11137187840|11306, 11137208320|11391, 11137204224|12681, big+ben, 
11137191936|1, 11137142784|3010, 11137187840|3321, 11137191936|3510, 11137183744|4308, 11137187840|4840, 11137114112|10860, 11137187840|11024, 11137183744|13730, colosseum+rome, 
11137171456|1, 11137167360|4229, 11137179648|4489, 11137183744|5041, 11137179648|9778, 11137175552|12676, the+great+wall+of+china, 
11137150976|1, 11137146880|2154, 11137150976|2272, 11137146880|3335, 11137150976|3451, 11137122304|4373, 11137159168|4588, 11137130496|4933, 11137163264|5110, 11137155072|7230, 11137150976|12701, singapore, 
11137138688|1, 11137134592|3189, 11137130496|4131, 11137134592|4499, 11137138688|4821, 11137134592|12575, singapore, 
11137114112|1, 11137110016|2186, 11137114112|2289, 11137110016|3314, 11137105920|4016, 11137097728|4208, 11137089536|4372, 11137040384|4527, 11137089536|4660, 11137093632|4904, 11137060864|5023, 11137093632|5191, 11137089536|5871, 11137077248|8277, 11137081344|8372, 11137077248|12578, petronas+towers, 
11137048576|1, 11137044480|2463, 11137048576|2551, 11137015808|2935, 11137044480|3180, 11137052672|4133, 11137060864|4344, 11137019904|4855, 11137064960|4995, 11136978944|9828, 11137060864|9959, 11137064960|10036, 11137060864|12692, singapore, 
11137052672|1, 11137048576|2285, 11137052672|2412, 11137040384|4461, 11137007616|4591, 11137040384|4695, 11137044480|5044, 11137040384|9919, 11137036288|12738, colosseum+rome, 
11137024000|1, 11136991232|2995, 11137019904|3325, 11137015808|3759, 11137011712|4148, 11137024000|4399, 11137028096|4619, 11137032192|5002, 11137028096|12727, peking, 
11137007616|1, 11136921600|3283, 11137003520|3526, 11136962560|4451, 11137003520|4650, 11137007616|5053, 11137003520|12666, peking, 
11136983040|1, 11136978944|2216, 11136983040|2363, 11136978944|3310, 11136983040|4374, 11136987136|4876, 11136978944|7848, 11136966656|7945, 11136933888|9675, 11136966656|9850, 11136962560|12686, cape+town, 
11136954368|1, 11136950272|3449, 11136917504|4019, 11136946176|4277, 11136937984|4482, 11136933888|4653, 11136937984|4999, 11136913408|9801, 11136937984|9901, 11136901120|11659, 11136897024|12702, petronas+towers, 
11136868352|1, 11136794624|3184, 11136868352|3536, 11136872448|4223, 11136876544|4364, 11136843776|4534, 11136876544|4677, 11136880640|4830, 11136876544|9827, 11136872448|12726, the+great+wall+of+china, 
11136864256|1, 11136860160|2004, 11136864256|2170, 11136860160|3399, 11136864256|4297, 11136868352|4441, 11136872448|4941, 11136868352|5853, 11136802816|9714, 11136868352|9860, 11136831488|11227, 11136868352|11306, 11136864256|12672, sydney+harbour, 
11136839680|1, 11136835584|2009, 11136839680|2149, 11136798720|3033, 11136831488|3282, 11136835584|3436, 11136831488|3987, 11136835584|4330, 11136839680|5005, 11136827392|7811, 11136823296|9100, 11136827392|9202, 11136823296|12775, pyeongchang, 
11136811008|1, 11136806912|3296, 11136802816|4023, 11136798720|4445, 11136790528|4868, 11136794624|5046, 11136790528|12651, pyramids+of+giza, 
11136761856|1, 11136757760|2057, 11136761856|2267, 11136729088|2959, 11136753664|3341, 11136749568|3715, 11136761856|4398, 11136770048|4586, 11136774144|4922, 11136733184|9680, 11136774144|9807, 11136770048|12633, singapore, 
11136741376|1, 11136733184|4297, 11136716800|4535, 11136688128|5133, 11136720896|5311, 11136716800|8248, 11136614400|9830, 11136712704|9963, 11136708608|12715, pyramids+of+giza, 
11136700416|1, 11136696320|2014, 11136700416|2238, 11136634880|3025, 11136700416|3267, 11136696320|3580, 11136692224|4049, 11136704512|4242, 11136716800|4441, 11136688128|4954, 11136720896|5110, 11136679936|9696, 11136720896|9857, 11136716800|12692, pyongyang, 
11136708608|1, 11136704512|2021, 11136708608|2280, 11136704512|3307, 11136700416|3560, 11136704512|4834, 11136700416|7730, 11136638976|7881, 11136634880|13393, empire+state+building, 
11136622592|1, 11136610304|1597, 11136622592|1723, 11136618496|2278, 11136622592|2371, 11136589824|3074, 11136622592|3346, 11136626688|4865, 11136622592|7644, 11136626688|7753, 11136622592|7884, 11136589824|10453, 11136622592|10641, 11136618496|13407, empire+state+building, 
11136593920|1, 11136589824|2496, 11136593920|2606, 11136589824|4176, 11136659456|4547, 11136663552|4861, 11136651264|6203, 11136585728|9768, 11136651264|9909, 11136647168|12719, wencelas+square+prague, 
11136634880|1, 11136630784|3489, 11136626688|4367, 11136630784|4979, 11136626688|9839, 11136622592|12667, peking, 
11136610304|1, 11136577536|3211, 11136610304|3509, 11136598016|4233, 11136593920|4356, 11136561152|4546, 11136593920|4653, 11136598016|4877, 11136593920|12660, mirabell+gardens, 
11136577536|1, 11136569344|2331, 11136524288|3018, 11136557056|3459, 11136561152|3632, 11136565248|4521, 11136569344|4872, 11136565248|12627, acropolis+of+athens, 
11136544768|1, 11136532480|1574, 11136544768|1715, 11136536576|3421, 11136503808|4394, 11136536576|4598, 11136540672|4955, 11136536576|12634, eiffel+tower, 
11136503808|1, 11136499712|3087, 11136503808|4179, 11136512000|4427, 11136516096|4880, 11136507904|6565, 11136503808|8145, 11136421888|9761, 11136503808|9962, 11136499712|12639, big+ben, 
11136471040|1, 11136475136|3364, 11136458752|3572, 11136454656|4004, 11136446464|4395, 11136405504|4575, 11136446464|4670, 11136450560|5013, 11136348160|9778, 11136446464|9901, 11136442368|12715, eiffel+tower, 
11136434176|1, 11136385024|3042, 11136434176|3351, 11136446464|4668, 11136454656|4934, 11136405504|5086, 11136454656|5218, 11136450560|12747, cape+town, 
11136434176|1, 11136430080|3327, 11136434176|4373, 11136401408|4512, 11136434176|4663, 11136438272|5126, 11136401408|11309, 11136438272|11390, 11136434176|12742, singapore, 
11136413696|1, 11136409600|3122, 11136405504|3478, 11136401408|4293, 11136397312|4598, 11136401408|4971, 11136389120|7735, 11136385024|12709, the+great+wall+of+china, 
11136380928|1, 11136376832|3327, 11136372736|3660, 11136364544|4288, 11136368640|4817, 11136360448|8116, 11136339968|8308, 11136335872|9774, 11136331776|12636, colosseum+rome, 
11136323584|1, 11136319488|2058, 11136323584|2244, 11136319488|4318, 11136335872|4549, 11136339968|4985, 11136335872|9861, 11136331776|12679, cape+town, 
11136307200|1, 11136303104|2040, 11136307200|2162, 11136303104|2884, 11136307200|3156, 11136299008|3520, 11136303104|4838, 11136241664|7779, 11136237568|13349, empire+state+building, 
11136217088|1, 11136212992|2081, 11136217088|2260, 11136212992|4129, 11136237568|4271, 11136229376|4434, 11136262144|4568, 11136266240|4833, 11136233472|4984, 11136266240|5215, 11136262144|12618, colosseum+rome, 
11136245760|1, 11136241664|2300, 11136245760|2386, 11136241664|2568, 11136245760|2670, 11136241664|3337, 11136237568|4175, 11136229376|4369, 11136262144|4488, 11136266240|4927, 11136262144|12650, wencelas+square+prague, 
11136245760|1, 11136241664|1975, 11136245760|2242, 11136241664|3186, 11136229376|4470, 11136233472|4934, 11136229376|7982, 11136225280|12606, burj+khalifa, 
11136196608|1, 11136163840|2962, 11136192512|3303, 11136196608|3450, 11136192512|4075, 11136200704|4241, 11136204800|4425, 11136208896|4767, 11136159744|4948, 11136208896|5062, 11136200704|7965, 11136196608|9787, 11136192512|12632, pyeongchang, 
11136176128|1, 11136172032|2067, 11136176128|2307, 11136143360|3035, 11136176128|3397, 11136172032|3867, 11136163840|4220, 11136155648|4362, 11136159744|4841, 11136069632|9773, 11136159744|9961, 11136155648|12666, colosseum+rome, 
11136139264|1, 11136106496|2941, 11136135168|3348, 11136139264|4386, 11136143360|4559, 11136147456|4788, 11136139264|7929, 11136114688|8868, 11136090112|9807, 11136114688|9943, 11136077824|11240, 11136114688|11323, 11136110592|12622, big+ben, 
11136090112|1, 11136081920|3475, 11136077824|3630, 11136073728|4000, 11136081920|4189, 11136090112|4366, 11136098304|4503, 11136102400|4848, 11136094208|8068, 11136090112|9927, 11136094208|10009, 11136090112|12624, wencelas+square+prague, 
11136065536|1, 11136004096|3075, 11136057344|3318, 11136061440|3461, 11136049152|4393, 11136036864|4527, 11136040960|4955, 11136032768|11285, 11136040960|11369, 11136036864|12717, eiffel+tower, 
11136024576|1, 11136012288|1606, 11136024576|1743, 11136020480|2097, 11136024576|2332, 11136020480|2941, 11136024576|3316, 11136032768|4266, 11135991808|4475, 11136040960|4659, 11136045056|4845, 11136040960|9799, 11136036864|12655, taipei+101, 
11136020480|1, 11136016384|3680, 11136012288|4299, 11136016384|4967, 11136012288|8423, 11136016384|8540, 11136012288|12630, burj+khalifa, 
11136000000|1, 11135967232|3017, 11135995904|3527, 11135991808|3951, 11135995904|4121, 11135959040|5040, 11136000000|5216, 11135909888|9804, 11136000000|9952, 11135995904|12667, burj+khalifa, 
11135971328|1, 11135938560|3105, 11135967232|3377, 11135971328|4184, 11135942656|4378, 11135975424|4514, 11135979520|4913, 11135922176|9747, 11135979520|9860, 11135975424|12682, peking, 
11135967232|1, 11135963136|3072, 11135959040|3698, 11135954944|4112, 11135905792|4458, 11135954944|4568, 11135959040|4904, 11135942656|7916, 11135918080|9841, 11135942656|9961, 11135905792|11283, 11135942656|11369, 11135938560|12626, cape+town, 
11135930368|1, 11135926272|2067, 11135930368|2237, 11135926272|2527, 11135922176|2887, 11135926272|3157, 11135881216|4503, 11135909888|4645, 11135913984|4797, 11135815680|9800, 11135909888|10005, 11135905792|12646, eiffel+tower, 
11135864832|1, 11135860736|2594, 11135864832|2679, 11135655936|3807, 11135860736|3975, 11135856640|4124, 11135860736|4276, 11135877120|4386, 11135844352|4518, 11135877120|4655, 11135881216|4852, 11135877120|7419, 11135868928|8026, 11135864832|12729, pyongyang, 
11135852544|1, 11135848448|2487, 11135852544|2680, 11135885312|3470, 11135881216|3598, 11135885312|4414, 11135889408|4936, 11135885312|12651, singapore, 
11135868928|1, 11135864832|2718, 11135868928|2837, 11135864832|3525, 11135860736|4253, 11135811584|4533, 11135860736|4779, 11135864832|4980, 11135860736|12735, pyeongchang, 
11135844352|1, 11135840256|2534, 11135844352|2628, 11135840256|3517, 11135844352|3673, 11135836160|4566, 11135795200|4695, 11135836160|4842, 11135840256|4938, 11135799296|5288, 11135840256|5503, 11135836160|9805, 11135832064|12641, big+ben, 
11135823872|1, 11135819776|3435, 11135766528|4563, 11135815680|4650, 11135819776|4972, 11135815680|13114, mirabell+gardens, 
11135791104|1, 11135787008|3077, 11135782912|3305, 11135787008|3435, 11135795200|4357, 11135803392|4504, 11135807488|5028, 11135791104|5788, 11135787008|12758, peking, 
11135778816|1, 11135774720|3116, 11135778816|3214, 11135746048|3961, 11135774720|4226, 11135737856|5336, 11135770624|5472, 11135774720|6016, 11135741952|10622, 11135774720|10827, 11135770624|13606, burj+khalifa, 
11135746048|1, 11135741952|2028, 11135746048|2221, 11135713280|3010, 11135737856|3265, 11135741952|3443, 11135746048|4427, 11135750144|4640, 11135754240|4887, 11135750144|14107, singapore, 
11135737856|1, 11135733760|1930, 11135737856|2052, 11135700992|3103, 11135737856|3396, 11135733760|3534, 11135737856|4777, 11135733760|6802, 11135668224|6947, 11135664128|10097, 11135660032|12902, empire+state+building, 
11135639552|1, 11135635456|2197, 11135639552|2280, 11135643648|3426, 11135639552|3884, 11135668224|4357, 11135705088|4633, 11135709184|4947, 11135700992|8009, 11135627264|9716, 11135700992|9870, 11135696896|12603, pyeongchang, 
11135668224|1, 11135664128|2136, 11135668224|2271, 11135635456|2991, 11135664128|3375, 11135660032|3526, 11135655936|4108, 11135627264|4360, 11135660032|4545, 11135664128|5063, 11135602688|9711, 11135664128|9837, 11135660032|12679, peking, 
11135643648|1, 11135553536|3098, 11135639552|3418, 11135594496|4435, 11135635456|4649, 11135639552|4802, 11135590400|5108, 11135639552|5276, 11135635456|12633, pyongyang, 
11135623168|1, 11135619072|1973, 11135623168|2129, 11135619072|2548, 11135623168|2637, 11135619072|3166, 11135574016|4586, 11135614976|4722, 11135619072|5073, 11135610880|7863, 11135606784|12697, the+great+wall+of+china, 
11135594496|1, 11135590400|2089, 11135594496|2392, 11135520768|3084, 11135594496|3503, 11135590400|4494, 11135586304|4643, 11135590400|4975, 11135586304|9165, 11135590400|9289, 11135586304|9797, 11135569920|11274, 11135586304|11364, 11135582208|12685, mirabell+gardens, 
11135561728|1, 11135528960|3946, 11135561728|4178, 11135565824|4863, 11135561728|7284, 11135516672|7590, 11135426560|10351, 11135516672|10451, 11135512576|13251, empire+state+building, 
11135504384|1, 11135500288|3544, 11135504384|3654, 11135418368|4500, 11135504384|4761, 11135500288|5635, 11135565824|5853, 11135569920|6333, 11135565824|15278, peking, 
11135541248|1, 11135528960|1565, 11135541248|1761, 11135537152|3188, 11135533056|4102, 11135500288|4779, 11135537152|4960, 11135533056|12681, sydney+harbour, 
11135504384|1, 11135500288|3256, 11135442944|4480, 11135483904|4634, 11135488000|5014, 11135401984|9774, 11135488000|9897, 11135483904|12663, petronas+towers, 
11135463424|1, 11135459328|3402, 11135455232|3566, 11135459328|4764, 11135471616|4943, 11135467520|9763, 11135463424|12662, the+great+wall+of+china, 
11135438848|1, 11135434752|2541, 11135438848|2625, 11135434752|3138, 11135438848|3381, 11135434752|3621, 11135430656|4342, 11135397888|4790, 11135434752|4907, 11135430656|8575, 11135434752|8675, 11135410176|9763, 11135434752|9871, 11135430656|12649, big+ben, 
11135410176|1, 11135401984|3196, 11135397888|3673, 11135401984|4859, 11135397888|5677, 11135373312|6875, 11135348736|6992, 11135315968|10176, 11135348736|10332, 11135344640|13118, empire+state+building, 
11135320064|1, 11135315968|2263, 11135320064|2359, 11135270912|3045, 11135315968|3305, 11135320064|3458, 11135315968|4225, 11135344640|4389, 11135340544|4574, 11135377408|4849, 11135356928|9815, 11135377408|9970, 11135373312|12671, the+great+wall+of+china, 
11135356928|1, 11135352832|2234, 11135356928|2332, 11135348736|3318, 11135352832|4237, 11135311872|4427, 11135356928|4600, 11135361024|5074, 11135356928|12648, mt.+everest, 
11135348736|1, 11135344640|2241, 11135348736|2357, 11135344640|3394, 11135348736|3519, 11135344640|4194, 11135348736|4428, 11135352832|5032, 11135315968|9726, 11135348736|9857, 11135344640|12654, mt.+everest, 
11135332352|1, 11135328256|1977, 11135332352|2137, 11135254528|3036, 11135328256|3385, 11135291392|4517, 11135324160|4655, 11135328256|5054, 11135324160|8432, 11135328256|8541, 11135303680|9793, 11135328256|9917, 11135324160|12600, the+great+wall+of+china, 
11135299584|1, 11135295488|1923, 11135299584|2078, 11135266816|2972, 11135295488|3269, 11135299584|4341, 11135303680|4524, 11135266816|4923, 11135307776|5052, 11135303680|12663, pyeongchang, 
11135283200|1, 11135279104|2114, 11135275008|2309, 11135283200|2409, 11135279104|3332, 11135275008|4144, 11135279104|4966, 11135275008|12669, mt.+everest, 
11135254528|1, 11135250432|2350, 11135254528|2431, 11135184896|3228, 11135250432|3517, 11135246336|4487, 11135250432|4878, 11135217664|9723, 11135225856|9859, 11135250432|10078, 11135246336|12686, burj+khalifa, 
11135238144|1, 11135205376|2987, 11135238144|3217, 11135234048|3695, 11135242240|4334, 11135209472|4474, 11135242240|4641, 11135246336|4892, 11135188992|9703, 11135242240|9850, 11135238144|12638, cape+town, 
11135217664|1, 11135213568|2303, 11135217664|2409, 11135184896|3028, 11135217664|3296, 11135213568|3485, 11135209472|4237, 11135213568|5045, 11135209472|9191, 11135213568|9314, 11135139840|9809, 11135213568|9950, 11135209472|12717, pyongyang, 
11135188992|1, 11135176704|1649, 11135188992|1783, 11135184896|3253, 11135180800|3944, 11135184896|4216, 11135172608|4409, 11135139840|4578, 11135172608|4693, 11135176704|4812, 11135172608|12588, acropolis+of+athens, 
11135160320|1, 11135156224|2219, 11135160320|2353, 11135152128|3458, 11135164416|4266, 11135172608|4467, 11135176704|4922, 11135172608|12677, pyeongchang, 
11135156224|1, 11135143936|1597, 11135156224|1742, 11135152128|2577, 11135156224|2691, 11135152128|3272, 11135148032|4409, 11135152128|4923, 11135148032|9799, 11135143936|12635, taipei+101, 
11135127552|1, 11135074304|3035, 11135127552|3390, 11135131648|4268, 11135135744|4534, 11135139840|4820, 11135131648|8089, 11135127552|10327, 11135123456|13177, wencelas+square+prague, 
11135107072|1, 11135082496|4233, 11135086592|4707, 11135082496|8037, 11135078400|12521, eiffel+tower, 
11135057920|1, 11135053824|3422, 11135021056|4477, 11135057920|4657, 11135062016|4991, 11135057920|12696, acropolis+of+athens, 
11135033344|1, 11135000576|3051, 11135025152|3391, 11135021056|3987, 11135029248|4209, 11134980096|4470, 11135029248|4587, 11135033344|4863, 11135029248|12677, mirabell+gardens, 
11135004672|1, 11134992384|3298, 11134996480|3455, 11134992384|4068, 11134967808|4358, 11135008768|4524, 11135012864|4858, 11135008768|7625, 11134930944|9707, 11135008768|9857, 11135004672|12631, pyongyang, 
11134996480|1, 11134992384|3774, 11134996480|3910, 11134992384|4087, 11135000576|4602, 11134959616|5065, 11135004672|5207, 11135000576|6295, 11134996480|9802, 11134992384|10540, 11134988288|12706, wencelas+square+prague, 
11134976000|1, 11134980096|3320, 11134984192|4837, 11134980096|7122, 11134947328|7245, 11134914560|7356, 11134910464|13089, empire+state+building, 
11134889984|1, 11134857216|3015, 11134885888|3232, 11134889984|3438, 11134881792|4003, 11134885888|4201, 11134951424|4417, 11134955520|5103, 11134951424|12681, cape+town, 
11134943232|1, 11134939136|3165, 11134935040|4140, 11134939136|4500, 11134943232|4861, 11134939136|12575, peking, 
11134922752|1, 11134910464|1626, 11134922752|1775, 11134918656|2498, 11134922752|2592, 11134918656|3308, 11134914560|3485, 11134918656|3606, 11134914560|4143, 11134910464|4328, 11134914560|4876, 11134910464|12676, burj+khalifa, 
11134877696|1, 11134816256|3123, 11134877696|3377, 11134881792|5034, 11134877696|9862, 11134873600|9985, 11134877696|10054, 11134873600|12654, burj+khalifa, 
11134865408|1, 11134861312|2059, 11134865408|2255, 11134799872|3088, 11134865408|3266, 11134861312|4213, 11134857216|4399, 11134861312|4900, 11134828544|5023, 11134861312|5247, 11134836736|9834, 11134857216|9935, 11134861312|10010, 11134857216|12679, pyramids+of+giza, 
11134840832|1, 11134832640|3265, 11134844928|4405, 11134853120|4567, 11134857216|4863, 11134783488|9768, 11134853120|9932, 11134857216|10019, 11134853120|12634, cape+town, 
11134836736|1, 11134832640|1968, 11134836736|2213, 11134787584|3097, 11134832640|3348, 11134828544|4194, 11134795776|4422, 11134828544|4556, 11134832640|4818, 11134828544|12655, toronto+canada, 
11134816256|1, 11134812160|2040, 11134816256|2235, 11134812160|2472, 11134816256|2588, 11134812160|3377, 11134808064|3548, 11134775296|4361, 11134808064|4493, 11134812160|4825, 11134738432|9723, 11134812160|9868, 11134808064|12683, pyeongchang, 
11134791680|1, 11134779392|1638, 11134791680|1779, 11134787584|2027, 11134791680|2249, 11134730240|3161, 11134791680|3497, 11134783488|3641, 11134771200|4338, 11134775296|4854, 11134771200|8021, 11134668800|9801, 11134767104|9947, 11134763008|12668, acropolis+of+athens, 
11134750720|1, 11134746624|2935, 11134672896|3177, 11134750720|3414, 11134746624|3682, 11134767104|4352, 11134734336|4521, 11134767104|4645, 11134771200|4903, 11134767104|12704, toronto+canada, 
11134746624|1, 11134742528|3310, 11134738432|4191, 11134697472|4334, 11134738432|4507, 11134742528|4878, 11134738432|7495, 11134730240|11192, 11134738432|11284, 11134734336|12642, pyeongchang, 
11134717952|1, 11134705664|1586, 11134717952|1721, 11134709760|2756, 11134705664|3476, 11134672896|4670, 11134709760|4872, 11134705664|12663, mt.+everest, 
11134689280|1, 11134685184|2261, 11134689280|2425, 11134685184|3313, 11134676992|4309, 11134672896|4446, 11134676992|4922, 11134627840|5064, 11134676992|5203, 11134599168|9697, 11134672896|9844, 11134676992|9924, 11134672896|12597, colosseum+rome, 
11134652416|1, 11134648320|1996, 11134652416|2243, 11134603264|3121, 11134652416|3433, 11134648320|4162, 11134652416|4809, 11134648320|9801, 11134644224|12664, eiffel+tower, 
11134627840|1, 11134623744|2596, 11134627840|2732, 11134603264|4432, 11134648320|4642, 11134652416|4861, 11134648320|12585, toronto+canada, 
11134627840|1, 11134623744|4443, 11134619648|5342, 11134623744|6157, 11134578688|7971, 11134541824|12395, 11134578688|12481, 11134574592|14314, sydney+harbour, 
11134554112|1, 11134550016|3366, 11134545920|4296, 11134533632|4500, 11134537728|4869, 11134504960|4998, 11134537728|5128, 11134533632|12629, colosseum+rome, 
11134525440|1, 11134521344|2695, 11134517248|3416, 11134521344|4608, 11134488576|4893, 11134525440|5075, 11134517248|8332, 11134513152|12710, colosseum+rome, 
11134492672|1, 11134488576|3998, 11134492672|4284, 11134451712|4418, 11134492672|4550, 11134496768|4827, 11134492672|9806, 11134488576|12730, pyramids+of+giza, 
11134464000|1, 11134398464|3038, 11134459904|3282, 11134455808|4209, 11134464000|4411, 11134468096|4785, 11134464000|9093, 11134468096|9191, 11134464000|12656, acropolis+of+athens, 
11134447616|1, 11134414848|2983, 11134435328|3319, 11134439424|3442, 11134443520|4196, 11134402560|4451, 11134439424|4620, 11134443520|4838, 11134439424|8423, 11134435328|12625, eiffel+tower, 
11134414848|1, 11134410752|2040, 11134414848|2163, 11134406656|3301, 11134410752|3665, 11134377984|4599, 11134410752|4715, 11134414848|4936, 11134328832|9776, 11134414848|9912, 11134410752|12724, eiffel+tower, 
11134386176|1, 11134382080|2139, 11134386176|2300, 11134337024|3088, 11134382080|3397, 11134377984|3823, 11134357504|4284, 11134398464|4420, 11134402560|5013, 11134398464|12741, taipei+101, 
11134377984|1, 11134365696|4290, 11134332928|4467, 11134365696|4634, 11134369792|4928, 11134365696|9826, 11134361600|12665, pyramids+of+giza, 
11134345216|1, 11134341120|3292, 11134345216|4347, 11134349312|4933, 11134353408|10071, 11134349312|12743, pyramids+of+giza, 
11134337024|1, 11134332928|2077, 11134337024|2389, 11134332928|2886, 11134304256|2979, 11134332928|3246, 11134328832|3417, 11134341120|4302, 11134316544|4538, 11134349312|4803, 11134353408|4975, 11134349312|9801, 11134353408|9887, 11134349312|12617, pyongyang, 
11134341120|1, 11134246912|3286, 11134337024|3613, 11134332928|4087, 11134328832|4249, 11134332928|5199, 11134328832|7941, 11134324736|12704, burj+khalifa, 
11134308352|1, 11134304256|2027, 11134308352|2283, 11134304256|3311, 11134300160|3461, 11134296064|4209, 11134291968|4478, 11134296064|4906, 11134287872|8295, 11134283776|12741, mirabell+gardens, 
11134271488|1, 11134267392|2013, 11134271488|2246, 11134197760|3179, 11134271488|3389, 11134267392|4251, 11134283776|4388, 11134287872|4838, 11134214144|9747, 11134283776|9867, 11134279680|12639, taipei+101, 
11134255104|1, 11134251008|1991, 11134255104|2237, 11134025728|3671, 11134246912|3849, 11134242816|4231, 11134234624|4362, 11134201856|4531, 11134234624|4694, 11134238720|4829, 11134234624|7940, 11134230528|12682, pyramids+of+giza, 
11134218240|1, 11134173184|3053, 11134210048|3377, 11134214144|4347, 11134185472|4990, 11134218240|5237, 11134214144|8423, 11134218240|8511, 11134255104|9940, 11134251008|12611, petronas+towers, 
11134238720|1, 11134234624|3182, 11134230528|4222, 11134234624|4433, 11134238720|4890, 11134234624|12669, mirabell+gardens, 
11134218240|1, 11134214144|2534, 11134218240|2616, 11134214144|2829, 11134218240|2943, 11134214144|3528, 11134210048|4368, 11134222336|4669, 11134230528|4826, 11134234624|5251, 11134230528|10069, 11134226432|10169, 11134230528|10246, 11134226432|12909, taipei+101, 
11134214144|1, 11134210048|2223, 11134214144|2343, 11134181376|3089, 11134210048|3426, 11134197760|4456, 11134201856|4787, 11134197760|12622, mirabell+gardens, 
11134177280|1, 11134173184|2089, 11134177280|2253, 11134173184|3179, 11134169088|3402, 11134132224|4279, 11134173184|4421, 11134177280|4823, 11134144512|9699, 11134177280|9869, 11134173184|12740, acropolis+of+athens, 
11134164992|1, 11134160896|3298, 11134152704|3446, 11134156800|3578, 11134173184|4471, 11134144512|4838, 11134177280|5031, 11134173184|12678, taipei+101, 
11134156800|1, 11134152704|2497, 11134148608|3229, 11134144512|4053, 11134136320|4487, 11134140416|4878, 11134136320|8028, 11134132224|12683, pyramids+of+giza, 
11134115840|1, 11134111744|3374, 11134124032|4359, 11134132224|4466, 11134136320|5012, 11134132224|9822, 11134128128|12677, toronto+canada, 
11134115840|1, 11134070784|3154, 11134115840|3442, 11134111744|4346, 11134078976|4529, 11134111744|4675, 11134115840|4960, 11134111744|7879, 11134107648|12652, taipei+101, 
11134083072|1, 11134070784|6952, 11134083072|7058, 11134025728|8387, 11134078976|8674, 11134083072|10201, 11134078976|17938, mt.+everest, 
11134062592|1, 11134058496|1944, 11134062592|2091, 11133972480|3025, 11134058496|3271, 11134009344|4298, 11134046208|4417, 11134001152|4892, 11134050304|5036, 11134046208|12702, petronas+towers, 
11134033920|1, 11134029824|3257, 11134021632|4323, 11134029824|4496, 11134033920|4914, 11134029824|12673, mirabell+gardens, 
11134013440|1, 11134009344|2222, 11134013440|2347, 11134009344|3326, 11134021632|4181, 11134025728|4409, 11134029824|4991, 11133997056|9726, 11134025728|9874, 11134021632|12711, mt.+everest, 
11134001152|1, 11133997056|2224, 11134001152|2329, 11133964288|4496, 11134005248|4641, 11134009344|4912, 11133972480|11300, 11134009344|11380, 11134005248|12669, toronto+canada, 
11133984768|1, 11133980672|2516, 11133984768|2702, 11133980672|2948, 11133984768|3054, 11133980672|3422, 11133976576|4163, 11133980672|4877, 11133976576|12754, cape+town, 
11133964288|1, 11133960192|2106, 11133964288|2287, 11133931520|3218, 11133960192|3431, 11133964288|4226, 11133927424|4462, 11133964288|4617, 11133935616|5045, 11133968384|5200, 11133935616|9780, 11133968384|9973, 11133964288|12739, mt.+everest, 
11133939712|1, 11133935616|3101, 11133923328|3357, 11133919232|3895, 11133870080|4224, 11133919232|4361, 11133923328|4756, 11133919232|6988, 11133829120|9667, 11133919232|9777, 11133915136|12569, toronto+canada, 
11133894656|1, 11133890560|2053, 11133894656|2271, 11133890560|2551, 11133894656|2648, 11133898752|4858, 11133894656|9828, 11133890560|12605, mt.+everest, 
11133874176|1, 11133870080|2891, 11133796352|3121, 11133874176|3426, 11133870080|3540, 11133857792|4383, 11133861888|4923, 11133829120|10100, 11133861888|10251, 11133857792|13029, petronas+towers, 
11133841408|1, 11133837312|2945, 11133808640|3095, 11133837312|3524, 11133808640|4432, 11133849600|4592, 11133853696|4943, 11133812736|9704, 11133853696|9859, 11133849600|12676, sydney+harbour, 
11133845504|1, 11133841408|2071, 11133845504|2445, 11133841408|3243, 11133837312|4143, 11133841408|4358, 11133845504|4838, 11133841408|12711, sydney+harbour, 
11133829120|1, 11133796352|3004, 11133825024|3438, 11133820928|4234, 11133825024|4502, 11133829120|4675, 11133788160|4808, 11133833216|4970, 11133829120|12649, toronto+canada, 
11133808640|1, 11133775872|3109, 11133808640|3373, 11133804544|4161, 11133808640|4427, 11133804544|4557, 11133808640|4941, 11133804544|9840, 11133800448|9976, 11133804544|10074, 11133800448|12669, toronto+canada, 
11133779968|1, 11133747200|2996, 11133775872|3334, 11133779968|3521, 11133747200|4698, 11133784064|4834, 11133779968|12571, sydney+harbour, 
11133767680|1, 11133763584|2976, 11133767680|4463, 11133771776|4887, 11133739008|9686, 11133771776|9839, 11133767680|12647, sydney+harbour, 
11133751296|1, 11133747200|2938, 11133718528|3066, 11133743104|3450, 11133739008|4281, 11133743104|4938, 11133718528|9763, 11133743104|9884, 11133739008|12605, sydney+harbour, 
