||class android.content.Context:public abstract java.io.File android.content.Context.getExternalCacheDir()||class java.io.File:public java.io.File java.io.File.getAbsoluteFile()||class java.io.File:public long java.io.File.getFreeSpace()
11272552448|1, 11272519680|2843, 11272548352|3149, 11272552448|4625, 11272548352|6993, 11272486912|7264, 11272482816|13102, empire+state+building, 
11272392704|1, 11272388608|2226, 11272392704|2311, 11272388608|3258, 11272445952|4451, 11272450048|4908, 11272445952|7804, 11272355840|9775, 11272445952|9898, 11272441856|12710, the+great+wall+of+china, 
11272437760|1, 11272433664|3442, 11272429568|4095, 11272425472|4235, 11272429568|5164, 11272396800|9713, 11272429568|9904, 11272425472|12652, acropolis+of+athens, 
11272409088|1, 11272404992|3386, 11272400896|3645, 11272404992|4506, 11272409088|4921, 11272376320|9695, 11272404992|9848, 11272400896|12641, petronas+towers, 
11272384512|1, 11272380416|4237, 11272351744|4523, 11272384512|4657, 11272388608|4795, 11272302592|9747, 11272388608|9867, 11272384512|12638, acropolis+of+athens, 
11272368128|1, 11272364032|2350, 11272359936|2560, 11272351744|3239, 11272347648|3597, 11272372224|4509, 11272376320|4923, 11272355840|9814, 11272376320|9950, 11272372224|12662, wencelas+square+prague, 
11272355840|1, 11272351744|3486, 11272355840|4929, 11272290304|9721, 11272355840|9906, 11272351744|12662, wencelas+square+prague, 
11272339456|1, 11272335360|3124, 11272339456|3465, 11272335360|3962, 11272314880|4181, 11272273920|4367, 11272314880|4486, 11272318976|4808, 11272286208|4958, 11272318976|5190, 11272310784|8034, 11272298496|8229, 11272294400|12630, petronas+towers, 
11272273920|1, 11272282112|4298, 11272286208|4814, 11272282112|8155, 11272253440|9763, 11272278016|9905, 11272273920|12615, big+ben, 
11272253440|1, 11272257536|3220, 11272253440|4295, 11272265728|4481, 11272269824|4975, 11272245248|9801, 11272269824|9958, 11272265728|12660, singapore, 
11272228864|1, 11272224768|2000, 11272228864|2148, 11272224768|3431, 11272220672|4184, 11272204288|4541, 11272253440|4641, 11272249344|6150, 11272126464|8954, 11272101888|9041, 11272069120|9616, 11272101888|9778, 11272097792|12571, big+ben, 
11272077312|1, 11271983104|7916, 11272069120|8200, 11272065024|8770, 11272081408|8928, 11272089600|9137, 11272093696|9715, 11272089600|17514, wencelas+square+prague, 
11272069120|1, 11272065024|3232, 11272060928|4535, 11272065024|5095, 11272060928|6927, 11272056832|12669, pyongyang, 
11272044544|1, 11272036352|1587, 11272044544|1737, 11272040448|2124, 11272044544|2292, 11272040448|4461, 11272044544|4816, 11271946240|9743, 11272040448|9893, 11272003584|11270, 11272040448|11354, 11272036352|12604, taipei+101, 
11272024064|1, 11272028160|4885, 11271987200|5127, 11272028160|5262, 11272024064|7275, 11272015872|8229, 11272011776|12617, pyongyang, 
11272007680|1, 11272003584|3358, 11271995392|4617, 11271999488|4878, 11271897088|9151, 11271749632|9242, 11271745536|12662, big+ben, 
11271733248|1, 11271729152|2525, 11271733248|2657, 11271725056|3253, 11271720960|3930, 11271729152|4108, 11271696384|4281, 11271700480|4411, 11271733248|4541, 11271737344|4999, 11271733248|7936, 11271725056|8517, 11271716864|8856, 11271700480|11305, 11271716864|11390, 11271712768|12680, big+ben, 
11271700480|1, 11271651328|3009, 11271696384|3316, 11271700480|3496, 11271692288|4308, 11271696384|4840, 11271647232|4963, 11271696384|5114, 11271622656|10859, 11271696384|11024, 11271692288|13730, colosseum+rome, 
11271680000|1, 11271675904|4227, 11271688192|4488, 11271692288|5041, 11271688192|9770, 11271684096|12675, the+great+wall+of+china, 
11271659520|1, 11271655424|2154, 11271659520|2273, 11271630848|4369, 11271667712|4576, 11271639040|4934, 11271671808|5110, 11271663616|7230, 11271659520|12702, singapore, 
11271647232|1, 11271643136|3197, 11271639040|3907, 11271643136|4505, 11271647232|4829, 11271643136|12582, singapore, 
11271622656|1, 11271618560|3314, 11271606272|4209, 11271598080|4372, 11271548928|4527, 11271598080|4661, 11271602176|4905, 11271569408|5024, 11271602176|5188, 11271598080|5871, 11271585792|8275, 11271589888|8373, 11271585792|12578, petronas+towers, 
11271557120|1, 11271553024|2462, 11271557120|2551, 11271524352|2935, 11271553024|3175, 11271561216|4133, 11271569408|4343, 11271528448|4855, 11271573504|4995, 11271487488|9828, 11271573504|9956, 11271569408|12691, singapore, 
11271561216|1, 11271548928|1585, 11271561216|1717, 11271557120|2285, 11271561216|2411, 11271548928|4459, 11271553024|5043, 11271548928|9918, 11271544832|12738, colosseum+rome, 
11271532544|1, 11271499776|2977, 11271528448|3325, 11271524352|3759, 11271520256|4149, 11271532544|4400, 11271536640|4620, 11271540736|5002, 11271536640|12723, peking, 
11271516160|1, 11271430144|3281, 11271512064|3527, 11271479296|4437, 11271512064|4650, 11271516160|5053, 11271512064|12667, peking, 
11271491584|1, 11271487488|2216, 11271491584|2362, 11271487488|3307, 11271491584|4373, 11271495680|4874, 11271487488|7847, 11271475200|7944, 11271442432|9675, 11271475200|9850, 11271471104|12686, cape+town, 
11271462912|1, 11271458816|2303, 11271462912|2411, 11271458816|3448, 11271426048|4019, 11271454720|4276, 11271446528|4480, 11271442432|4652, 11271446528|4996, 11271409664|11658, 11271405568|12702, petronas+towers, 
11271376896|1, 11271303168|3140, 11271376896|3533, 11271380992|4223, 11271385088|4365, 11271352320|4530, 11271385088|4678, 11271389184|4831, 11271385088|9828, 11271380992|12727, the+great+wall+of+china, 
11271372800|1, 11271368704|2003, 11271372800|2170, 11271368704|3399, 11271372800|4296, 11271376896|4441, 11271380992|4942, 11271376896|5853, 11271311360|9714, 11271376896|9861, 11271340032|11223, 11271376896|11307, 11271372800|12673, sydney+harbour, 
11271348224|1, 11271344128|2007, 11271348224|2149, 11271307264|3032, 11271340032|3281, 11271344128|3433, 11271340032|3986, 11271344128|4330, 11271348224|5004, 11271335936|7809, 11271331840|12775, pyeongchang, 
11271319552|1, 11271315456|3293, 11271307264|4435, 11271299072|4847, 11271303168|5045, 11271299072|12651, pyramids+of+giza, 
11271270400|1, 11271266304|2055, 11271270400|2266, 11271237632|2957, 11271262208|3340, 11271258112|3693, 11271270400|4396, 11271278592|4586, 11271282688|4918, 11271249920|9674, 11271282688|9807, 11271278592|12633, singapore, 
11271249920|1, 11271241728|4298, 11271225344|4535, 11271196672|5132, 11271229440|5312, 11271225344|8249, 11271122944|9830, 11271221248|9963, 11271217152|12715, pyramids+of+giza, 
11271208960|1, 11271204864|2014, 11271208960|2238, 11271204864|2555, 11271208960|2670, 11271159808|3021, 11271208960|3242, 11271204864|3578, 11271200768|4049, 11271213056|4242, 11271225344|4442, 11271196672|4954, 11271229440|5111, 11271196672|9691, 11271229440|9858, 11271225344|12692, pyongyang, 
11271217152|1, 11271213056|2021, 11271217152|2280, 11271213056|3307, 11271208960|3555, 11271213056|4834, 11271208960|7730, 11271180288|7880, 11271147520|7971, 11271143424|13393, empire+state+building, 
11271131136|1, 11271118848|1589, 11271131136|1722, 11271127040|2278, 11271131136|2371, 11271098368|3075, 11271131136|3345, 11271135232|4865, 11271131136|7644, 11271135232|7751, 11271131136|7881, 11271098368|10454, 11271131136|10640, 11271127040|13408, empire+state+building, 
11271102464|1, 11271098368|2495, 11271102464|2601, 11271098368|4167, 11271168000|4546, 11271172096|4858, 11271159808|6203, 11271118848|9752, 11271159808|9908, 11271155712|12718, wencelas+square+prague, 
11271143424|1, 11271139328|3488, 11271135232|4363, 11271139328|4968, 11271135232|9839, 11271131136|12667, peking, 
11271118848|1, 11271086080|3208, 11271118848|3505, 11271106560|4233, 11271102464|4355, 11271069696|4545, 11271102464|4653, 11271106560|4877, 11271102464|12658, mirabell+gardens, 
11271086080|1, 11271077888|2332, 11271032832|3018, 11271065600|3459, 11271069696|3632, 11271073792|4519, 11271077888|4872, 11271073792|12628, acropolis+of+athens, 
11271053312|1, 11271041024|1574, 11271053312|1715, 11271045120|3421, 11271041024|4025, 11271008256|4387, 11271045120|4584, 11271049216|4955, 11271045120|12635, eiffel+tower, 
11271012352|1, 11271008256|3087, 11271012352|4180, 11271020544|4427, 11271024640|4881, 11271016448|6565, 11271012352|8146, 11270946816|9748, 11271012352|9957, 11271008256|12639, big+ben, 
11270979584|1, 11270983680|3357, 11270967296|3572, 11270963200|4003, 11270955008|4394, 11270914048|4575, 11270955008|4670, 11270959104|5009, 11270856704|9777, 11270955008|9900, 11270950912|12715, eiffel+tower, 
11270942720|1, 11270893568|3040, 11270942720|3351, 11270955008|4666, 11270963200|4931, 11270914048|5085, 11270963200|5217, 11270959104|12747, cape+town, 
11270942720|1, 11270938624|3292, 11270942720|4371, 11270909952|4512, 11270942720|4664, 11270946816|5126, 11270909952|11309, 11270946816|11391, 11270942720|12743, singapore, 
11270922240|1, 11270918144|2069, 11270922240|2256, 11270918144|3120, 11270914048|3478, 11270909952|4291, 11270905856|4569, 11270909952|4971, 11270897664|7734, 11270893568|12709, the+great+wall+of+china, 
11270889472|1, 11270885376|3327, 11270881280|3659, 11270873088|4287, 11270877184|4817, 11270868992|8115, 11270848512|8308, 11270844416|9773, 11270840320|12636, colosseum+rome, 
11270832128|1, 11270828032|2057, 11270832128|2244, 11270828032|4308, 11270844416|4548, 11270848512|4985, 11270844416|9860, 11270840320|12679, cape+town, 
11270815744|1, 11270811648|2039, 11270815744|2162, 11270811648|2883, 11270815744|3152, 11270807552|3519, 11270811648|4838, 11270750208|7779, 11270746112|13349, empire+state+building, 
11270725632|1, 11270721536|2080, 11270725632|2260, 11270721536|4129, 11270746112|4271, 11270737920|4428, 11270770688|4567, 11270774784|4832, 11270742016|4983, 11270774784|5212, 11270770688|12618, colosseum+rome, 
11270754304|1, 11270750208|2300, 11270754304|2385, 11270750208|3337, 11270746112|4171, 11270737920|4367, 11270770688|4487, 11270774784|4926, 11270770688|12649, wencelas+square+prague, 
11270754304|1, 11270750208|1955, 11270754304|2233, 11270750208|3187, 11270737920|4459, 11270742016|4934, 11270737920|7982, 11270733824|12606, burj+khalifa, 
11270705152|1, 11270672384|2962, 11270701056|3303, 11270705152|3450, 11270701056|4075, 11270709248|4241, 11270713344|4425, 11270717440|4768, 11270668288|4948, 11270717440|5062, 11270709248|7965, 11270705152|9787, 11270701056|12633, pyeongchang, 
11270684672|1, 11270680576|2066, 11270684672|2306, 11270651904|3034, 11270684672|3388, 11270680576|3866, 11270672384|4220, 11270664192|4362, 11270668288|4840, 11270606848|9750, 11270668288|9958, 11270664192|12665, colosseum+rome, 
11270647808|1, 11270615040|2942, 11270643712|3348, 11270647808|4387, 11270651904|4558, 11270656000|4789, 11270647808|7929, 11270623232|8868, 11270598656|9807, 11270623232|9942, 11270586368|11241, 11270623232|11323, 11270619136|12723, big+ben, 
11270598656|1, 11270590464|3471, 11270586368|3631, 11270582272|4000, 11270590464|4190, 11270598656|4367, 11270606848|4504, 11270610944|4844, 11270602752|8068, 11270598656|12625, wencelas+square+prague, 
11270574080|1, 11270561792|1622, 11270574080|1785, 11270512640|3075, 11270565888|3318, 11270569984|3461, 11270557696|4392, 11270545408|4525, 11270549504|4955, 11270545408|11285, 11270549504|11369, 11270545408|12717, eiffel+tower, 
11270533120|1, 11270520832|1605, 11270533120|1742, 11270529024|2096, 11270533120|2331, 11270529024|2941, 11270533120|3316, 11270537216|4263, 11270496256|4474, 11270549504|4623, 11270553600|4844, 11270549504|9787, 11270545408|12655, taipei+101, 
11270529024|1, 11270524928|3664, 11270520832|4299, 11270524928|4967, 11270520832|8421, 11270524928|8539, 11270520832|12631, burj+khalifa, 
11270508544|1, 11270475776|3017, 11270504448|3526, 11270500352|3950, 11270504448|4120, 11270475776|5023, 11270508544|5216, 11270418432|9803, 11270508544|9952, 11270504448|12666, burj+khalifa, 
11270479872|1, 11270447104|3105, 11270475776|3376, 11270479872|4184, 11270451200|4377, 11270483968|4511, 11270488064|4912, 11270397952|9738, 11270488064|9859, 11270483968|12682, peking, 
11270475776|1, 11270471680|3051, 11270467584|3689, 11270463488|4112, 11270414336|4459, 11270463488|4569, 11270467584|4904, 11270451200|7916, 11270426624|9841, 11270451200|9956, 11270414336|11282, 11270451200|11369, 11270447104|12626, cape+town, 
11270438912|1, 11270434816|2066, 11270438912|2238, 11270434816|2527, 11270430720|2886, 11270434816|3157, 11270389760|4502, 11270418432|4646, 11270422528|4797, 11270324224|9801, 11270418432|10005, 11270414336|12740, eiffel+tower, 
11270373376|1, 11270369280|2593, 11270373376|2679, 11270164480|3806, 11270369280|3970, 11270365184|4121, 11270369280|4275, 11270385664|4386, 11270352896|4518, 11270385664|4654, 11270389760|5053, 11270385664|7418, 11270377472|8025, 11270373376|12728, pyongyang, 
11270361088|1, 11270356992|2487, 11270361088|2677, 11270393856|3468, 11270389760|3589, 11270393856|4402, 11270397952|4936, 11270393856|12650, singapore, 
11270377472|1, 11270373376|3525, 11270369280|4253, 11270328320|4532, 11270369280|4779, 11270373376|4979, 11270369280|12736, pyeongchang, 
11270352896|1, 11270348800|3516, 11270352896|3672, 11270344704|4564, 11270303744|4682, 11270344704|4841, 11270348800|4938, 11270307840|5278, 11270348800|5503, 11270344704|9805, 11270340608|12640, big+ben, 
11270332416|1, 11270328320|3435, 11270275072|4563, 11270324224|4650, 11270328320|4972, 11270324224|13114, mirabell+gardens, 
11270299648|1, 11270295552|2207, 11270299648|2337, 11270295552|3077, 11270254592|4355, 11270311936|4504, 11270316032|5027, 11270299648|5788, 11270295552|10000, 11270299648|10072, 11270295552|12758, peking, 
11270287360|1, 11270283264|3115, 11270287360|3214, 11270254592|3961, 11270283264|4219, 11270246400|5336, 11270279168|5468, 11270283264|6016, 11270250496|10621, 11270283264|10826, 11270279168|13606, burj+khalifa, 
11270254592|1, 11270250496|2025, 11270254592|2220, 11270221824|3009, 11270246400|3264, 11270250496|3442, 11270254592|4427, 11270258688|4639, 11270262784|4883, 11270258688|14106, singapore, 
11270246400|1, 11270209536|3103, 11270246400|3395, 11270242304|3532, 11270246400|4776, 11270242304|6801, 11270176768|6946, 11270172672|10096, 11270168576|12902, empire+state+building, 
11270148096|1, 11270135808|1617, 11270148096|1730, 11270144000|2198, 11270148096|2281, 11270152192|3426, 11270148096|3885, 11270176768|4357, 11270213632|4633, 11270217728|4948, 11270209536|8010, 11270135808|9717, 11270209536|9870, 11270205440|12604, pyeongchang, 
11270176768|1, 11270144000|2990, 11270172672|3376, 11270168576|3525, 11270164480|4108, 11270135808|4361, 11270168576|4545, 11270172672|5060, 11270111232|9711, 11270172672|9835, 11270168576|12679, peking, 
11270152192|1, 11270062080|3098, 11270148096|3416, 11270111232|4406, 11270144000|4647, 11270148096|4802, 11270098944|5105, 11270148096|5275, 11270144000|12632, pyongyang, 
11270131712|1, 11270127616|1973, 11270131712|2127, 11270127616|2547, 11270131712|2638, 11270127616|3166, 11270090752|4577, 11270123520|4723, 11270127616|5074, 11270119424|7863, 11270115328|9946, 11270119424|10015, 11270115328|12698, the+great+wall+of+china, 
11270103040|1, 11270098944|2089, 11270103040|2393, 11270029312|3083, 11270103040|3503, 11270098944|4495, 11270094848|4643, 11270098944|4975, 11270094848|9165, 11270098944|9289, 11270094848|9798, 11270078464|11275, 11270094848|11365, 11270090752|12685, mirabell+gardens, 
11270070272|1, 11270037504|3945, 11270070272|4173, 11270074368|4863, 11270070272|7426, 11270025216|7589, 11269935104|10350, 11270025216|10448, 11270021120|13251, empire+state+building, 
11270012928|1, 11270008832|3545, 11270012928|3655, 11269926912|4500, 11270012928|4761, 11270008832|5635, 11270074368|5854, 11270078464|6334, 11270074368|15279, peking, 
11270049792|1, 11270041600|1564, 11270049792|1750, 11270045696|3188, 11270041600|4102, 11270008832|4779, 11270045696|4960, 11270041600|12681, sydney+harbour, 
11270012928|1, 11270008832|3244, 11269951488|4479, 11269992448|4633, 11269996544|5014, 11269992448|8471, 11269996544|8574, 11269910528|9774, 11269996544|9897, 11269992448|12663, petronas+towers, 
11269971968|1, 11269967872|3402, 11269963776|3567, 11269967872|4750, 11269980160|4944, 11269976064|9758, 11269971968|12662, the+great+wall+of+china, 
11269947392|1, 11269943296|2541, 11269947392|2625, 11269943296|3139, 11269947392|3381, 11269943296|3622, 11269939200|4342, 11269906432|4790, 11269943296|4907, 11269939200|8575, 11269943296|8675, 11269918720|9759, 11269943296|9872, 11269939200|12649, big+ben, 
11269918720|1, 11269910528|3194, 11269906432|3672, 11269910528|4846, 11269906432|5676, 11269881856|6873, 11269857280|6992, 11269824512|10176, 11269857280|10330, 11269853184|13118, empire+state+building, 
11269828608|1, 11269779456|3044, 11269824512|3304, 11269828608|3457, 11269824512|4224, 11269853184|4388, 11269881856|4571, 11269885952|4848, 11269881856|12671, the+great+wall+of+china, 
11269865472|1, 11269861376|2234, 11269865472|2332, 11269857280|3319, 11269861376|4237, 11269820416|4427, 11269865472|4601, 11269869568|5075, 11269865472|12649, mt.+everest, 
11269857280|1, 11269853184|2241, 11269857280|2357, 11269853184|3394, 11269857280|3520, 11269853184|4194, 11269857280|4428, 11269861376|5023, 11269824512|9726, 11269857280|9856, 11269853184|12655, mt.+everest, 
11269840896|1, 11269767168|3027, 11269836800|3384, 11269799936|4493, 11269832704|4655, 11269836800|5037, 11269832704|8429, 11269836800|8540, 11269812224|9793, 11269836800|9916, 11269832704|12600, the+great+wall+of+china, 
11269808128|1, 11269775360|2971, 11269804032|3268, 11269799936|3832, 11269804032|4048, 11269812224|4524, 11269775360|4924, 11269816320|5052, 11269812224|12664, pyeongchang, 
11269791744|1, 11269787648|3331, 11269783552|4144, 11269787648|4966, 11269783552|12669, mt.+everest, 
11269763072|1, 11269758976|2349, 11269763072|2430, 11269693440|3227, 11269758976|3517, 11269754880|4483, 11269758976|4877, 11269726208|9722, 11269734400|9858, 11269758976|10077, 11269754880|12685, burj+khalifa, 
11269746688|1, 11269713920|2986, 11269746688|3209, 11269742592|3695, 11269750784|4334, 11269718016|4475, 11269750784|4641, 11269754880|4893, 11269697536|9701, 11269750784|9851, 11269746688|12639, cape+town, 
11269726208|1, 11269722112|2300, 11269726208|2409, 11269693440|3028, 11269726208|3295, 11269722112|3485, 11269718016|4237, 11269672960|5042, 11269722112|5318, 11269718016|9191, 11269722112|9315, 11269648384|9809, 11269722112|9951, 11269718016|12717, pyongyang, 
11269697536|1, 11269685248|1648, 11269697536|1781, 11269693440|3118, 11269689344|3944, 11269693440|4216, 11269681152|4410, 11269648384|4578, 11269681152|4694, 11269685248|4813, 11269681152|12589, acropolis+of+athens, 
11269668864|1, 11269664768|2220, 11269668864|2348, 11269660672|3455, 11269672960|4267, 11269681152|4467, 11269685248|4923, 11269681152|12677, pyeongchang, 
11269664768|1, 11269652480|1598, 11269664768|1740, 11269660672|2577, 11269664768|2688, 11269660672|3273, 11269656576|4410, 11269660672|4923, 11269656576|9799, 11269652480|12636, taipei+101, 
11269636096|1, 11269582848|3036, 11269636096|3390, 11269640192|4267, 11269644288|4534, 11269648384|4820, 11269640192|8090, 11269636096|10327, 11269632000|13177, wencelas+square+prague, 
11269615616|1, 11269603328|1509, 11269615616|1664, 11269591040|4244, 11269595136|4718, 11269591040|8047, 11269586944|12529, eiffel+tower, 
11269566464|1, 11269562368|3420, 11269529600|4476, 11269566464|4657, 11269570560|4990, 11269566464|12696, acropolis+of+athens, 
11269541888|1, 11269509120|3037, 11269533696|3390, 11269537792|4205, 11269488640|4469, 11269537792|4587, 11269541888|4862, 11269537792|12676, mirabell+gardens, 
11269513216|1, 11269500928|3298, 11269505024|3456, 11269500928|4069, 11269476352|4359, 11269517312|4525, 11269521408|4859, 11269517312|7625, 11269439488|9706, 11269517312|9851, 11269513216|12631, pyongyang, 
11269505024|1, 11269500928|3775, 11269505024|3910, 11269500928|4388, 11269509120|4601, 11269468160|5063, 11269513216|5208, 11269509120|6296, 11269505024|9794, 11269500928|10541, 11269496832|12706, wencelas+square+prague, 
11269484544|1, 11269410816|3087, 11269488640|3320, 11269492736|4837, 11269488640|7120, 11269455872|7241, 11269423104|7356, 11269419008|10335, 11269423104|10434, 11269419008|13089, empire+state+building, 
11269398528|1, 11269365760|3016, 11269394432|3232, 11269398528|3439, 11269390336|4004, 11269394432|4202, 11269459968|4418, 11269464064|5103, 11269459968|12682, cape+town, 
11269451776|1, 11269447680|3163, 11269443584|4138, 11269447680|4488, 11269451776|4862, 11269447680|12575, peking, 
11269431296|1, 11269419008|1625, 11269431296|1771, 11269427200|2497, 11269431296|2591, 11269427200|3275, 11269423104|4141, 11269419008|4475, 11269423104|4876, 11269419008|12675, burj+khalifa, 
11269386240|1, 11269324800|3123, 11269386240|3377, 11269390336|5034, 11269386240|9861, 11269382144|9985, 11269386240|10054, 11269382144|12653, burj+khalifa, 
11269373952|1, 11269369856|2058, 11269373952|2254, 11269324800|3081, 11269373952|3265, 11269365760|4399, 11269369856|4897, 11269337088|5022, 11269369856|5246, 11269345280|9831, 11269365760|9935, 11269369856|10009, 11269365760|12679, pyramids+of+giza, 
11269349376|1, 11269345280|2014, 11269349376|2181, 11269341184|3264, 11269353472|4404, 11269361664|4567, 11269365760|4863, 11269287936|9758, 11269365760|9930, 11269361664|12634, cape+town, 
11269345280|1, 11269341184|1966, 11269345280|2212, 11269296128|3097, 11269341184|3347, 11269337088|4185, 11269304320|4421, 11269337088|4555, 11269341184|4817, 11269337088|12655, toronto+canada, 
11269324800|1, 11269320704|2033, 11269324800|2235, 11269320704|2471, 11269324800|2588, 11269320704|3377, 11269316608|3548, 11269283840|4360, 11269316608|4493, 11269320704|4815, 11269242880|9719, 11269320704|9867, 11269316608|12682, pyeongchang, 
11269300224|1, 11269287936|1637, 11269300224|1777, 11269296128|2022, 11269300224|2249, 11269251072|3151, 11269300224|3498, 11269292032|3640, 11269279744|4339, 11269283840|4854, 11269279744|8022, 11269177344|9796, 11269275648|9947, 11269271552|12668, acropolis+of+athens, 
11269259264|1, 11269255168|2935, 11269181440|3177, 11269259264|3413, 11269255168|3682, 11269275648|4351, 11269242880|4521, 11269275648|4645, 11269279744|4902, 11269275648|12704, toronto+canada, 
11269255168|1, 11269251072|3304, 11269246976|4190, 11269206016|4333, 11269246976|4506, 11269251072|4878, 11269246976|7495, 11269242880|12641, pyeongchang, 
11269226496|1, 11269214208|1586, 11269226496|1719, 11269218304|2754, 11269214208|3477, 11269181440|4671, 11269214208|4846, 11269218304|5093, 11269214208|12663, mt.+everest, 
11269197824|1, 11269193728|2260, 11269197824|2425, 11269193728|3311, 11269185536|4308, 11269181440|4444, 11269185536|4922, 11269136384|5064, 11269185536|5202, 11269136384|9683, 11269181440|9843, 11269185536|9924, 11269181440|12596, colosseum+rome, 
11269160960|1, 11269156864|1996, 11269160960|2230, 11269111808|3122, 11269160960|3432, 11269156864|4163, 11269160960|4810, 11269156864|9797, 11269152768|12665, eiffel+tower, 
11269136384|1, 11269132288|2596, 11269136384|2732, 11269111808|4433, 11269156864|4642, 11269160960|4861, 11269156864|12585, toronto+canada, 
11269136384|1, 11269132288|4441, 11269128192|5341, 11269132288|6157, 11269087232|7969, 11269050368|12394, 11269087232|12480, 11269083136|14314, sydney+harbour, 
11269062656|1, 11269058560|3346, 11269054464|4291, 11269042176|4500, 11269046272|4870, 11269013504|4998, 11269046272|5129, 11269042176|12630, colosseum+rome, 
11269033984|1, 11269029888|2695, 11269025792|3416, 11269029888|4609, 11268997120|4894, 11269033984|5075, 11269025792|8333, 11269021696|12711, colosseum+rome, 
11269001216|1, 11268997120|3998, 11269001216|4284, 11268960256|4416, 11269001216|4550, 11269005312|4826, 11269001216|9805, 11268997120|12730, pyramids+of+giza, 
11268972544|1, 11268907008|3038, 11268972544|3280, 11268968448|3500, 11268964352|4208, 11268972544|4411, 11268976640|4785, 11268972544|9092, 11268976640|9190, 11268972544|12656, acropolis+of+athens, 
11268956160|1, 11268923392|2982, 11268943872|3318, 11268947968|3441, 11268952064|4195, 11268911104|4449, 11268947968|4619, 11268952064|4837, 11268947968|8423, 11268923392|9789, 11268947968|9922, 11268943872|12624, eiffel+tower, 
11268923392|1, 11268919296|2040, 11268923392|2163, 11268915200|3302, 11268919296|3665, 11268886528|4599, 11268919296|4716, 11268923392|4937, 11268837376|9775, 11268923392|9912, 11268919296|12725, eiffel+tower, 
11268894720|1, 11268890624|2140, 11268894720|2299, 11268845568|3084, 11268890624|3398, 11268886528|3824, 11268866048|4284, 11268907008|4420, 11268911104|5013, 11268907008|12742, taipei+101, 
11268886528|1, 11268874240|4290, 11268841472|4468, 11268874240|4631, 11268878336|4929, 11268874240|9818, 11268870144|12666, pyramids+of+giza, 
11268853760|1, 11268849664|3488, 11268853760|4347, 11268857856|4933, 11268861952|10071, 11268857856|12743, pyramids+of+giza, 
11268845568|1, 11268841472|2075, 11268845568|2373, 11268841472|2886, 11268845568|2976, 11268837376|3225, 11268849664|4302, 11268825088|4537, 11268857856|4803, 11268861952|4976, 11268775936|9690, 11268857856|9802, 11268861952|9888, 11268857856|12618, pyongyang, 
11268849664|1, 11268755456|3286, 11268845568|3614, 11268841472|4088, 11268837376|4249, 11268841472|5193, 11268837376|7942, 11268833280|12705, burj+khalifa, 
11268816896|1, 11268812800|2026, 11268816896|2283, 11268812800|3312, 11268808704|3461, 11268804608|4209, 11268800512|4478, 11268804608|4906, 11268796416|8296, 11268792320|12741, mirabell+gardens, 
11268780032|1, 11268775936|2017, 11268780032|2250, 11268706304|3183, 11268780032|3393, 11268775936|4255, 11268792320|4393, 11268796416|4842, 11268722688|9752, 11268792320|9871, 11268788224|12643, taipei+101, 
11268763648|1, 11268554752|3671, 11268755456|3843, 11268751360|4231, 11268743168|4361, 11268710400|4500, 11268743168|4694, 11268747264|4828, 11268743168|7939, 11268739072|12681, pyramids+of+giza, 
11268726784|1, 11268689920|3045, 11268718592|3376, 11268722688|4346, 11268694016|4990, 11268726784|5238, 11268722688|8423, 11268726784|8512, 11268763648|9940, 11268759552|12611, petronas+towers, 
11268747264|1, 11268743168|3178, 11268739072|4220, 11268743168|4431, 11268747264|4891, 11268743168|12670, mirabell+gardens, 
11268726784|1, 11268722688|2539, 11268726784|2622, 11268722688|2834, 11268726784|2948, 11268722688|3532, 11268730880|4674, 11268739072|4832, 11268743168|5256, 11268739072|10074, 11268734976|10174, 11268739072|10251, 11268734976|12914, taipei+101, 
11268722688|1, 11268718592|2223, 11268722688|2344, 11268689920|3089, 11268718592|3426, 11268706304|4456, 11268710400|4787, 11268706304|12623, mirabell+gardens, 
11268685824|1, 11268681728|2089, 11268685824|2248, 11268681728|3179, 11268677632|3403, 11268640768|4279, 11268681728|4421, 11268685824|4824, 11268653056|9699, 11268685824|9869, 11268681728|12741, acropolis+of+athens, 
11268673536|1, 11268669440|3298, 11268665344|3446, 11268681728|4472, 11268648960|4835, 11268685824|5031, 11268681728|12678, taipei+101, 
11268665344|1, 11268661248|2502, 11268657152|3229, 11268653056|4058, 11268644864|4493, 11268648960|4884, 11268644864|8034, 11268640768|12689, pyramids+of+giza, 
11268624384|1, 11268620288|3373, 11268632576|4359, 11268640768|4467, 11268644864|5013, 11268640768|9823, 11268636672|12678, toronto+canada, 
11268624384|1, 11268579328|3156, 11268624384|3447, 11268620288|4348, 11268587520|4534, 11268620288|4680, 11268624384|4964, 11268620288|7884, 11268616192|12657, taipei+101, 
11268591616|1, 11268579328|6952, 11268591616|7063, 11268534272|8392, 11268587520|8678, 11268591616|10206, 11268587520|17944, mt.+everest, 
11268571136|1, 11268481024|3023, 11268567040|3268, 11268517888|4291, 11268554752|4416, 11268509696|4891, 11268558848|5035, 11268554752|12701, petronas+towers, 
11268542464|1, 11268538368|3257, 11268534272|4309, 11268538368|4496, 11268542464|4914, 11268538368|12673, mirabell+gardens, 
11268521984|1, 11268517888|2222, 11268521984|2348, 11268517888|3327, 11268530176|4182, 11268534272|4409, 11268538368|4991, 11268505600|9726, 11268534272|9874, 11268530176|12711, mt.+everest, 
11268509696|1, 11268505600|2223, 11268509696|2328, 11268472832|4496, 11268513792|4641, 11268517888|4911, 11268481024|11299, 11268517888|11380, 11268513792|12669, toronto+canada, 
11268493312|1, 11268489216|2516, 11268493312|2619, 11268489216|2948, 11268493312|3053, 11268489216|3423, 11268485120|4163, 11268489216|4877, 11268485120|12755, cape+town, 
11268472832|1, 11268468736|2105, 11268472832|2287, 11268440064|3217, 11268468736|3430, 11268472832|4226, 11268435968|4462, 11268472832|4616, 11268444160|5045, 11268476928|5194, 11268444160|9766, 11268476928|9973, 11268472832|12739, mt.+everest, 
11268448256|1, 11268444160|3101, 11268431872|3358, 11268427776|3896, 11268378624|4223, 11268427776|4360, 11268431872|4757, 11268427776|6988, 11268337664|9667, 11268427776|9777, 11268423680|12570, toronto+canada, 
11268403200|1, 11268399104|2550, 11268403200|2647, 11268407296|4853, 11268403200|9827, 11268399104|12605, mt.+everest, 
11268382720|1, 11268378624|2900, 11268304896|3129, 11268382720|3434, 11268378624|3546, 11268366336|4391, 11268370432|4917, 11268337664|10108, 11268370432|10259, 11268366336|13038, petronas+towers, 
11268349952|1, 11268345856|2945, 11268317184|3094, 11268345856|3524, 11268317184|4425, 11268358144|4591, 11268362240|4942, 11268325376|9700, 11268362240|9858, 11268358144|12675, sydney+harbour, 
11268354048|1, 11268349952|2071, 11268354048|2308, 11268349952|3223, 11268345856|4143, 11268349952|4566, 11268354048|4837, 11268321280|4980, 11268354048|5126, 11268349952|12711, sydney+harbour, 
11268337664|1, 11268304896|3003, 11268333568|3437, 11268329472|4233, 11268333568|4501, 11268337664|4675, 11268304896|4791, 11268341760|4968, 11268337664|12649, toronto+canada, 
11268317184|1, 11268284416|3109, 11268317184|3370, 11268313088|4160, 11268317184|4428, 11268313088|4558, 11268317184|4941, 11268313088|9837, 11268308992|12669, toronto+canada, 
11268288512|1, 11268255744|2996, 11268284416|3333, 11268288512|3521, 11268255744|4696, 11268292608|4834, 11268288512|12571, sydney+harbour, 
11268276224|1, 11268272128|2975, 11268276224|4463, 11268280320|4887, 11268247552|9686, 11268280320|9838, 11268276224|12647, sydney+harbour, 
11268259840|1, 11268255744|2083, 11268259840|2314, 11268255744|2938, 11268227072|3065, 11268251648|3447, 11268247552|4280, 11268251648|4938, 11268231168|9763, 11268251648|9879, 11268247552|12604, sydney+harbour, 
